195.80726 |  64.21276 |  1.400E+09 |  1.000E+00 |  1.596E-17 |  1.540E-18 |   55000.00 |   55000.00 |   |
195.80726 |  64.21276 |  2.418E+17 |  1.000E+00 |  2.341E-14 |  1.202E-14 |   58067.30 |   58067.30 |   |
195.80726 |  64.21276 |  7.253E+17 |  1.000E+00 |  4.607E-14 |  1.560E-14 |   55000.00 |   55000.00 |   |
195.80726 |  64.21276 |  1.209E+17 |  1.000E+00 |  2.064E-14 |  1.067E-14 |   58067.30 |   58067.30 |   |
195.80726 |  64.21276 |  3.627E+17 |  1.000E+00 |  2.619E-14 |  1.338E-14 |   58067.30 |   58067.30 |   |
195.80726 |  64.21276 |  7.253E+17 |  1.000E+00 |  3.084E-14 |  9.740E-15 |   58067.30 |   58067.30 |   |
195.80726 |  64.21276 |  1.088E+18 |  1.000E+00 |  3.559E-14 |  2.160E-14 |   58067.30 |   58067.30 |   |
195.80726 |  64.21276 |  1.209E+17 |  1.000E+00 |  3.116E-14 |  1.905E-14 |   55000.00 |   55000.00 |   |
195.80726 |  64.21276 |  3.627E+17 |  1.000E+00 |  3.457E-14 |  1.836E-14 |   55000.00 |   55000.00 |   |
195.80726 |  64.21276 |  1.088E+18 |  1.000E+00 |  4.277E-14 |  2.994E-14 |   55000.00 |   55000.00 |   |
195.80726 |  64.21276 |  1.400E+09 |  1.000E+00 |  3.920E-17 |  5.600E-18 |   55000.00 |   55000.00 |   |
195.80726 |  64.21276 |  8.817E+13 |  1.000E+00 |  4.235E-13 |  1.015E-14 |   55000.00 |   55000.00 |   |
195.80726 |  64.21276 |  6.517E+13 |  1.000E+00 |  5.305E-13 |  1.365E-14 |   55000.00 |   55000.00 |   |
195.80726 |  64.21276 |  2.498E+13 |  1.000E+00 |  5.823E-13 |  2.950E-14 |   55000.00 |   55000.00 |   |
195.80726 |  64.21276 |  1.363E+13 |  1.000E+00 |  8.241E-13 |  1.088E-13 |   55000.00 |   55000.00 |   |
195.80726 |  64.21276 |  8.817E+13 |  1.000E+00 |  4.026E-13 |  2.635E-14 |   55330.49 |   55330.49 |   |
195.80726 |  64.21276 |  6.517E+13 |  1.000E+00 |  4.780E-13 |  3.790E-14 |   55330.49 |   55330.49 |   |
195.80726 |  64.21276 |  2.498E+13 |  1.000E+00 |  5.586E-13 |  1.077E-13 |   55330.49 |   55330.49 |   |
195.80726 |  64.21276 |  1.363E+13 |  1.000E+00 |  1.121E-12 |  3.751E-13 |   55330.49 |   55330.49 |   |
195.80726 |  64.21276 |  8.817E+13 |  1.000E+00 |  3.830E-13 |  2.645E-14 |   55330.56 |   55330.56 |   |
195.80726 |  64.21276 |  6.517E+13 |  1.000E+00 |  5.174E-13 |  3.530E-14 |   55330.56 |   55330.56 |   |
195.80726 |  64.21276 |  8.817E+13 |  1.000E+00 |  4.302E-13 |  2.535E-14 |   55330.62 |   55330.62 |   |
195.80726 |  64.21276 |  6.517E+13 |  1.000E+00 |  5.689E-13 |  3.880E-14 |   55330.62 |   55330.62 |   |
195.80726 |  64.21276 |  2.498E+13 |  1.000E+00 |  6.326E-13 |  9.595E-14 |   55330.62 |   55330.62 |   |
195.80726 |  64.21276 |  1.363E+13 |  1.000E+00 |  1.048E-12 |  3.674E-13 |   55330.62 |   55330.62 |   |
195.80726 |  64.21276 |  8.817E+13 |  1.000E+00 |  5.017E-13 |  2.590E-14 |   55330.69 |   55330.69 |   |
195.80726 |  64.21276 |  6.517E+13 |  1.000E+00 |  5.344E-13 |  4.290E-14 |   55330.69 |   55330.69 |   |
195.80726 |  64.21276 |  2.498E+13 |  1.000E+00 |  7.263E-13 |  1.217E-13 |   55330.69 |   55330.69 |   |
195.80726 |  64.21276 |  1.363E+13 |  1.000E+00 |  1.375E-12 |  0.000E+00 |   55330.69 |   55330.69 | UL|
195.80726 |  64.21276 |  8.817E+13 |  1.000E+00 |  4.584E-13 |  2.620E-14 |   55330.76 |   55330.76 |   |
195.80726 |  64.21276 |  6.517E+13 |  1.000E+00 |  5.334E-13 |  3.635E-14 |   55330.76 |   55330.76 |   |
195.80726 |  64.21276 |  2.498E+13 |  1.000E+00 |  3.311E-13 |  9.740E-14 |   55330.76 |   55330.76 |   |
195.80726 |  64.21276 |  1.363E+13 |  1.000E+00 |  7.928E-13 |  3.771E-13 |   55330.76 |   55330.76 |   |
195.80726 |  64.21276 |  8.817E+13 |  1.000E+00 |  4.282E-13 |  2.725E-14 |   55330.82 |   55330.82 |   |
195.80726 |  64.21276 |  6.517E+13 |  1.000E+00 |  5.627E-13 |  4.150E-14 |   55330.82 |   55330.82 |   |
195.80726 |  64.21276 |  2.498E+13 |  1.000E+00 |  6.962E-13 |  1.049E-13 |   55330.82 |   55330.82 |   |
195.80726 |  64.21276 |  1.363E+13 |  1.000E+00 |  1.375E-12 |  0.000E+00 |   55330.82 |   55330.82 | UL|
195.80726 |  64.21276 |  8.817E+13 |  1.000E+00 |  4.235E-13 |  2.770E-14 |   55330.89 |   55330.89 |   |
195.80726 |  64.21276 |  6.517E+13 |  1.000E+00 |  5.504E-13 |  4.160E-14 |   55330.89 |   55330.89 |   |
195.80726 |  64.21276 |  2.498E+13 |  1.000E+00 |  8.263E-13 |  1.168E-13 |   55330.89 |   55330.89 |   |
195.80726 |  64.21276 |  1.363E+13 |  1.000E+00 |  9.349E-13 |  4.509E-13 |   55330.89 |   55330.89 |   |
195.80726 |  64.21276 |  8.817E+13 |  1.000E+00 |  4.041E-13 |  2.870E-14 |   55331.02 |   55331.02 |   |
195.80726 |  64.21276 |  6.517E+13 |  1.000E+00 |  5.611E-13 |  3.670E-14 |   55331.02 |   55331.02 |   |
195.80726 |  64.21276 |  2.498E+13 |  1.000E+00 |  4.884E-13 |  9.550E-14 |   55331.02 |   55331.02 |   |
195.80726 |  64.21276 |  1.363E+13 |  1.000E+00 |  1.097E-12 |  0.000E+00 |   55331.02 |   55331.02 | UL|
195.80726 |  64.21276 |  8.817E+13 |  1.000E+00 |  4.223E-13 |  2.805E-14 |   55331.09 |   55331.09 |   |
195.80726 |  64.21276 |  6.517E+13 |  1.000E+00 |  5.184E-13 |  4.205E-14 |   55331.09 |   55331.09 |   |
195.80726 |  64.21276 |  2.498E+13 |  1.000E+00 |  5.243E-13 |  9.855E-14 |   55331.09 |   55331.09 |   |
195.80726 |  64.21276 |  1.363E+13 |  1.000E+00 |  8.401E-13 |  3.835E-13 |   55331.09 |   55331.09 |   |
195.80726 |  64.21276 |  8.817E+13 |  1.000E+00 |  4.350E-13 |  2.645E-14 |   55331.22 |   55331.22 |   |
195.80726 |  64.21276 |  6.517E+13 |  1.000E+00 |  5.544E-13 |  3.525E-14 |   55331.22 |   55331.22 |   |
195.80726 |  64.21276 |  2.498E+13 |  1.000E+00 |  3.872E-13 |  9.765E-14 |   55331.22 |   55331.22 |   |
195.80726 |  64.21276 |  1.363E+13 |  1.000E+00 |  1.455E-12 |  0.000E+00 |   55331.22 |   55331.22 | UL|
195.80726 |  64.21276 |  8.817E+13 |  1.000E+00 |  4.800E-13 |  3.760E-14 |   55331.36 |   55331.36 |   |
195.80726 |  64.21276 |  6.517E+13 |  1.000E+00 |  4.732E-13 |  3.705E-14 |   55331.36 |   55331.36 |   |
195.80726 |  64.21276 |  2.498E+13 |  1.000E+00 |  7.433E-13 |  1.002E-13 |   55331.36 |   55331.36 |   |
195.80726 |  64.21276 |  1.363E+13 |  1.000E+00 |  1.306E-12 |  3.666E-13 |   55331.36 |   55331.36 |   |
195.80726 |  64.21276 |  8.817E+13 |  1.000E+00 |  4.089E-13 |  2.640E-14 |   55331.48 |   55331.48 |   |
195.80726 |  64.21276 |  6.517E+13 |  1.000E+00 |  4.758E-13 |  3.555E-14 |   55331.48 |   55331.48 |   |
195.80726 |  64.21276 |  2.498E+13 |  1.000E+00 |  3.780E-13 |  9.140E-14 |   55331.48 |   55331.48 |   |
195.80726 |  64.21276 |  1.363E+13 |  1.000E+00 |  1.170E-12 |  0.000E+00 |   55331.48 |   55331.48 | UL|
195.80726 |  64.21276 |  8.817E+13 |  1.000E+00 |  4.386E-13 |  2.745E-14 |   55337.24 |   55337.24 |   |
195.80726 |  64.21276 |  6.517E+13 |  1.000E+00 |  5.285E-13 |  3.605E-14 |   55337.24 |   55337.24 |   |
195.80726 |  64.21276 |  2.498E+13 |  1.000E+00 |  5.360E-13 |  9.575E-14 |   55337.24 |   55337.24 |   |
195.80726 |  64.21276 |  1.363E+13 |  1.000E+00 |  9.136E-13 |  4.338E-13 |   55337.24 |   55337.24 |   |
195.80726 |  64.21276 |  8.817E+13 |  1.000E+00 |  3.716E-13 |  2.805E-14 |   55337.31 |   55337.31 |   |
195.80726 |  64.21276 |  6.517E+13 |  1.000E+00 |  5.319E-13 |  3.580E-14 |   55337.31 |   55337.31 |   |
195.80726 |  64.21276 |  2.498E+13 |  1.000E+00 |  7.761E-13 |  1.162E-13 |   55337.31 |   55337.31 |   |
195.80726 |  64.21276 |  1.363E+13 |  1.000E+00 |  1.652E-12 |  0.000E+00 |   55337.31 |   55337.31 | UL|
195.80726 |  64.21276 |  8.817E+13 |  1.000E+00 |  4.212E-13 |  2.875E-14 |   55520.27 |   55520.27 |   |
195.80726 |  64.21276 |  6.517E+13 |  1.000E+00 |  5.334E-13 |  3.835E-14 |   55520.27 |   55520.27 |   |
195.80726 |  64.21276 |  8.817E+13 |  1.000E+00 |  4.402E-13 |  2.960E-14 |   55520.40 |   55520.40 |   |
195.80726 |  64.21276 |  6.517E+13 |  1.000E+00 |  5.673E-13 |  3.715E-14 |   55520.40 |   55520.40 |   |
195.80726 |  64.21276 |  8.817E+13 |  1.000E+00 |  3.572E-13 |  2.700E-14 |   55337.31 |   55337.31 |   |
195.80726 |  64.21276 |  6.517E+13 |  1.000E+00 |  5.314E-13 |  3.425E-14 |   55337.31 |   55337.31 |   |
195.80726 |  64.21276 |  2.498E+13 |  1.000E+00 |  7.620E-13 |  1.191E-13 |   55337.31 |   55337.31 |   |
195.80726 |  64.21276 |  1.363E+13 |  1.000E+00 |  1.542E-12 |  0.000E+00 |   55337.31 |   55337.31 | UL|
195.80726 |  64.21276 |  8.817E+13 |  1.000E+00 |  5.895E-14 |  0.000E+00 |   55520.27 |   55520.27 | UL|
195.80726 |  64.21276 |  6.517E+13 |  1.000E+00 |  8.007E-14 |  0.000E+00 |   55520.27 |   55520.27 | UL|
195.80726 |  64.21276 |  8.817E+13 |  1.000E+00 |  6.571E-14 |  0.000E+00 |   55520.40 |   55520.40 | UL|
195.80726 |  64.21276 |  6.517E+13 |  1.000E+00 |  8.909E-14 |  0.000E+00 |   55520.40 |   55520.40 | UL|
195.80726 |  64.21276 |  8.817E+13 |  1.000E+00 |  8.783E-14 |  0.000E+00 |   55520.40 |   55520.40 | UL|
195.80726 |  64.21276 |  6.517E+13 |  1.000E+00 |  7.583E-14 |  0.000E+00 |   55520.40 |   55520.40 | UL|
195.80726 |  64.21276 |  8.817E+13 |  1.000E+00 |  5.734E-14 |  0.000E+00 |   55520.53 |   55520.53 | UL|
195.80726 |  64.21276 |  6.517E+13 |  1.000E+00 |  9.778E-14 |  0.000E+00 |   55520.53 |   55520.53 | UL|
195.80726 |  64.21276 |  8.817E+13 |  1.000E+00 |  3.672E-13 |  2.535E-14 |   55520.66 |   55520.66 |   |
195.80726 |  64.21276 |  6.517E+13 |  1.000E+00 |  5.684E-13 |  3.615E-14 |   55520.66 |   55520.66 |   |
195.80726 |  64.21276 |  8.817E+13 |  1.000E+00 |  5.593E-14 |  0.000E+00 |   55520.73 |   55520.73 | UL|
195.80726 |  64.21276 |  6.517E+13 |  1.000E+00 |  9.706E-14 |  0.000E+00 |   55520.73 |   55520.73 | UL|
195.80726 |  64.21276 |  8.817E+13 |  1.000E+00 |  3.743E-13 |  2.520E-14 |   55520.80 |   55520.80 |   |
195.80726 |  64.21276 |  6.517E+13 |  1.000E+00 |  4.946E-13 |  3.970E-14 |   55520.80 |   55520.80 |   |
195.80726 |  64.21276 |  8.817E+13 |  1.000E+00 |  5.708E-14 |  0.000E+00 |   55520.86 |   55520.86 | UL|
195.80726 |  64.21276 |  6.517E+13 |  1.000E+00 |  8.415E-14 |  0.000E+00 |   55520.86 |   55520.86 | UL|
195.80726 |  64.21276 |  8.817E+13 |  1.000E+00 |  5.629E-14 |  0.000E+00 |   55520.93 |   55520.93 | UL|
195.80726 |  64.21276 |  6.517E+13 |  1.000E+00 |  7.493E-14 |  0.000E+00 |   55520.93 |   55520.93 | UL|
195.80726 |  64.21276 |  8.817E+13 |  1.000E+00 |  4.635E-13 |  2.645E-14 |   55521.00 |   55521.00 |   |
195.80726 |  64.21276 |  6.517E+13 |  1.000E+00 |  5.246E-13 |  3.575E-14 |   55521.00 |   55521.00 |   |
195.80726 |  64.21276 |  8.817E+13 |  1.000E+00 |  4.322E-13 |  2.745E-14 |   55521.06 |   55521.06 |   |
195.80726 |  64.21276 |  6.517E+13 |  1.000E+00 |  5.473E-13 |  3.635E-14 |   55521.06 |   55521.06 |   |
195.80726 |  64.21276 |  8.817E+13 |  1.000E+00 |  4.282E-13 |  2.645E-14 |   55521.26 |   55521.26 |   |
195.80726 |  64.21276 |  6.517E+13 |  1.000E+00 |  5.305E-13 |  3.620E-14 |   55521.26 |   55521.26 |   |
195.80726 |  64.21276 |  8.817E+13 |  1.000E+00 |  7.657E-14 |  0.000E+00 |   55521.32 |   55521.32 | UL|
195.80726 |  64.21276 |  6.517E+13 |  1.000E+00 |  1.011E-13 |  0.000E+00 |   55521.32 |   55521.32 | UL|
195.80726 |  64.21276 |  8.817E+13 |  1.000E+00 |  4.142E-13 |  2.670E-14 |   55521.32 |   55521.32 |   |
195.80726 |  64.21276 |  6.517E+13 |  1.000E+00 |  5.418E-13 |  3.495E-14 |   55521.32 |   55521.32 |   |
195.80726 |  64.21276 |  8.817E+13 |  1.000E+00 |  4.610E-13 |  2.630E-14 |   55521.39 |   55521.39 |   |
195.80726 |  64.21276 |  6.517E+13 |  1.000E+00 |  4.599E-13 |  3.520E-14 |   55521.39 |   55521.39 |   |
195.80726 |  64.21276 |  8.817E+13 |  1.000E+00 |  4.717E-13 |  2.610E-14 |   55521.59 |   55521.59 |   |
195.80726 |  64.21276 |  6.517E+13 |  1.000E+00 |  4.308E-13 |  4.370E-14 |   55521.59 |   55521.59 |   |
195.80726 |  64.21276 |  8.817E+13 |  1.000E+00 |  4.181E-13 |  3.665E-14 |   55521.32 |   55521.32 |   |
195.80726 |  64.21276 |  6.517E+13 |  1.000E+00 |  5.616E-13 |  3.780E-14 |   55521.32 |   55521.32 |   |
195.80726 |  64.21276 |  8.817E+13 |  1.000E+00 |  4.243E-13 |  2.855E-14 |   55521.32 |   55521.32 |   |
195.80726 |  64.21276 |  6.517E+13 |  1.000E+00 |  5.473E-13 |  3.730E-14 |   55521.32 |   55521.32 |   |
195.80726 |  64.21276 |  8.817E+13 |  1.000E+00 |  4.555E-13 |  2.770E-14 |   55521.39 |   55521.39 |   |
195.80726 |  64.21276 |  6.517E+13 |  1.000E+00 |  4.646E-13 |  3.725E-14 |   55521.39 |   55521.39 |   |
195.80726 |  64.21276 |  8.817E+13 |  1.000E+00 |  4.813E-13 |  2.750E-14 |   55521.59 |   55521.59 |   |
195.80726 |  64.21276 |  6.517E+13 |  1.000E+00 |  4.424E-13 |  4.615E-14 |   55521.59 |   55521.59 |   |
195.80726 |  64.21276 |  8.817E+13 |  1.000E+00 |  3.778E-13 |  2.855E-14 |   55521.66 |   55521.66 |   |
195.80726 |  64.21276 |  6.517E+13 |  1.000E+00 |  5.774E-13 |  3.885E-14 |   55521.66 |   55521.66 |   |
195.80726 |  64.21276 |  8.817E+13 |  1.000E+00 |  4.362E-13 |  2.690E-14 |   55521.79 |   55521.79 |   |
195.80726 |  64.21276 |  6.517E+13 |  1.000E+00 |  5.275E-13 |  3.745E-14 |   55521.79 |   55521.79 |   |
195.80726 |  64.21276 |  8.817E+13 |  1.000E+00 |  4.219E-13 |  2.915E-14 |   55521.92 |   55521.92 |   |
195.80726 |  64.21276 |  6.517E+13 |  1.000E+00 |  5.752E-13 |  4.295E-14 |   55521.92 |   55521.92 |   |
195.80726 |  64.21276 |  8.817E+13 |  1.000E+00 |  3.880E-13 |  2.645E-14 |   55522.05 |   55522.05 |   |
195.80726 |  64.21276 |  6.517E+13 |  1.000E+00 |  5.285E-13 |  3.455E-14 |   55522.05 |   55522.05 |   |
195.80726 |  64.21276 |  8.817E+13 |  1.000E+00 |  4.000E-13 |  2.800E-14 |   55528.73 |   55528.73 |   |
195.80726 |  64.21276 |  6.517E+13 |  1.000E+00 |  5.398E-13 |  3.635E-14 |   55528.73 |   55528.73 |   |
195.80726 |  64.21276 |  8.817E+13 |  1.000E+00 |  4.219E-13 |  4.325E-14 |   55520.40 |   55520.40 |   |
195.80726 |  64.21276 |  6.517E+13 |  1.000E+00 |  5.324E-13 |  3.580E-14 |   55520.40 |   55520.40 |   |
195.80726 |  64.21276 |  8.817E+13 |  1.000E+00 |  4.496E-13 |  2.735E-14 |   55520.53 |   55520.53 |   |
195.80726 |  64.21276 |  6.517E+13 |  1.000E+00 |  4.561E-13 |  4.125E-14 |   55520.53 |   55520.53 |   |
195.80726 |  64.21276 |  8.817E+13 |  1.000E+00 |  3.774E-13 |  2.605E-14 |   55520.66 |   55520.66 |   |
195.80726 |  64.21276 |  6.517E+13 |  1.000E+00 |  5.731E-13 |  3.755E-14 |   55520.66 |   55520.66 |   |
195.80726 |  64.21276 |  8.817E+13 |  1.000E+00 |  3.757E-13 |  2.740E-14 |   55520.73 |   55520.73 |   |
195.80726 |  64.21276 |  6.517E+13 |  1.000E+00 |  5.368E-13 |  3.960E-14 |   55520.73 |   55520.73 |   |
195.80726 |  64.21276 |  8.817E+13 |  1.000E+00 |  3.588E-13 |  2.645E-14 |   55520.80 |   55520.80 |   |
195.80726 |  64.21276 |  6.517E+13 |  1.000E+00 |  5.080E-13 |  4.075E-14 |   55520.80 |   55520.80 |   |
195.80726 |  64.21276 |  8.817E+13 |  1.000E+00 |  3.978E-13 |  2.750E-14 |   55520.86 |   55520.86 |   |
195.80726 |  64.21276 |  6.517E+13 |  1.000E+00 |  4.865E-13 |  3.590E-14 |   55520.86 |   55520.86 |   |
195.80726 |  64.21276 |  8.817E+13 |  1.000E+00 |  3.503E-13 |  2.745E-14 |   55520.93 |   55520.93 |   |
195.80726 |  64.21276 |  6.517E+13 |  1.000E+00 |  5.103E-13 |  3.665E-14 |   55520.93 |   55520.93 |   |
195.80726 |  64.21276 |  8.817E+13 |  1.000E+00 |  4.840E-13 |  2.810E-14 |   55521.00 |   55521.00 |   |
195.80726 |  64.21276 |  6.517E+13 |  1.000E+00 |  5.295E-13 |  3.855E-14 |   55521.00 |   55521.00 |   |
195.80726 |  64.21276 |  8.817E+13 |  1.000E+00 |  4.346E-13 |  2.840E-14 |   55521.06 |   55521.06 |   |
195.80726 |  64.21276 |  6.517E+13 |  1.000E+00 |  5.549E-13 |  3.835E-14 |   55521.06 |   55521.06 |   |
195.80726 |  64.21276 |  8.817E+13 |  1.000E+00 |  4.509E-13 |  2.740E-14 |   55521.26 |   55521.26 |   |
195.80726 |  64.21276 |  6.517E+13 |  1.000E+00 |  5.388E-13 |  3.725E-14 |   55521.26 |   55521.26 |   |
195.80726 |  64.21276 |  8.817E+13 |  1.000E+00 |  4.550E-13 |  2.515E-14 |   55330.69 |   55330.69 |   |
195.80726 |  64.21276 |  6.517E+13 |  1.000E+00 |  5.237E-13 |  3.620E-14 |   55330.69 |   55330.69 |   |
195.80726 |  64.21276 |  2.498E+13 |  1.000E+00 |  6.474E-13 |  1.066E-13 |   55330.69 |   55330.69 |   |
195.80726 |  64.21276 |  1.363E+13 |  1.000E+00 |  1.973E-12 |  0.000E+00 |   55330.69 |   55330.69 | UL|
195.80726 |  64.21276 |  8.817E+13 |  1.000E+00 |  4.752E-13 |  2.540E-14 |   55330.76 |   55330.76 |   |
195.80726 |  64.21276 |  6.517E+13 |  1.000E+00 |  5.208E-13 |  3.550E-14 |   55330.76 |   55330.76 |   |
195.80726 |  64.21276 |  2.498E+13 |  1.000E+00 |  2.868E-13 |  1.087E-13 |   55330.76 |   55330.76 |   |
195.80726 |  64.21276 |  1.363E+13 |  1.000E+00 |  1.376E-12 |  0.000E+00 |   55330.76 |   55330.76 | UL|
195.80726 |  64.21276 |  8.817E+13 |  1.000E+00 |  5.803E-14 |  0.000E+00 |   55330.82 |   55330.82 | UL|
195.80726 |  64.21276 |  6.517E+13 |  1.000E+00 |  7.383E-14 |  0.000E+00 |   55330.82 |   55330.82 | UL|
195.80726 |  64.21276 |  2.498E+13 |  1.000E+00 |  2.189E-13 |  0.000E+00 |   55330.82 |   55330.82 | UL|
195.80726 |  64.21276 |  1.363E+13 |  1.000E+00 |  8.830E-13 |  0.000E+00 |   55330.82 |   55330.82 | UL|
195.80726 |  64.21276 |  8.817E+13 |  1.000E+00 |  4.074E-13 |  2.705E-14 |   55330.89 |   55330.89 |   |
195.80726 |  64.21276 |  6.517E+13 |  1.000E+00 |  5.488E-13 |  3.945E-14 |   55330.89 |   55330.89 |   |
195.80726 |  64.21276 |  2.498E+13 |  1.000E+00 |  8.271E-13 |  1.185E-13 |   55330.89 |   55330.89 |   |
195.80726 |  64.21276 |  1.363E+13 |  1.000E+00 |  1.505E-12 |  0.000E+00 |   55330.89 |   55330.89 | UL|
195.80726 |  64.21276 |  8.817E+13 |  1.000E+00 |  4.162E-13 |  2.760E-14 |   55331.02 |   55331.02 |   |
195.80726 |  64.21276 |  6.517E+13 |  1.000E+00 |  5.647E-13 |  3.645E-14 |   55331.02 |   55331.02 |   |
195.80726 |  64.21276 |  2.498E+13 |  1.000E+00 |  5.276E-13 |  9.825E-14 |   55331.02 |   55331.02 |   |
195.80726 |  64.21276 |  1.363E+13 |  1.000E+00 |  1.166E-12 |  0.000E+00 |   55331.02 |   55331.02 | UL|
195.80726 |  64.21276 |  8.817E+13 |  1.000E+00 |  6.178E-14 |  0.000E+00 |   55331.09 |   55331.09 | UL|
195.80726 |  64.21276 |  6.517E+13 |  1.000E+00 |  8.828E-14 |  0.000E+00 |   55331.09 |   55331.09 | UL|
195.80726 |  64.21276 |  2.498E+13 |  1.000E+00 |  2.047E-13 |  0.000E+00 |   55331.09 |   55331.09 | UL|
195.80726 |  64.21276 |  1.363E+13 |  1.000E+00 |  1.258E-12 |  0.000E+00 |   55331.09 |   55331.09 | UL|
195.80726 |  64.21276 |  8.817E+13 |  1.000E+00 |  5.361E-14 |  0.000E+00 |   55329.70 |   55329.70 | UL|
195.80726 |  64.21276 |  6.517E+13 |  1.000E+00 |  1.111E-13 |  0.000E+00 |   55329.70 |   55329.70 | UL|
195.80726 |  64.21276 |  2.498E+13 |  1.000E+00 |  1.980E-13 |  0.000E+00 |   55329.70 |   55329.70 | UL|
195.80726 |  64.21276 |  1.363E+13 |  1.000E+00 |  1.513E-12 |  0.000E+00 |   55329.70 |   55329.70 | UL|
195.80726 |  64.21276 |  8.817E+13 |  1.000E+00 |  1.238E-13 |  0.000E+00 |   55329.83 |   55329.83 | UL|
195.80726 |  64.21276 |  6.517E+13 |  1.000E+00 |  7.569E-14 |  0.000E+00 |   55329.83 |   55329.83 | UL|
195.80726 |  64.21276 |  2.498E+13 |  1.000E+00 |  2.932E-13 |  0.000E+00 |   55329.83 |   55329.83 | UL|
195.80726 |  64.21276 |  1.363E+13 |  1.000E+00 |  1.312E-12 |  0.000E+00 |   55329.83 |   55329.83 | UL|
195.80726 |  64.21276 |  8.817E+13 |  1.000E+00 |  4.406E-13 |  2.640E-14 |   55330.10 |   55330.10 |   |
195.80726 |  64.21276 |  6.517E+13 |  1.000E+00 |  5.679E-13 |  3.665E-14 |   55330.10 |   55330.10 |   |
195.80726 |  64.21276 |  2.498E+13 |  1.000E+00 |  6.379E-13 |  1.039E-13 |   55330.10 |   55330.10 |   |
195.80726 |  64.21276 |  1.363E+13 |  1.000E+00 |  1.467E-12 |  0.000E+00 |   55330.10 |   55330.10 | UL|
195.80726 |  64.21276 |  8.817E+13 |  1.000E+00 |  5.645E-14 |  0.000E+00 |   55330.16 |   55330.16 | UL|
195.80726 |  64.21276 |  6.517E+13 |  1.000E+00 |  7.999E-14 |  0.000E+00 |   55330.16 |   55330.16 | UL|
195.80726 |  64.21276 |  2.498E+13 |  1.000E+00 |  2.381E-13 |  0.000E+00 |   55330.16 |   55330.16 | UL|
195.80726 |  64.21276 |  1.363E+13 |  1.000E+00 |  9.744E-13 |  0.000E+00 |   55330.16 |   55330.16 | UL|
195.80726 |  64.21276 |  8.817E+13 |  1.000E+00 |  4.652E-13 |  2.660E-14 |   55330.23 |   55330.23 |   |
195.80726 |  64.21276 |  6.517E+13 |  1.000E+00 |  5.611E-13 |  4.090E-14 |   55330.23 |   55330.23 |   |
195.80726 |  64.21276 |  2.498E+13 |  1.000E+00 |  8.075E-13 |  1.029E-13 |   55330.23 |   55330.23 |   |
195.80726 |  64.21276 |  1.363E+13 |  1.000E+00 |  1.650E-12 |  0.000E+00 |   55330.23 |   55330.23 | UL|
195.80726 |  64.21276 |  8.817E+13 |  1.000E+00 |  4.467E-13 |  2.800E-14 |   55330.30 |   55330.30 |   |
195.80726 |  64.21276 |  6.517E+13 |  1.000E+00 |  5.946E-13 |  3.945E-14 |   55330.30 |   55330.30 |   |
195.80726 |  64.21276 |  2.498E+13 |  1.000E+00 |  5.926E-13 |  1.009E-13 |   55330.30 |   55330.30 |   |
195.80726 |  64.21276 |  1.363E+13 |  1.000E+00 |  1.549E-12 |  0.000E+00 |   55330.30 |   55330.30 | UL|
195.80726 |  64.21276 |  8.817E+13 |  1.000E+00 |  3.945E-13 |  2.650E-14 |   55330.36 |   55330.36 |   |
195.80726 |  64.21276 |  6.517E+13 |  1.000E+00 |  4.736E-13 |  3.580E-14 |   55330.36 |   55330.36 |   |
195.80726 |  64.21276 |  2.498E+13 |  1.000E+00 |  6.171E-13 |  1.056E-13 |   55330.36 |   55330.36 |   |
195.80726 |  64.21276 |  1.363E+13 |  1.000E+00 |  1.501E-12 |  0.000E+00 |   55330.36 |   55330.36 | UL|
195.80726 |  64.21276 |  8.817E+13 |  1.000E+00 |  4.026E-13 |  2.485E-14 |   55330.43 |   55330.43 |   |
195.80726 |  64.21276 |  6.517E+13 |  1.000E+00 |  5.319E-13 |  3.680E-14 |   55330.43 |   55330.43 |   |
195.80726 |  64.21276 |  2.498E+13 |  1.000E+00 |  5.360E-13 |  9.980E-14 |   55330.43 |   55330.43 |   |
195.80726 |  64.21276 |  1.363E+13 |  1.000E+00 |  1.318E-12 |  0.000E+00 |   55330.43 |   55330.43 | UL|
195.80726 |  64.21276 |  8.817E+13 |  1.000E+00 |  3.830E-13 |  2.475E-14 |   55330.49 |   55330.49 |   |
195.80726 |  64.21276 |  6.517E+13 |  1.000E+00 |  4.561E-13 |  3.655E-14 |   55330.49 |   55330.49 |   |
195.80726 |  64.21276 |  2.498E+13 |  1.000E+00 |  6.069E-13 |  1.084E-13 |   55330.49 |   55330.49 |   |
195.80726 |  64.21276 |  1.363E+13 |  1.000E+00 |  1.046E-12 |  4.140E-13 |   55330.49 |   55330.49 |   |
195.80726 |  64.21276 |  8.817E+13 |  1.000E+00 |  3.996E-13 |  2.540E-14 |   55330.56 |   55330.56 |   |
195.80726 |  64.21276 |  6.517E+13 |  1.000E+00 |  5.117E-13 |  3.395E-14 |   55330.56 |   55330.56 |   |
195.80726 |  64.21276 |  8.817E+13 |  1.000E+00 |  4.169E-13 |  2.495E-14 |   55330.62 |   55330.62 |   |
195.80726 |  64.21276 |  6.517E+13 |  1.000E+00 |  5.504E-13 |  3.550E-14 |   55330.62 |   55330.62 |   |
195.80726 |  64.21276 |  2.498E+13 |  1.000E+00 |  6.014E-13 |  9.960E-14 |   55330.62 |   55330.62 |   |
195.80726 |  64.21276 |  1.363E+13 |  1.000E+00 |  1.031E-12 |  4.098E-13 |   55330.62 |   55330.62 |   |
195.80726 |  64.21276 |  8.817E+13 |  1.000E+00 |  5.949E-14 |  0.000E+00 |   55521.66 |   55521.66 | UL|
195.80726 |  64.21276 |  6.517E+13 |  1.000E+00 |  1.355E-13 |  0.000E+00 |   55521.66 |   55521.66 | UL|
195.80726 |  64.21276 |  8.817E+13 |  1.000E+00 |  4.216E-13 |  2.565E-14 |   55521.79 |   55521.79 |   |
195.80726 |  64.21276 |  6.517E+13 |  1.000E+00 |  5.155E-13 |  3.660E-14 |   55521.79 |   55521.79 |   |
195.80726 |  64.21276 |  8.817E+13 |  1.000E+00 |  4.165E-13 |  2.765E-14 |   55521.92 |   55521.92 |   |
195.80726 |  64.21276 |  6.517E+13 |  1.000E+00 |  5.941E-13 |  4.215E-14 |   55521.92 |   55521.92 |   |
195.80726 |  64.21276 |  8.817E+13 |  1.000E+00 |  3.747E-13 |  2.520E-14 |   55522.05 |   55522.05 |   |
195.80726 |  64.21276 |  6.517E+13 |  1.000E+00 |  5.256E-13 |  3.345E-14 |   55522.05 |   55522.05 |   |
195.80726 |  64.21276 |  8.817E+13 |  1.000E+00 |  3.877E-13 |  2.645E-14 |   55528.73 |   55528.73 |   |
195.80726 |  64.21276 |  6.517E+13 |  1.000E+00 |  5.270E-13 |  3.450E-14 |   55528.73 |   55528.73 |   |
195.80726 |  64.21276 |  8.817E+13 |  1.000E+00 |  5.537E-14 |  0.000E+00 |   55331.22 |   55331.22 | UL|
195.80726 |  64.21276 |  6.517E+13 |  1.000E+00 |  7.703E-14 |  0.000E+00 |   55331.22 |   55331.22 | UL|
195.80726 |  64.21276 |  2.498E+13 |  1.000E+00 |  2.171E-13 |  0.000E+00 |   55331.22 |   55331.22 | UL|
195.80726 |  64.21276 |  1.363E+13 |  1.000E+00 |  9.375E-13 |  0.000E+00 |   55331.22 |   55331.22 | UL|
195.80726 |  64.21276 |  8.817E+13 |  1.000E+00 |  1.185E-13 |  0.000E+00 |   55331.36 |   55331.36 | UL|
195.80726 |  64.21276 |  6.517E+13 |  1.000E+00 |  8.877E-14 |  0.000E+00 |   55331.36 |   55331.36 | UL|
195.80726 |  64.21276 |  2.498E+13 |  1.000E+00 |  3.893E-13 |  0.000E+00 |   55331.36 |   55331.36 | UL|
195.80726 |  64.21276 |  1.363E+13 |  1.000E+00 |  1.493E-12 |  0.000E+00 |   55331.36 |   55331.36 | UL|
195.80726 |  64.21276 |  8.817E+13 |  1.000E+00 |  5.481E-14 |  0.000E+00 |   55331.48 |   55331.48 | UL|
195.80726 |  64.21276 |  6.517E+13 |  1.000E+00 |  9.100E-14 |  0.000E+00 |   55331.48 |   55331.48 | UL|
195.80726 |  64.21276 |  2.498E+13 |  1.000E+00 |  1.867E-13 |  0.000E+00 |   55331.48 |   55331.48 | UL|
195.80726 |  64.21276 |  1.363E+13 |  1.000E+00 |  1.308E-12 |  0.000E+00 |   55331.48 |   55331.48 | UL|
195.80726 |  64.21276 |  8.817E+13 |  1.000E+00 |  7.678E-14 |  2.909E-14 |   55337.24 |   55337.24 |   |
195.80726 |  64.21276 |  6.517E+13 |  1.000E+00 |  9.468E-14 |  0.000E+00 |   55337.24 |   55337.24 | UL|
195.80726 |  64.21276 |  2.498E+13 |  1.000E+00 |  2.432E-13 |  0.000E+00 |   55337.24 |   55337.24 | UL|
195.80726 |  64.21276 |  1.363E+13 |  1.000E+00 |  1.250E-12 |  0.000E+00 |   55337.24 |   55337.24 | UL|
195.80726 |  64.21276 |  8.817E+13 |  1.000E+00 |  4.052E-13 |  2.580E-14 |   55329.70 |   55329.70 |   |
195.80726 |  64.21276 |  6.517E+13 |  1.000E+00 |  5.368E-13 |  3.565E-14 |   55329.70 |   55329.70 |   |
195.80726 |  64.21276 |  2.498E+13 |  1.000E+00 |  5.114E-13 |  9.520E-14 |   55329.70 |   55329.70 |   |
195.80726 |  64.21276 |  1.363E+13 |  1.000E+00 |  1.058E-12 |  3.644E-13 |   55329.70 |   55329.70 |   |
195.80726 |  64.21276 |  8.817E+13 |  1.000E+00 |  5.106E-13 |  2.920E-14 |   55329.83 |   55329.83 |   |
195.80726 |  64.21276 |  6.517E+13 |  1.000E+00 |  5.132E-13 |  3.595E-14 |   55329.83 |   55329.83 |   |
195.80726 |  64.21276 |  2.498E+13 |  1.000E+00 |  6.822E-13 |  1.022E-13 |   55329.83 |   55329.83 |   |
195.80726 |  64.21276 |  1.363E+13 |  1.000E+00 |  1.170E-12 |  4.307E-13 |   55329.83 |   55329.83 |   |
195.80726 |  64.21276 |  8.817E+13 |  1.000E+00 |  4.534E-13 |  2.760E-14 |   55330.10 |   55330.10 |   |
195.80726 |  64.21276 |  6.517E+13 |  1.000E+00 |  5.838E-13 |  3.985E-14 |   55330.10 |   55330.10 |   |
195.80726 |  64.21276 |  2.498E+13 |  1.000E+00 |  6.450E-13 |  9.540E-14 |   55330.10 |   55330.10 |   |
195.80726 |  64.21276 |  1.363E+13 |  1.000E+00 |  1.479E-12 |  0.000E+00 |   55330.10 |   55330.10 | UL|
195.80726 |  64.21276 |  8.817E+13 |  1.000E+00 |  4.146E-13 |  2.675E-14 |   55330.16 |   55330.16 |   |
195.80726 |  64.21276 |  6.517E+13 |  1.000E+00 |  5.019E-13 |  3.655E-14 |   55330.16 |   55330.16 |   |
195.80726 |  64.21276 |  2.498E+13 |  1.000E+00 |  4.764E-13 |  9.495E-14 |   55330.16 |   55330.16 |   |
195.80726 |  64.21276 |  1.363E+13 |  1.000E+00 |  1.495E-12 |  0.000E+00 |   55330.16 |   55330.16 | UL|
195.80726 |  64.21276 |  8.817E+13 |  1.000E+00 |  4.418E-13 |  2.730E-14 |   55330.23 |   55330.23 |   |
195.80726 |  64.21276 |  6.517E+13 |  1.000E+00 |  5.752E-13 |  4.295E-14 |   55330.23 |   55330.23 |   |
195.80726 |  64.21276 |  2.498E+13 |  1.000E+00 |  8.016E-13 |  1.007E-13 |   55330.23 |   55330.23 |   |
195.80726 |  64.21276 |  1.363E+13 |  1.000E+00 |  1.843E-12 |  0.000E+00 |   55330.23 |   55330.23 | UL|
195.80726 |  64.21276 |  8.817E+13 |  1.000E+00 |  4.406E-13 |  2.885E-14 |   55330.30 |   55330.30 |   |
195.80726 |  64.21276 |  6.517E+13 |  1.000E+00 |  5.859E-13 |  3.945E-14 |   55330.30 |   55330.30 |   |
195.80726 |  64.21276 |  2.498E+13 |  1.000E+00 |  5.743E-13 |  1.053E-13 |   55330.30 |   55330.30 |   |
195.80726 |  64.21276 |  1.363E+13 |  1.000E+00 |  9.871E-13 |  3.984E-13 |   55330.30 |   55330.30 |   |
195.80726 |  64.21276 |  8.817E+13 |  1.000E+00 |  4.041E-13 |  2.760E-14 |   55330.36 |   55330.36 |   |
195.80726 |  64.21276 |  6.517E+13 |  1.000E+00 |  4.785E-13 |  3.795E-14 |   55330.36 |   55330.36 |   |
195.80726 |  64.21276 |  2.498E+13 |  1.000E+00 |  5.607E-13 |  1.197E-13 |   55330.36 |   55330.36 |   |
195.80726 |  64.21276 |  1.363E+13 |  1.000E+00 |  7.950E-13 |  3.814E-13 |   55330.36 |   55330.36 |   |
195.80726 |  64.21276 |  8.817E+13 |  1.000E+00 |  4.255E-13 |  2.625E-14 |   55330.43 |   55330.43 |   |
195.80726 |  64.21276 |  6.517E+13 |  1.000E+00 |  5.570E-13 |  3.850E-14 |   55330.43 |   55330.43 |   |
195.80726 |  64.21276 |  2.498E+13 |  1.000E+00 |  6.003E-13 |  9.660E-14 |   55330.43 |   55330.43 |   |
195.80726 |  64.21276 |  1.363E+13 |  1.000E+00 |  7.669E-13 |  3.918E-13 |   55330.43 |   55330.43 |   |
195.80726 |  64.21276 |  4.455E+14 |  1.000E+00 |  4.024E-13 |  0.000E+00 |   55000.00 |   55000.00 |   |
195.80726 |  64.21276 |  6.813E+14 |  1.000E+00 |  7.518E-13 |  2.469E-13 |   55000.00 |   55000.00 |   |
195.80726 |  64.21276 |  5.451E+14 |  1.000E+00 |  9.729E-13 |  3.884E-13 |   55000.00 |   55000.00 |   |
195.80726 |  64.21276 |  6.233E+14 |  1.000E+00 |  5.946E-13 |  6.200E-15 |   55000.00 |   55000.00 |   |
195.80726 |  64.21276 |  4.859E+14 |  1.000E+00 |  5.177E-13 |  7.250E-15 |   55000.00 |   55000.00 |   |
195.80726 |  64.21276 |  3.987E+14 |  1.000E+00 |  4.630E-13 |  5.800E-15 |   55000.00 |   55000.00 |   |
195.80726 |  64.21276 |  3.462E+14 |  1.000E+00 |  4.801E-13 |  9.200E-15 |   55000.00 |   55000.00 |   |
195.80726 |  64.21276 |  3.116E+14 |  1.000E+00 |  4.714E-13 |  9.450E-15 |   55000.00 |   55000.00 |   |
195.80726 |  64.21276 |  8.402E+14 |  1.000E+00 |  5.384E-13 |  1.355E-14 |   55000.00 |   55000.00 |   |
195.80726 |  64.21276 |  6.443E+14 |  1.000E+00 |  5.016E-13 |  5.000E-15 |   55000.00 |   55000.00 |   |
195.80726 |  64.21276 |  4.876E+14 |  1.000E+00 |  4.684E-13 |  4.700E-15 |   55000.00 |   55000.00 |   |
195.80726 |  64.21276 |  4.014E+14 |  1.000E+00 |  4.355E-13 |  4.900E-15 |   55000.00 |   55000.00 |   |
195.80726 |  64.21276 |  3.382E+14 |  1.000E+00 |  4.446E-13 |  1.315E-14 |   55000.00 |   55000.00 |   |
195.80726 |  64.21276 |  1.948E+15 |  1.000E+00 |  1.135E-12 |  1.643E-13 |   55000.00 |   55000.00 |   |
195.80726 |  64.21276 |  1.295E+15 |  1.000E+00 |  9.670E-13 |  4.305E-14 |   55000.00 |   55000.00 |   |
