 22.93164 | -10.07253 |  1.400E+09 |  1.000E+00 |  1.204E-16 |  7.000E-18 |   55000.00 |   55000.00 |   |
 22.93164 | -10.07253 |  2.418E+17 |  1.000E+00 |  2.728E-14 |  8.290E-15 |   57898.00 |   57898.00 |   |
 22.93164 | -10.07253 |  7.253E+17 |  1.000E+00 |  3.619E-14 |  7.445E-15 |   55000.00 |   55000.00 |   |
 22.93164 | -10.07253 |  3.627E+17 |  1.000E+00 |  1.965E-14 |  7.370E-15 |   57898.00 |   57898.00 |   |
 22.93164 | -10.07253 |  7.253E+17 |  1.000E+00 |  3.318E-14 |  6.490E-15 |   57898.00 |   57898.00 |   |
 22.93164 | -10.07253 |  1.088E+18 |  1.000E+00 |  2.756E-14 |  1.219E-14 |   57898.00 |   57898.00 |   |
 22.93164 | -10.07253 |  1.209E+17 |  1.000E+00 |  5.249E-14 |  1.301E-14 |   55000.00 |   55000.00 |   |
 22.93164 | -10.07253 |  3.627E+17 |  1.000E+00 |  1.630E-14 |  7.736E-15 |   55000.00 |   55000.00 |   |
 22.93164 | -10.07253 |  1.088E+18 |  1.000E+00 |  2.465E-14 |  1.416E-14 |   55000.00 |   55000.00 |   |
 22.93164 | -10.07253 |  1.400E+09 |  1.000E+00 |  1.226E-16 |  2.050E-18 |   55000.00 |   55000.00 |   |
 22.93164 | -10.07253 |  1.500E+08 |  1.000E+00 |  3.930E-17 |  5.100E-18 |   55000.00 |   55000.00 |   |
 22.93164 | -10.07253 |  3.000E+09 |  1.000E+00 |  2.469E-16 |  9.100E-18 |   55000.00 |   55000.00 |   |
 22.93164 | -10.07253 |  8.817E+13 |  1.000E+00 |  1.369E-13 |  6.450E-15 |   55000.00 |   55000.00 |   |
 22.93164 | -10.07253 |  6.517E+13 |  1.000E+00 |  1.695E-13 |  9.100E-15 |   55000.00 |   55000.00 |   |
 22.93164 | -10.07253 |  2.498E+13 |  1.000E+00 |  1.273E-13 |  3.611E-14 |   55000.00 |   55000.00 |   |
 22.93164 | -10.07253 |  1.363E+13 |  1.000E+00 |  2.986E-13 |  0.000E+00 |   55000.00 |   55000.00 | UL|
 22.93164 | -10.07253 |  8.817E+13 |  1.000E+00 |  9.810E-14 |  2.327E-14 |   55387.67 |   55387.67 |   |
 22.93164 | -10.07253 |  6.517E+13 |  1.000E+00 |  2.275E-13 |  4.110E-14 |   55387.67 |   55387.67 |   |
 22.93164 | -10.07253 |  2.498E+13 |  1.000E+00 |  3.819E-13 |  0.000E+00 |   55387.67 |   55387.67 | UL|
 22.93164 | -10.07253 |  1.363E+13 |  1.000E+00 |  3.865E-12 |  0.000E+00 |   55387.67 |   55387.67 | UL|
 22.93164 | -10.07253 |  8.817E+13 |  1.000E+00 |  1.353E-13 |  2.390E-14 |   55564.15 |   55564.15 |   |
 22.93164 | -10.07253 |  6.517E+13 |  1.000E+00 |  2.525E-13 |  4.160E-14 |   55564.15 |   55564.15 |   |
 22.93164 | -10.07253 |  8.817E+13 |  1.000E+00 |  1.347E-13 |  2.340E-14 |   55387.94 |   55387.94 |   |
 22.93164 | -10.07253 |  6.517E+13 |  1.000E+00 |  1.696E-13 |  3.225E-14 |   55387.94 |   55387.94 |   |
 22.93164 | -10.07253 |  2.498E+13 |  1.000E+00 |  3.930E-13 |  0.000E+00 |   55387.94 |   55387.94 | UL|
 22.93164 | -10.07253 |  1.363E+13 |  1.000E+00 |  8.203E-13 |  0.000E+00 |   55387.94 |   55387.94 | UL|
 22.93164 | -10.07253 |  8.817E+13 |  1.000E+00 |  8.873E-14 |  2.374E-14 |   55388.07 |   55388.07 |   |
 22.93164 | -10.07253 |  6.517E+13 |  1.000E+00 |  1.953E-13 |  3.380E-14 |   55388.07 |   55388.07 |   |
 22.93164 | -10.07253 |  2.498E+13 |  1.000E+00 |  3.274E-13 |  0.000E+00 |   55388.07 |   55388.07 | UL|
 22.93164 | -10.07253 |  1.363E+13 |  1.000E+00 |  1.082E-12 |  0.000E+00 |   55388.07 |   55388.07 | UL|
 22.93164 | -10.07253 |  8.817E+13 |  1.000E+00 |  1.585E-13 |  2.285E-14 |   55387.08 |   55387.08 |   |
 22.93164 | -10.07253 |  6.517E+13 |  1.000E+00 |  1.380E-13 |  3.325E-14 |   55387.08 |   55387.08 |   |
 22.93164 | -10.07253 |  2.498E+13 |  1.000E+00 |  2.530E-13 |  0.000E+00 |   55387.08 |   55387.08 | UL|
 22.93164 | -10.07253 |  1.363E+13 |  1.000E+00 |  1.015E-12 |  0.000E+00 |   55387.08 |   55387.08 | UL|
 22.93164 | -10.07253 |  8.817E+13 |  1.000E+00 |  1.019E-13 |  2.298E-14 |   55387.21 |   55387.21 |   |
 22.93164 | -10.07253 |  6.517E+13 |  1.000E+00 |  1.517E-13 |  3.235E-14 |   55387.21 |   55387.21 |   |
 22.93164 | -10.07253 |  2.498E+13 |  1.000E+00 |  3.067E-13 |  0.000E+00 |   55387.21 |   55387.21 | UL|
 22.93164 | -10.07253 |  1.363E+13 |  1.000E+00 |  8.068E-13 |  0.000E+00 |   55387.21 |   55387.21 | UL|
 22.93164 | -10.07253 |  8.817E+13 |  1.000E+00 |  1.681E-13 |  2.345E-14 |   55387.34 |   55387.34 |   |
 22.93164 | -10.07253 |  6.517E+13 |  1.000E+00 |  2.026E-13 |  3.300E-14 |   55387.34 |   55387.34 |   |
 22.93164 | -10.07253 |  2.498E+13 |  1.000E+00 |  4.587E-13 |  0.000E+00 |   55387.34 |   55387.34 | UL|
 22.93164 | -10.07253 |  1.363E+13 |  1.000E+00 |  8.135E-13 |  0.000E+00 |   55387.34 |   55387.34 | UL|
 22.93164 | -10.07253 |  8.817E+13 |  1.000E+00 |  1.954E-13 |  2.890E-14 |   55387.41 |   55387.41 |   |
 22.93164 | -10.07253 |  6.517E+13 |  1.000E+00 |  1.595E-13 |  3.345E-14 |   55387.41 |   55387.41 |   |
 22.93164 | -10.07253 |  2.498E+13 |  1.000E+00 |  4.642E-13 |  0.000E+00 |   55387.41 |   55387.41 | UL|
 22.93164 | -10.07253 |  1.363E+13 |  1.000E+00 |  1.336E-12 |  0.000E+00 |   55387.41 |   55387.41 | UL|
 22.93164 | -10.07253 |  8.817E+13 |  1.000E+00 |  1.658E-13 |  2.255E-14 |   55387.47 |   55387.47 |   |
 22.93164 | -10.07253 |  6.517E+13 |  1.000E+00 |  1.540E-13 |  3.475E-14 |   55387.47 |   55387.47 |   |
 22.93164 | -10.07253 |  2.498E+13 |  1.000E+00 |  4.180E-13 |  0.000E+00 |   55387.47 |   55387.47 | UL|
 22.93164 | -10.07253 |  1.363E+13 |  1.000E+00 |  1.065E-12 |  0.000E+00 |   55387.47 |   55387.47 | UL|
 22.93164 | -10.07253 |  8.817E+13 |  1.000E+00 |  1.400E-13 |  2.355E-14 |   55387.47 |   55387.47 |   |
 22.93164 | -10.07253 |  6.517E+13 |  1.000E+00 |  2.139E-13 |  3.565E-14 |   55387.47 |   55387.47 |   |
 22.93164 | -10.07253 |  2.498E+13 |  1.000E+00 |  3.919E-13 |  0.000E+00 |   55387.47 |   55387.47 | UL|
 22.93164 | -10.07253 |  1.363E+13 |  1.000E+00 |  1.235E-12 |  0.000E+00 |   55387.47 |   55387.47 | UL|
 22.93164 | -10.07253 |  8.817E+13 |  1.000E+00 |  1.315E-13 |  2.285E-14 |   55387.54 |   55387.54 |   |
 22.93164 | -10.07253 |  6.517E+13 |  1.000E+00 |  1.402E-13 |  3.790E-14 |   55387.54 |   55387.54 |   |
 22.93164 | -10.07253 |  2.498E+13 |  1.000E+00 |  2.305E-13 |  1.132E-13 |   55387.54 |   55387.54 |   |
 22.93164 | -10.07253 |  1.363E+13 |  1.000E+00 |  8.046E-13 |  0.000E+00 |   55387.54 |   55387.54 | UL|
 22.93164 | -10.07253 |  8.817E+13 |  1.000E+00 |  1.790E-13 |  2.515E-14 |   55387.61 |   55387.61 |   |
 22.93164 | -10.07253 |  6.517E+13 |  1.000E+00 |  2.318E-13 |  3.490E-14 |   55387.61 |   55387.61 |   |
 22.93164 | -10.07253 |  2.498E+13 |  1.000E+00 |  2.245E-13 |  0.000E+00 |   55387.61 |   55387.61 | UL|
 22.93164 | -10.07253 |  1.363E+13 |  1.000E+00 |  9.102E-13 |  0.000E+00 |   55387.61 |   55387.61 | UL|
 22.93164 | -10.07253 |  8.817E+13 |  1.000E+00 |  2.016E-13 |  2.400E-14 |   55387.61 |   55387.61 |   |
 22.93164 | -10.07253 |  6.517E+13 |  1.000E+00 |  2.191E-13 |  3.240E-14 |   55387.61 |   55387.61 |   |
 22.93164 | -10.07253 |  2.498E+13 |  1.000E+00 |  3.644E-13 |  0.000E+00 |   55387.61 |   55387.61 | UL|
 22.93164 | -10.07253 |  1.363E+13 |  1.000E+00 |  1.176E-12 |  0.000E+00 |   55387.61 |   55387.61 | UL|
 22.93164 | -10.07253 |  8.817E+13 |  1.000E+00 |  1.079E-13 |  2.284E-14 |   55563.16 |   55563.16 |   |
 22.93164 | -10.07253 |  6.517E+13 |  1.000E+00 |  1.214E-13 |  3.573E-14 |   55563.16 |   55563.16 |   |
 22.93164 | -10.07253 |  8.817E+13 |  1.000E+00 |  1.456E-13 |  2.235E-14 |   55563.29 |   55563.29 |   |
 22.93164 | -10.07253 |  6.517E+13 |  1.000E+00 |  1.237E-13 |  3.403E-14 |   55563.29 |   55563.29 |   |
 22.93164 | -10.07253 |  8.817E+13 |  1.000E+00 |  1.287E-13 |  2.580E-14 |   55563.43 |   55563.43 |   |
 22.93164 | -10.07253 |  6.517E+13 |  1.000E+00 |  1.261E-13 |  3.661E-14 |   55563.43 |   55563.43 |   |
 22.93164 | -10.07253 |  8.817E+13 |  1.000E+00 |  1.450E-13 |  2.335E-14 |   55563.43 |   55563.43 |   |
 22.93164 | -10.07253 |  6.517E+13 |  1.000E+00 |  1.629E-13 |  3.310E-14 |   55563.43 |   55563.43 |   |
 22.93164 | -10.07253 |  8.817E+13 |  1.000E+00 |  1.045E-13 |  2.249E-14 |   55563.56 |   55563.56 |   |
 22.93164 | -10.07253 |  6.517E+13 |  1.000E+00 |  1.506E-13 |  3.340E-14 |   55563.56 |   55563.56 |   |
 22.93164 | -10.07253 |  8.817E+13 |  1.000E+00 |  1.426E-13 |  2.640E-14 |   55563.62 |   55563.62 |   |
 22.93164 | -10.07253 |  6.517E+13 |  1.000E+00 |  1.469E-13 |  3.595E-14 |   55563.62 |   55563.62 |   |
 22.93164 | -10.07253 |  8.817E+13 |  1.000E+00 |  6.434E-14 |  2.834E-14 |   55563.69 |   55563.69 |   |
 22.93164 | -10.07253 |  6.517E+13 |  1.000E+00 |  1.827E-13 |  3.595E-14 |   55563.69 |   55563.69 |   |
 22.93164 | -10.07253 |  8.817E+13 |  1.000E+00 |  1.512E-13 |  2.275E-14 |   55563.76 |   55563.76 |   |
 22.93164 | -10.07253 |  6.517E+13 |  1.000E+00 |  1.462E-13 |  3.370E-14 |   55563.76 |   55563.76 |   |
 22.93164 | -10.07253 |  8.817E+13 |  1.000E+00 |  1.992E-13 |  0.000E+00 |   55563.82 |   55563.82 | UL|
 22.93164 | -10.07253 |  6.517E+13 |  1.000E+00 |  1.358E-13 |  3.430E-14 |   55563.82 |   55563.82 |   |
 22.93164 | -10.07253 |  8.817E+13 |  1.000E+00 |  1.224E-13 |  2.648E-14 |   55563.89 |   55563.89 |   |
 22.93164 | -10.07253 |  6.517E+13 |  1.000E+00 |  1.261E-11 |  0.000E+00 |   55563.89 |   55563.89 | UL|
 22.93164 | -10.07253 |  8.817E+13 |  1.000E+00 |  1.056E-13 |  2.262E-14 |   55564.02 |   55564.02 |   |
 22.93164 | -10.07253 |  6.517E+13 |  1.000E+00 |  1.905E-13 |  3.495E-14 |   55564.02 |   55564.02 |   |
 22.93164 | -10.07253 |  8.817E+13 |  1.000E+00 |  2.076E-13 |  2.685E-14 |   55387.80 |   55387.80 |   |
 22.93164 | -10.07253 |  6.517E+13 |  1.000E+00 |  1.656E-13 |  3.410E-14 |   55387.80 |   55387.80 |   |
 22.93164 | -10.07253 |  2.498E+13 |  1.000E+00 |  4.508E-13 |  0.000E+00 |   55387.80 |   55387.80 | UL|
 22.93164 | -10.07253 |  1.363E+13 |  1.000E+00 |  9.323E-13 |  0.000E+00 |   55387.80 |   55387.80 | UL|
 22.93164 | -10.07253 |  4.455E+14 |  1.000E+00 |  3.112E-13 |  0.000E+00 |   55000.00 |   55000.00 |   |
 22.93164 | -10.07253 |  6.813E+14 |  1.000E+00 |  5.888E-13 |  2.370E-13 |   55000.00 |   55000.00 |   |
 22.93164 | -10.07253 |  6.233E+14 |  1.000E+00 |  3.568E-13 |  7.700E-15 |   55000.00 |   55000.00 |   |
 22.93164 | -10.07253 |  4.859E+14 |  1.000E+00 |  3.539E-13 |  4.100E-15 |   55000.00 |   55000.00 |   |
 22.93164 | -10.07253 |  3.987E+14 |  1.000E+00 |  3.083E-13 |  3.850E-15 |   55000.00 |   55000.00 |   |
 22.93164 | -10.07253 |  3.462E+14 |  1.000E+00 |  2.135E-13 |  5.700E-15 |   55000.00 |   55000.00 |   |
 22.93164 | -10.07253 |  3.116E+14 |  1.000E+00 |  2.036E-13 |  8.400E-15 |   55000.00 |   55000.00 |   |
 22.93164 | -10.07253 |  8.402E+14 |  1.000E+00 |  6.041E-13 |  1.830E-14 |   55000.00 |   55000.00 |   |
 22.93164 | -10.07253 |  6.443E+14 |  1.000E+00 |  4.404E-13 |  5.300E-15 |   55000.00 |   55000.00 |   |
 22.93164 | -10.07253 |  4.876E+14 |  1.000E+00 |  4.168E-13 |  4.900E-15 |   55000.00 |   55000.00 |   |
 22.93164 | -10.07253 |  4.014E+14 |  1.000E+00 |  3.303E-13 |  4.900E-15 |   55000.00 |   55000.00 |   |
 22.93164 | -10.07253 |  3.382E+14 |  1.000E+00 |  2.262E-13 |  1.270E-14 |   55000.00 |   55000.00 |   |
 22.93164 | -10.07253 |  1.948E+15 |  1.000E+00 |  1.543E-13 |  5.130E-14 |   55000.00 |   55000.00 |   |
 22.93164 | -10.07253 |  1.295E+15 |  1.000E+00 |  6.979E-13 |  6.085E-14 |   55000.00 |   55000.00 |   |
 22.93164 | -10.07253 |  1.209E+19 |  1.000E+00 |  4.784E-12 |  1.095E-12 |   55000.00 |   55000.00 |   |
 22.93164 | -10.07253 |  2.418E+19 |  1.000E+00 |  5.458E-12 |  1.250E-12 |   55000.00 |   55000.00 |   |
 22.93164 | -10.07253 |  2.418E+23 |  1.000E+00 |  5.040E-13 |  9.970E-14 |   55000.00 |   55000.00 |   |
 22.93164 | -10.07253 |  1.813E+22 |  1.000E+00 |  3.277E-12 |  1.937E-12 |   55000.00 |   55000.00 |   |
 22.93164 | -10.07253 |  4.835E+22 |  1.000E+00 |  1.857E-12 |  3.410E-13 |   55000.00 |   55000.00 |   |
 22.93164 | -10.07253 |  1.451E+23 |  1.000E+00 |  1.052E-12 |  1.315E-13 |   55000.00 |   55000.00 |   |
 22.93164 | -10.07253 |  4.835E+23 |  1.000E+00 |  2.560E-13 |  7.520E-14 |   55000.00 |   55000.00 |   |
 22.93164 | -10.07253 |  1.451E+24 |  1.000E+00 |  1.554E-13 |  7.060E-14 |   55000.00 |   55000.00 |   |
 22.93164 | -10.07253 |  4.835E+24 |  1.000E+00 |  3.196E-13 |  0.000E+00 |   55000.00 |   55000.00 | UL|
 22.93164 | -10.07253 |  1.451E+25 |  1.000E+00 |  5.617E-13 |  0.000E+00 |   55000.00 |   55000.00 | UL|
 22.93164 | -10.07253 |  1.451E+26 |  1.000E+00 |  7.338E-13 |  0.000E+00 |   55000.00 |   55000.00 | UL|
