244.43530 |  51.84854 |  3.000E+09 |  1.000E+00 |  1.868E-15 |  1.000E-17 |   55000.00 |   55000.00 |   |
244.43530 |  51.84854 |  2.418E+17 |  1.000E+00 |  2.879E-14 |  6.680E-15 |   57738.00 |   57738.00 |   |
244.43530 |  51.84854 |  7.253E+17 |  1.000E+00 |  6.934E-14 |  8.610E-15 |   55000.00 |   55000.00 |   |
244.43530 |  51.84854 |  1.209E+17 |  1.000E+00 |  1.770E-14 |  4.770E-15 |   57738.00 |   57738.00 |   |
244.43530 |  51.84854 |  3.627E+17 |  1.000E+00 |  3.987E-14 |  8.600E-15 |   57738.00 |   57738.00 |   |
244.43530 |  51.84854 |  7.253E+17 |  1.000E+00 |  8.012E-14 |  9.920E-15 |   57738.00 |   57738.00 |   |
244.43530 |  51.84854 |  1.088E+18 |  1.000E+00 |  1.203E-13 |  2.180E-14 |   57738.00 |   57738.00 |   |
244.43530 |  51.84854 |  1.209E+17 |  1.000E+00 |  2.909E-14 |  8.725E-15 |   55000.00 |   55000.00 |   |
244.43530 |  51.84854 |  3.627E+17 |  1.000E+00 |  4.236E-14 |  9.535E-15 |   55000.00 |   55000.00 |   |
244.43530 |  51.84854 |  1.088E+18 |  1.000E+00 |  1.152E-13 |  2.141E-14 |   55000.00 |   55000.00 |   |
244.43530 |  51.84854 |  1.400E+09 |  1.000E+00 |  1.397E-15 |  2.000E-18 |   55000.00 |   55000.00 |   |
244.43530 |  51.84854 |  1.400E+09 |  1.000E+00 |  1.383E-15 |  4.200E-17 |   55000.00 |   55000.00 |   |
244.43530 |  51.84854 |  1.500E+08 |  1.000E+00 |  2.356E-16 |  2.415E-17 |   55000.00 |   55000.00 |   |
244.43530 |  51.84854 |  8.400E+09 |  1.000E+00 |  7.871E-15 |  0.000E+00 |   55000.00 |   55000.00 |   |
244.43530 |  51.84854 |  4.800E+09 |  1.000E+00 |  4.464E-15 |  4.320E-16 |   55000.00 |   55000.00 |   |
244.43530 |  51.84854 |  4.800E+09 |  1.000E+00 |  4.656E-15 |  5.760E-16 |   55000.00 |   55000.00 |   |
244.43530 |  51.84854 |  1.389E+14 |  1.000E+00 |  8.168E-13 |  1.254E-13 |   55000.00 |   55000.00 |   |
244.43530 |  51.84854 |  1.804E+14 |  1.000E+00 |  8.804E-13 |  1.343E-13 |   55000.00 |   55000.00 |   |
244.43530 |  51.84854 |  2.427E+14 |  1.000E+00 |  1.209E-12 |  1.005E-13 |   55000.00 |   55000.00 |   |
244.43530 |  51.84854 |  8.817E+13 |  1.000E+00 |  8.077E-13 |  1.710E-14 |   55000.00 |   55000.00 |   |
244.43530 |  51.84854 |  6.517E+13 |  1.000E+00 |  1.209E-12 |  2.450E-14 |   55000.00 |   55000.00 |   |
244.43530 |  51.84854 |  2.498E+13 |  1.000E+00 |  1.781E-12 |  3.950E-14 |   55000.00 |   55000.00 |   |
244.43530 |  51.84854 |  1.363E+13 |  1.000E+00 |  1.960E-12 |  1.050E-13 |   55000.00 |   55000.00 |   |
244.43530 |  51.84854 |  8.817E+13 |  1.000E+00 |  7.893E-13 |  3.490E-14 |   55589.77 |   55589.77 |   |
244.43530 |  51.84854 |  6.517E+13 |  1.000E+00 |  1.138E-12 |  4.700E-14 |   55589.77 |   55589.77 |   |
244.43530 |  51.84854 |  8.817E+13 |  1.000E+00 |  8.137E-13 |  3.525E-14 |   55589.84 |   55589.84 |   |
244.43530 |  51.84854 |  6.517E+13 |  1.000E+00 |  1.238E-12 |  5.600E-14 |   55589.84 |   55589.84 |   |
244.43530 |  51.84854 |  8.817E+13 |  1.000E+00 |  7.538E-13 |  3.820E-14 |   55589.90 |   55589.90 |   |
244.43530 |  51.84854 |  6.517E+13 |  1.000E+00 |  1.083E-12 |  5.350E-14 |   55589.90 |   55589.90 |   |
244.43530 |  51.84854 |  8.817E+13 |  1.000E+00 |  8.085E-13 |  3.950E-14 |   55589.97 |   55589.97 |   |
244.43530 |  51.84854 |  6.517E+13 |  1.000E+00 |  1.039E-12 |  5.165E-14 |   55589.97 |   55589.97 |   |
244.43530 |  51.84854 |  8.817E+13 |  1.000E+00 |  7.664E-13 |  3.605E-14 |   55590.56 |   55590.56 |   |
244.43530 |  51.84854 |  6.517E+13 |  1.000E+00 |  1.168E-12 |  5.700E-14 |   55590.56 |   55590.56 |   |
244.43530 |  51.84854 |  8.817E+13 |  1.000E+00 |  7.615E-13 |  3.580E-14 |   55590.10 |   55590.10 |   |
244.43530 |  51.84854 |  6.517E+13 |  1.000E+00 |  1.184E-12 |  4.700E-14 |   55590.10 |   55590.10 |   |
244.43530 |  51.84854 |  8.817E+13 |  1.000E+00 |  7.714E-13 |  3.905E-14 |   55590.17 |   55590.17 |   |
244.43530 |  51.84854 |  6.517E+13 |  1.000E+00 |  1.131E-12 |  5.100E-14 |   55590.17 |   55590.17 |   |
244.43530 |  51.84854 |  8.817E+13 |  1.000E+00 |  7.915E-13 |  3.720E-14 |   55590.30 |   55590.30 |   |
244.43530 |  51.84854 |  6.517E+13 |  1.000E+00 |  1.107E-12 |  5.000E-14 |   55590.30 |   55590.30 |   |
244.43530 |  51.84854 |  8.817E+13 |  1.000E+00 |  7.728E-13 |  3.705E-14 |   55590.04 |   55590.04 |   |
244.43530 |  51.84854 |  6.517E+13 |  1.000E+00 |  1.210E-12 |  5.700E-14 |   55590.04 |   55590.04 |   |
244.43530 |  51.84854 |  8.817E+13 |  1.000E+00 |  7.908E-13 |  4.230E-14 |   55586.07 |   55586.07 |   |
244.43530 |  51.84854 |  6.517E+13 |  1.000E+00 |  1.137E-12 |  4.800E-14 |   55586.07 |   55586.07 |   |
244.43530 |  51.84854 |  8.817E+13 |  1.000E+00 |  7.671E-13 |  3.960E-14 |   55586.27 |   55586.27 |   |
244.43530 |  51.84854 |  6.517E+13 |  1.000E+00 |  1.216E-12 |  5.700E-14 |   55586.27 |   55586.27 |   |
244.43530 |  51.84854 |  8.817E+13 |  1.000E+00 |  8.010E-13 |  3.540E-14 |   55586.33 |   55586.33 |   |
244.43530 |  51.84854 |  6.517E+13 |  1.000E+00 |  1.206E-12 |  4.900E-14 |   55586.33 |   55586.33 |   |
244.43530 |  51.84854 |  8.817E+13 |  1.000E+00 |  6.964E-13 |  3.655E-14 |   55586.40 |   55586.40 |   |
244.43530 |  51.84854 |  6.517E+13 |  1.000E+00 |  1.180E-12 |  5.200E-14 |   55586.40 |   55586.40 |   |
244.43530 |  51.84854 |  8.817E+13 |  1.000E+00 |  8.033E-13 |  3.480E-14 |   55586.53 |   55586.53 |   |
244.43530 |  51.84854 |  6.517E+13 |  1.000E+00 |  1.163E-12 |  5.050E-14 |   55586.53 |   55586.53 |   |
244.43530 |  51.84854 |  8.817E+13 |  1.000E+00 |  8.311E-13 |  3.370E-14 |   55586.60 |   55586.60 |   |
244.43530 |  51.84854 |  6.517E+13 |  1.000E+00 |  1.168E-12 |  4.950E-14 |   55586.60 |   55586.60 |   |
244.43530 |  51.84854 |  8.817E+13 |  1.000E+00 |  7.587E-13 |  3.705E-14 |   55586.66 |   55586.66 |   |
244.43530 |  51.84854 |  6.517E+13 |  1.000E+00 |  1.139E-12 |  5.550E-14 |   55586.66 |   55586.66 |   |
244.43530 |  51.84854 |  8.817E+13 |  1.000E+00 |  7.685E-13 |  3.540E-14 |   55586.73 |   55586.73 |   |
244.43530 |  51.84854 |  6.517E+13 |  1.000E+00 |  1.202E-12 |  5.200E-14 |   55586.73 |   55586.73 |   |
244.43530 |  51.84854 |  8.817E+13 |  1.000E+00 |  8.055E-13 |  3.410E-14 |   55586.79 |   55586.79 |   |
244.43530 |  51.84854 |  6.517E+13 |  1.000E+00 |  1.246E-12 |  5.750E-14 |   55586.79 |   55586.79 |   |
244.43530 |  51.84854 |  8.817E+13 |  1.000E+00 |  8.129E-13 |  3.820E-14 |   55586.86 |   55586.86 |   |
244.43530 |  51.84854 |  6.517E+13 |  1.000E+00 |  1.177E-12 |  4.750E-14 |   55586.86 |   55586.86 |   |
244.43530 |  51.84854 |  8.817E+13 |  1.000E+00 |  7.799E-13 |  3.805E-14 |   55402.66 |   55402.66 |   |
244.43530 |  51.84854 |  6.517E+13 |  1.000E+00 |  1.216E-12 |  4.800E-14 |   55402.66 |   55402.66 |   |
244.43530 |  51.84854 |  2.498E+13 |  1.000E+00 |  1.843E-12 |  1.210E-13 |   55402.66 |   55402.66 |   |
244.43530 |  51.84854 |  1.363E+13 |  1.000E+00 |  1.105E-12 |  4.091E-13 |   55402.66 |   55402.66 |   |
244.43530 |  51.84854 |  8.817E+13 |  1.000E+00 |  8.085E-13 |  3.575E-14 |   55402.73 |   55402.73 |   |
244.43530 |  51.84854 |  6.517E+13 |  1.000E+00 |  1.222E-12 |  4.950E-14 |   55402.73 |   55402.73 |   |
244.43530 |  51.84854 |  2.498E+13 |  1.000E+00 |  1.424E-12 |  1.010E-13 |   55402.73 |   55402.73 |   |
244.43530 |  51.84854 |  1.363E+13 |  1.000E+00 |  1.788E-12 |  4.155E-13 |   55402.73 |   55402.73 |   |
244.43530 |  51.84854 |  8.817E+13 |  1.000E+00 |  8.427E-13 |  3.490E-14 |   55402.80 |   55402.80 |   |
244.43530 |  51.84854 |  6.517E+13 |  1.000E+00 |  1.258E-12 |  4.550E-14 |   55402.80 |   55402.80 |   |
244.43530 |  51.84854 |  2.498E+13 |  1.000E+00 |  1.818E-12 |  1.090E-13 |   55402.80 |   55402.80 |   |
244.43530 |  51.84854 |  1.363E+13 |  1.000E+00 |  1.613E-12 |  3.610E-13 |   55402.80 |   55402.80 |   |
244.43530 |  51.84854 |  8.817E+13 |  1.000E+00 |  8.372E-13 |  3.780E-14 |   55402.80 |   55402.80 |   |
244.43530 |  51.84854 |  6.517E+13 |  1.000E+00 |  1.207E-12 |  4.900E-14 |   55402.80 |   55402.80 |   |
244.43530 |  51.84854 |  2.498E+13 |  1.000E+00 |  1.684E-12 |  1.040E-13 |   55402.80 |   55402.80 |   |
244.43530 |  51.84854 |  1.363E+13 |  1.000E+00 |  2.729E-12 |  3.810E-13 |   55402.80 |   55402.80 |   |
244.43530 |  51.84854 |  8.817E+13 |  1.000E+00 |  8.419E-13 |  3.720E-14 |   55402.86 |   55402.86 |   |
244.43530 |  51.84854 |  6.517E+13 |  1.000E+00 |  1.272E-12 |  4.950E-14 |   55402.86 |   55402.86 |   |
244.43530 |  51.84854 |  2.498E+13 |  1.000E+00 |  1.813E-12 |  1.155E-13 |   55402.86 |   55402.86 |   |
244.43530 |  51.84854 |  1.363E+13 |  1.000E+00 |  2.045E-12 |  4.710E-13 |   55402.86 |   55402.86 |   |
244.43530 |  51.84854 |  8.817E+13 |  1.000E+00 |  8.025E-13 |  3.550E-14 |   55402.93 |   55402.93 |   |
244.43530 |  51.84854 |  6.517E+13 |  1.000E+00 |  1.205E-12 |  4.700E-14 |   55402.93 |   55402.93 |   |
244.43530 |  51.84854 |  2.498E+13 |  1.000E+00 |  1.726E-12 |  1.065E-13 |   55402.93 |   55402.93 |   |
244.43530 |  51.84854 |  1.363E+13 |  1.000E+00 |  1.429E-12 |  3.655E-13 |   55402.93 |   55402.93 |   |
244.43530 |  51.84854 |  8.817E+13 |  1.000E+00 |  8.458E-13 |  3.510E-14 |   55403.00 |   55403.00 |   |
244.43530 |  51.84854 |  6.517E+13 |  1.000E+00 |  1.237E-12 |  4.900E-14 |   55403.00 |   55403.00 |   |
244.43530 |  51.84854 |  2.498E+13 |  1.000E+00 |  1.686E-12 |  1.070E-13 |   55403.00 |   55403.00 |   |
244.43530 |  51.84854 |  1.363E+13 |  1.000E+00 |  1.670E-12 |  5.725E-13 |   55403.00 |   55403.00 |   |
244.43530 |  51.84854 |  8.817E+13 |  1.000E+00 |  8.212E-13 |  3.405E-14 |   55403.06 |   55403.06 |   |
244.43530 |  51.84854 |  6.517E+13 |  1.000E+00 |  1.288E-12 |  5.100E-14 |   55403.06 |   55403.06 |   |
244.43530 |  51.84854 |  2.498E+13 |  1.000E+00 |  1.902E-12 |  1.245E-13 |   55403.06 |   55403.06 |   |
244.43530 |  51.84854 |  1.363E+13 |  1.000E+00 |  2.383E-12 |  3.790E-13 |   55403.06 |   55403.06 |   |
244.43530 |  51.84854 |  8.817E+13 |  1.000E+00 |  8.552E-13 |  3.705E-14 |   55403.12 |   55403.12 |   |
244.43530 |  51.84854 |  6.517E+13 |  1.000E+00 |  1.244E-12 |  5.250E-14 |   55403.12 |   55403.12 |   |
244.43530 |  51.84854 |  2.498E+13 |  1.000E+00 |  1.679E-12 |  1.005E-13 |   55403.12 |   55403.12 |   |
244.43530 |  51.84854 |  1.363E+13 |  1.000E+00 |  2.554E-12 |  3.825E-13 |   55403.12 |   55403.12 |   |
244.43530 |  51.84854 |  8.817E+13 |  1.000E+00 |  8.197E-13 |  3.550E-14 |   55403.19 |   55403.19 |   |
244.43530 |  51.84854 |  6.517E+13 |  1.000E+00 |  1.290E-12 |  4.500E-14 |   55403.19 |   55403.19 |   |
244.43530 |  51.84854 |  2.498E+13 |  1.000E+00 |  1.656E-12 |  1.055E-13 |   55403.19 |   55403.19 |   |
244.43530 |  51.84854 |  1.363E+13 |  1.000E+00 |  2.132E-12 |  3.610E-13 |   55403.19 |   55403.19 |   |
244.43530 |  51.84854 |  8.817E+13 |  1.000E+00 |  7.806E-13 |  3.450E-14 |   55402.27 |   55402.27 |   |
244.43530 |  51.84854 |  6.517E+13 |  1.000E+00 |  1.260E-12 |  4.750E-14 |   55402.27 |   55402.27 |   |
244.43530 |  51.84854 |  2.498E+13 |  1.000E+00 |  1.953E-12 |  1.155E-13 |   55402.27 |   55402.27 |   |
244.43530 |  51.84854 |  1.363E+13 |  1.000E+00 |  2.002E-12 |  4.480E-13 |   55402.27 |   55402.27 |   |
244.43530 |  51.84854 |  8.817E+13 |  1.000E+00 |  8.380E-13 |  3.400E-14 |   55402.33 |   55402.33 |   |
244.43530 |  51.84854 |  6.517E+13 |  1.000E+00 |  1.246E-12 |  4.700E-14 |   55402.33 |   55402.33 |   |
244.43530 |  51.84854 |  2.498E+13 |  1.000E+00 |  1.838E-12 |  1.015E-13 |   55402.33 |   55402.33 |   |
244.43530 |  51.84854 |  1.363E+13 |  1.000E+00 |  2.542E-12 |  3.640E-13 |   55402.33 |   55402.33 |   |
244.43530 |  51.84854 |  8.817E+13 |  1.000E+00 |  7.806E-13 |  3.595E-14 |   55402.40 |   55402.40 |   |
244.43530 |  51.84854 |  6.517E+13 |  1.000E+00 |  1.190E-12 |  4.700E-14 |   55402.40 |   55402.40 |   |
244.43530 |  51.84854 |  2.498E+13 |  1.000E+00 |  1.794E-12 |  1.075E-13 |   55402.40 |   55402.40 |   |
244.43530 |  51.84854 |  1.363E+13 |  1.000E+00 |  1.904E-12 |  3.830E-13 |   55402.40 |   55402.40 |   |
244.43530 |  51.84854 |  8.817E+13 |  1.000E+00 |  8.583E-13 |  3.320E-14 |   55402.46 |   55402.46 |   |
244.43530 |  51.84854 |  6.517E+13 |  1.000E+00 |  1.225E-12 |  4.950E-14 |   55402.46 |   55402.46 |   |
244.43530 |  51.84854 |  2.498E+13 |  1.000E+00 |  1.768E-12 |  1.270E-13 |   55402.46 |   55402.46 |   |
244.43530 |  51.84854 |  1.363E+13 |  1.000E+00 |  2.468E-12 |  3.675E-13 |   55402.46 |   55402.46 |   |
244.43530 |  51.84854 |  8.817E+13 |  1.000E+00 |  9.206E-13 |  3.650E-14 |   55402.53 |   55402.53 |   |
244.43530 |  51.84854 |  6.517E+13 |  1.000E+00 |  1.313E-12 |  4.950E-14 |   55402.53 |   55402.53 |   |
244.43530 |  51.84854 |  2.498E+13 |  1.000E+00 |  1.870E-12 |  1.085E-13 |   55402.53 |   55402.53 |   |
244.43530 |  51.84854 |  1.363E+13 |  1.000E+00 |  2.303E-12 |  3.900E-13 |   55402.53 |   55402.53 |   |
244.43530 |  51.84854 |  8.817E+13 |  1.000E+00 |  8.599E-13 |  3.325E-14 |   55402.60 |   55402.60 |   |
244.43530 |  51.84854 |  6.517E+13 |  1.000E+00 |  1.294E-12 |  4.750E-14 |   55402.60 |   55402.60 |   |
244.43530 |  51.84854 |  8.817E+13 |  1.000E+00 |  7.778E-13 |  3.295E-14 |   55401.61 |   55401.61 |   |
244.43530 |  51.84854 |  6.517E+13 |  1.000E+00 |  1.263E-12 |  4.300E-14 |   55401.61 |   55401.61 |   |
244.43530 |  51.84854 |  8.817E+13 |  1.000E+00 |  9.013E-13 |  3.900E-14 |   55401.67 |   55401.67 |   |
244.43530 |  51.84854 |  6.517E+13 |  1.000E+00 |  1.313E-12 |  4.700E-14 |   55401.67 |   55401.67 |   |
244.43530 |  51.84854 |  2.498E+13 |  1.000E+00 |  1.730E-12 |  1.050E-13 |   55401.67 |   55401.67 |   |
244.43530 |  51.84854 |  1.363E+13 |  1.000E+00 |  1.744E-12 |  3.835E-13 |   55401.67 |   55401.67 |   |
244.43530 |  51.84854 |  8.817E+13 |  1.000E+00 |  8.265E-13 |  3.505E-14 |   55401.74 |   55401.74 |   |
244.43530 |  51.84854 |  6.517E+13 |  1.000E+00 |  1.226E-12 |  4.650E-14 |   55401.74 |   55401.74 |   |
244.43530 |  51.84854 |  2.498E+13 |  1.000E+00 |  1.670E-12 |  1.170E-13 |   55401.74 |   55401.74 |   |
244.43530 |  51.84854 |  1.363E+13 |  1.000E+00 |  2.182E-12 |  4.060E-13 |   55401.74 |   55401.74 |   |
244.43530 |  51.84854 |  8.817E+13 |  1.000E+00 |  8.583E-13 |  3.640E-14 |   55401.80 |   55401.80 |   |
244.43530 |  51.84854 |  6.517E+13 |  1.000E+00 |  1.263E-12 |  5.250E-14 |   55401.80 |   55401.80 |   |
244.43530 |  51.84854 |  2.498E+13 |  1.000E+00 |  1.804E-12 |  1.115E-13 |   55401.80 |   55401.80 |   |
244.43530 |  51.84854 |  1.363E+13 |  1.000E+00 |  2.441E-12 |  3.700E-13 |   55401.80 |   55401.80 |   |
244.43530 |  51.84854 |  8.817E+13 |  1.000E+00 |  8.212E-13 |  3.555E-14 |   55401.87 |   55401.87 |   |
244.43530 |  51.84854 |  6.517E+13 |  1.000E+00 |  1.305E-12 |  5.900E-14 |   55401.87 |   55401.87 |   |
244.43530 |  51.84854 |  2.498E+13 |  1.000E+00 |  1.776E-12 |  1.015E-13 |   55401.87 |   55401.87 |   |
244.43530 |  51.84854 |  1.363E+13 |  1.000E+00 |  2.196E-12 |  3.695E-13 |   55401.87 |   55401.87 |   |
244.43530 |  51.84854 |  8.817E+13 |  1.000E+00 |  8.003E-13 |  3.760E-14 |   55401.94 |   55401.94 |   |
244.43530 |  51.84854 |  6.517E+13 |  1.000E+00 |  1.197E-12 |  4.850E-14 |   55401.94 |   55401.94 |   |
244.43530 |  51.84854 |  2.498E+13 |  1.000E+00 |  1.939E-12 |  1.290E-13 |   55401.94 |   55401.94 |   |
244.43530 |  51.84854 |  1.363E+13 |  1.000E+00 |  2.200E-12 |  4.055E-13 |   55401.94 |   55401.94 |   |
244.43530 |  51.84854 |  8.817E+13 |  1.000E+00 |  8.639E-13 |  3.580E-14 |   55401.94 |   55401.94 |   |
244.43530 |  51.84854 |  6.517E+13 |  1.000E+00 |  1.204E-12 |  4.800E-14 |   55401.94 |   55401.94 |   |
244.43530 |  51.84854 |  2.498E+13 |  1.000E+00 |  1.741E-12 |  1.090E-13 |   55401.94 |   55401.94 |   |
244.43530 |  51.84854 |  1.363E+13 |  1.000E+00 |  2.379E-12 |  3.825E-13 |   55401.94 |   55401.94 |   |
244.43530 |  51.84854 |  8.817E+13 |  1.000E+00 |  8.137E-13 |  3.295E-14 |   55402.00 |   55402.00 |   |
244.43530 |  51.84854 |  6.517E+13 |  1.000E+00 |  1.216E-12 |  5.450E-14 |   55402.00 |   55402.00 |   |
244.43530 |  51.84854 |  2.498E+13 |  1.000E+00 |  1.690E-12 |  1.105E-13 |   55402.00 |   55402.00 |   |
244.43530 |  51.84854 |  1.363E+13 |  1.000E+00 |  1.408E-12 |  4.310E-13 |   55402.00 |   55402.00 |   |
244.43530 |  51.84854 |  8.817E+13 |  1.000E+00 |  8.759E-13 |  3.795E-14 |   55402.07 |   55402.07 |   |
244.43530 |  51.84854 |  6.517E+13 |  1.000E+00 |  1.210E-12 |  6.100E-14 |   55402.07 |   55402.07 |   |
244.43530 |  51.84854 |  2.498E+13 |  1.000E+00 |  1.845E-12 |  1.120E-13 |   55402.07 |   55402.07 |   |
244.43530 |  51.84854 |  1.363E+13 |  1.000E+00 |  1.988E-12 |  3.685E-13 |   55402.07 |   55402.07 |   |
244.43530 |  51.84854 |  8.817E+13 |  1.000E+00 |  8.711E-13 |  3.455E-14 |   55402.13 |   55402.13 |   |
244.43530 |  51.84854 |  6.517E+13 |  1.000E+00 |  1.257E-12 |  5.250E-14 |   55402.13 |   55402.13 |   |
244.43530 |  51.84854 |  2.498E+13 |  1.000E+00 |  1.692E-12 |  1.125E-13 |   55402.13 |   55402.13 |   |
244.43530 |  51.84854 |  1.363E+13 |  1.000E+00 |  1.676E-12 |  4.150E-13 |   55402.13 |   55402.13 |   |
244.43530 |  51.84854 |  8.817E+13 |  1.000E+00 |  7.937E-13 |  3.580E-14 |   55402.20 |   55402.20 |   |
244.43530 |  51.84854 |  6.517E+13 |  1.000E+00 |  1.301E-12 |  4.550E-14 |   55402.20 |   55402.20 |   |
244.43530 |  51.84854 |  2.498E+13 |  1.000E+00 |  2.032E-12 |  1.090E-13 |   55402.20 |   55402.20 |   |
244.43530 |  51.84854 |  1.363E+13 |  1.000E+00 |  2.401E-12 |  4.470E-13 |   55402.20 |   55402.20 |   |
244.43530 |  51.84854 |  8.817E+13 |  1.000E+00 |  8.396E-13 |  3.560E-14 |   55223.06 |   55223.06 |   |
244.43530 |  51.84854 |  6.517E+13 |  1.000E+00 |  1.212E-12 |  5.200E-14 |   55223.06 |   55223.06 |   |
244.43530 |  51.84854 |  2.498E+13 |  1.000E+00 |  1.850E-12 |  1.145E-13 |   55223.06 |   55223.06 |   |
244.43530 |  51.84854 |  1.363E+13 |  1.000E+00 |  2.278E-12 |  5.465E-13 |   55223.06 |   55223.06 |   |
244.43530 |  51.84854 |  8.817E+13 |  1.000E+00 |  7.728E-13 |  3.415E-14 |   55223.26 |   55223.26 |   |
244.43530 |  51.84854 |  6.517E+13 |  1.000E+00 |  1.184E-12 |  5.550E-14 |   55223.26 |   55223.26 |   |
244.43530 |  51.84854 |  2.498E+13 |  1.000E+00 |  1.835E-12 |  1.205E-13 |   55223.26 |   55223.26 |   |
244.43530 |  51.84854 |  1.363E+13 |  1.000E+00 |  2.128E-12 |  3.625E-13 |   55223.26 |   55223.26 |   |
244.43530 |  51.84854 |  8.817E+13 |  1.000E+00 |  8.018E-13 |  3.470E-14 |   55223.32 |   55223.32 |   |
244.43530 |  51.84854 |  6.517E+13 |  1.000E+00 |  1.285E-12 |  4.750E-14 |   55223.32 |   55223.32 |   |
244.43530 |  51.84854 |  2.498E+13 |  1.000E+00 |  1.765E-12 |  1.125E-13 |   55223.32 |   55223.32 |   |
244.43530 |  51.84854 |  1.363E+13 |  1.000E+00 |  1.525E-12 |  3.935E-13 |   55223.32 |   55223.32 |   |
244.43530 |  51.84854 |  8.817E+13 |  1.000E+00 |  9.063E-13 |  3.505E-14 |   55223.39 |   55223.39 |   |
244.43530 |  51.84854 |  6.517E+13 |  1.000E+00 |  1.313E-12 |  4.850E-14 |   55223.39 |   55223.39 |   |
244.43530 |  51.84854 |  2.498E+13 |  1.000E+00 |  1.785E-12 |  1.120E-13 |   55223.39 |   55223.39 |   |
244.43530 |  51.84854 |  1.363E+13 |  1.000E+00 |  2.284E-12 |  4.360E-13 |   55223.39 |   55223.39 |   |
244.43530 |  51.84854 |  8.817E+13 |  1.000E+00 |  7.908E-13 |  3.640E-14 |   55223.59 |   55223.59 |   |
244.43530 |  51.84854 |  6.517E+13 |  1.000E+00 |  1.234E-12 |  5.350E-14 |   55223.59 |   55223.59 |   |
244.43530 |  51.84854 |  2.498E+13 |  1.000E+00 |  1.860E-12 |  1.060E-13 |   55223.59 |   55223.59 |   |
244.43530 |  51.84854 |  1.363E+13 |  1.000E+00 |  1.232E-12 |  5.109E-13 |   55223.59 |   55223.59 |   |
244.43530 |  51.84854 |  8.817E+13 |  1.000E+00 |  8.759E-13 |  4.115E-14 |   55223.72 |   55223.72 |   |
244.43530 |  51.84854 |  6.517E+13 |  1.000E+00 |  1.309E-12 |  5.450E-14 |   55223.72 |   55223.72 |   |
244.43530 |  51.84854 |  2.498E+13 |  1.000E+00 |  1.811E-12 |  1.085E-13 |   55223.72 |   55223.72 |   |
244.43530 |  51.84854 |  1.363E+13 |  1.000E+00 |  1.113E-12 |  3.681E-13 |   55223.72 |   55223.72 |   |
244.43530 |  51.84854 |  8.817E+13 |  1.000E+00 |  7.615E-13 |  3.855E-14 |   55223.85 |   55223.85 |   |
244.43530 |  51.84854 |  6.517E+13 |  1.000E+00 |  1.287E-12 |  5.450E-14 |   55223.85 |   55223.85 |   |
244.43530 |  51.84854 |  2.498E+13 |  1.000E+00 |  1.973E-12 |  1.055E-13 |   55223.85 |   55223.85 |   |
244.43530 |  51.84854 |  1.363E+13 |  1.000E+00 |  2.340E-12 |  3.940E-13 |   55223.85 |   55223.85 |   |
244.43530 |  51.84854 |  8.817E+13 |  1.000E+00 |  8.003E-13 |  3.465E-14 |   55401.14 |   55401.14 |   |
244.43530 |  51.84854 |  6.517E+13 |  1.000E+00 |  1.190E-12 |  4.850E-14 |   55401.14 |   55401.14 |   |
244.43530 |  51.84854 |  2.498E+13 |  1.000E+00 |  1.872E-12 |  1.175E-13 |   55401.14 |   55401.14 |   |
244.43530 |  51.84854 |  1.363E+13 |  1.000E+00 |  1.754E-12 |  4.360E-13 |   55401.14 |   55401.14 |   |
244.43530 |  51.84854 |  8.817E+13 |  1.000E+00 |  8.085E-13 |  3.500E-14 |   55401.27 |   55401.27 |   |
244.43530 |  51.84854 |  6.517E+13 |  1.000E+00 |  1.313E-12 |  5.100E-14 |   55401.27 |   55401.27 |   |
244.43530 |  51.84854 |  2.498E+13 |  1.000E+00 |  1.754E-12 |  1.050E-13 |   55401.27 |   55401.27 |   |
244.43530 |  51.84854 |  1.363E+13 |  1.000E+00 |  1.883E-12 |  4.020E-13 |   55401.27 |   55401.27 |   |
244.43530 |  51.84854 |  8.817E+13 |  1.000E+00 |  8.380E-13 |  3.705E-14 |   55401.41 |   55401.41 |   |
244.43530 |  51.84854 |  6.517E+13 |  1.000E+00 |  1.207E-12 |  5.900E-14 |   55401.41 |   55401.41 |   |
244.43530 |  51.84854 |  2.498E+13 |  1.000E+00 |  1.889E-12 |  1.115E-13 |   55401.41 |   55401.41 |   |
244.43530 |  51.84854 |  1.363E+13 |  1.000E+00 |  2.333E-12 |  4.780E-13 |   55401.41 |   55401.41 |   |
244.43530 |  51.84854 |  8.817E+13 |  1.000E+00 |  8.047E-13 |  3.560E-14 |   55401.54 |   55401.54 |   |
244.43530 |  51.84854 |  6.517E+13 |  1.000E+00 |  1.164E-12 |  5.700E-14 |   55401.54 |   55401.54 |   |
244.43530 |  51.84854 |  2.498E+13 |  1.000E+00 |  1.793E-12 |  1.040E-13 |   55401.54 |   55401.54 |   |
244.43530 |  51.84854 |  1.363E+13 |  1.000E+00 |  2.649E-12 |  4.190E-13 |   55401.54 |   55401.54 |   |
244.43530 |  51.84854 |  8.817E+13 |  1.000E+00 |  7.333E-13 |  3.720E-14 |   55588.71 |   55588.71 |   |
244.43530 |  51.84854 |  6.517E+13 |  1.000E+00 |  1.217E-12 |  4.700E-14 |   55588.71 |   55588.71 |   |
244.43530 |  51.84854 |  8.817E+13 |  1.000E+00 |  7.974E-13 |  3.450E-14 |   55588.78 |   55588.78 |   |
244.43530 |  51.84854 |  6.517E+13 |  1.000E+00 |  1.179E-12 |  5.000E-14 |   55588.78 |   55588.78 |   |
244.43530 |  51.84854 |  8.817E+13 |  1.000E+00 |  7.706E-13 |  3.410E-14 |   55588.84 |   55588.84 |   |
244.43530 |  51.84854 |  6.517E+13 |  1.000E+00 |  1.201E-12 |  4.850E-14 |   55588.84 |   55588.84 |   |
244.43530 |  51.84854 |  8.817E+13 |  1.000E+00 |  8.070E-13 |  3.565E-14 |   55588.91 |   55588.91 |   |
244.43530 |  51.84854 |  6.517E+13 |  1.000E+00 |  1.085E-12 |  4.800E-14 |   55588.91 |   55588.91 |   |
244.43530 |  51.84854 |  8.817E+13 |  1.000E+00 |  8.703E-13 |  3.850E-14 |   55588.91 |   55588.91 |   |
244.43530 |  51.84854 |  6.517E+13 |  1.000E+00 |  1.042E-12 |  5.370E-14 |   55588.91 |   55588.91 |   |
244.43530 |  51.84854 |  8.817E+13 |  1.000E+00 |  7.435E-13 |  3.700E-14 |   55588.98 |   55588.98 |   |
244.43530 |  51.84854 |  6.517E+13 |  1.000E+00 |  1.116E-12 |  5.050E-14 |   55588.98 |   55588.98 |   |
244.43530 |  51.84854 |  8.817E+13 |  1.000E+00 |  8.242E-13 |  3.950E-14 |   55589.04 |   55589.04 |   |
244.43530 |  51.84854 |  6.517E+13 |  1.000E+00 |  1.062E-12 |  5.150E-14 |   55589.04 |   55589.04 |   |
244.43530 |  51.84854 |  8.817E+13 |  1.000E+00 |  7.503E-13 |  3.665E-14 |   55589.18 |   55589.18 |   |
244.43530 |  51.84854 |  6.517E+13 |  1.000E+00 |  9.142E-13 |  5.645E-14 |   55589.18 |   55589.18 |   |
244.43530 |  51.84854 |  8.817E+13 |  1.000E+00 |  7.778E-13 |  3.510E-14 |   55589.24 |   55589.24 |   |
244.43530 |  51.84854 |  6.517E+13 |  1.000E+00 |  1.118E-12 |  5.150E-14 |   55589.24 |   55589.24 |   |
244.43530 |  51.84854 |  8.817E+13 |  1.000E+00 |  7.172E-13 |  4.165E-14 |   55589.31 |   55589.31 |   |
244.43530 |  51.84854 |  6.517E+13 |  1.000E+00 |  1.144E-12 |  5.400E-14 |   55589.31 |   55589.31 |   |
244.43530 |  51.84854 |  8.817E+13 |  1.000E+00 |  8.197E-13 |  3.850E-14 |   55589.38 |   55589.38 |   |
244.43530 |  51.84854 |  6.517E+13 |  1.000E+00 |  1.112E-12 |  5.350E-14 |   55589.38 |   55589.38 |   |
244.43530 |  51.84854 |  8.817E+13 |  1.000E+00 |  7.671E-13 |  3.535E-14 |   55589.50 |   55589.50 |   |
244.43530 |  51.84854 |  6.517E+13 |  1.000E+00 |  1.236E-12 |  4.850E-14 |   55589.50 |   55589.50 |   |
244.43530 |  51.84854 |  8.817E+13 |  1.000E+00 |  7.373E-13 |  3.535E-14 |   55589.57 |   55589.57 |   |
244.43530 |  51.84854 |  6.517E+13 |  1.000E+00 |  1.093E-12 |  5.750E-14 |   55589.57 |   55589.57 |   |
244.43530 |  51.84854 |  8.817E+13 |  1.000E+00 |  7.179E-13 |  4.500E-14 |   55589.64 |   55589.64 |   |
244.43530 |  51.84854 |  6.517E+13 |  1.000E+00 |  1.034E-12 |  6.000E-14 |   55589.64 |   55589.64 |   |
244.43530 |  51.84854 |  8.817E+13 |  1.000E+00 |  8.189E-13 |  3.925E-14 |   55589.70 |   55589.70 |   |
244.43530 |  51.84854 |  6.517E+13 |  1.000E+00 |  1.202E-12 |  4.900E-14 |   55589.70 |   55589.70 |   |
244.43530 |  51.84854 |  8.817E+13 |  1.000E+00 |  9.231E-13 |  4.080E-14 |   55586.86 |   55586.86 |   |
244.43530 |  51.84854 |  6.517E+13 |  1.000E+00 |  1.219E-12 |  5.250E-14 |   55586.86 |   55586.86 |   |
244.43530 |  51.84854 |  8.817E+13 |  1.000E+00 |  7.545E-13 |  3.755E-14 |   55586.93 |   55586.93 |   |
244.43530 |  51.84854 |  6.517E+13 |  1.000E+00 |  1.249E-12 |  5.050E-14 |   55586.93 |   55586.93 |   |
244.43530 |  51.84854 |  8.817E+13 |  1.000E+00 |  7.842E-13 |  3.395E-14 |   55586.99 |   55586.99 |   |
244.43530 |  51.84854 |  6.517E+13 |  1.000E+00 |  1.224E-12 |  5.300E-14 |   55586.99 |   55586.99 |   |
244.43530 |  51.84854 |  8.817E+13 |  1.000E+00 |  8.212E-13 |  3.785E-14 |   55587.06 |   55587.06 |   |
244.43530 |  51.84854 |  6.517E+13 |  1.000E+00 |  1.182E-12 |  5.100E-14 |   55587.06 |   55587.06 |   |
244.43530 |  51.84854 |  8.817E+13 |  1.000E+00 |  7.538E-13 |  3.750E-14 |   55587.06 |   55587.06 |   |
244.43530 |  51.84854 |  6.517E+13 |  1.000E+00 |  9.878E-13 |  5.745E-14 |   55587.06 |   55587.06 |   |
244.43530 |  51.84854 |  8.817E+13 |  1.000E+00 |  8.062E-13 |  3.415E-14 |   55587.19 |   55587.19 |   |
244.43530 |  51.84854 |  6.517E+13 |  1.000E+00 |  1.128E-12 |  5.300E-14 |   55587.19 |   55587.19 |   |
244.43530 |  51.84854 |  8.817E+13 |  1.000E+00 |  8.695E-13 |  4.085E-14 |   55587.26 |   55587.26 |   |
244.43530 |  51.84854 |  6.517E+13 |  1.000E+00 |  1.274E-12 |  5.150E-14 |   55587.26 |   55587.26 |   |
244.43530 |  51.84854 |  8.817E+13 |  1.000E+00 |  8.372E-13 |  3.780E-14 |   55587.26 |   55587.26 |   |
244.43530 |  51.84854 |  6.517E+13 |  1.000E+00 |  1.145E-12 |  5.600E-14 |   55587.26 |   55587.26 |   |
244.43530 |  51.84854 |  8.817E+13 |  1.000E+00 |  8.497E-13 |  3.520E-14 |   55588.25 |   55588.25 |   |
244.43530 |  51.84854 |  6.517E+13 |  1.000E+00 |  1.220E-12 |  4.850E-14 |   55588.25 |   55588.25 |   |
244.43530 |  51.84854 |  8.817E+13 |  1.000E+00 |  8.197E-13 |  3.630E-14 |   55588.38 |   55588.38 |   |
244.43530 |  51.84854 |  6.517E+13 |  1.000E+00 |  1.089E-12 |  4.800E-14 |   55588.38 |   55588.38 |   |
244.43530 |  51.84854 |  8.817E+13 |  1.000E+00 |  7.285E-13 |  3.560E-14 |   55588.52 |   55588.52 |   |
244.43530 |  51.84854 |  6.517E+13 |  1.000E+00 |  1.319E-12 |  4.750E-14 |   55588.52 |   55588.52 |   |
244.43530 |  51.84854 |  8.817E+13 |  1.000E+00 |  7.871E-13 |  3.625E-14 |   55588.58 |   55588.58 |   |
244.43530 |  51.84854 |  6.517E+13 |  1.000E+00 |  1.226E-12 |  4.850E-14 |   55588.58 |   55588.58 |   |
244.43530 |  51.84854 |  8.817E+13 |  1.000E+00 |  7.594E-13 |  3.990E-14 |   55588.71 |   55588.71 |   |
244.43530 |  51.84854 |  6.517E+13 |  1.000E+00 |  1.196E-12 |  5.250E-14 |   55588.71 |   55588.71 |   |
244.43530 |  51.84854 |  8.817E+13 |  1.000E+00 |  7.706E-13 |  3.410E-14 |   55403.26 |   55403.26 |   |
244.43530 |  51.84854 |  6.517E+13 |  1.000E+00 |  1.300E-12 |  5.400E-14 |   55403.26 |   55403.26 |   |
244.43530 |  51.84854 |  2.498E+13 |  1.000E+00 |  1.808E-12 |  1.150E-13 |   55403.26 |   55403.26 |   |
244.43530 |  51.84854 |  1.363E+13 |  1.000E+00 |  2.338E-12 |  3.825E-13 |   55403.26 |   55403.26 |   |
244.43530 |  51.84854 |  8.817E+13 |  1.000E+00 |  8.303E-13 |  3.445E-14 |   55403.32 |   55403.32 |   |
244.43530 |  51.84854 |  6.517E+13 |  1.000E+00 |  1.267E-12 |  4.750E-14 |   55403.32 |   55403.32 |   |
244.43530 |  51.84854 |  2.498E+13 |  1.000E+00 |  1.845E-12 |  1.020E-13 |   55403.32 |   55403.32 |   |
244.43530 |  51.84854 |  1.363E+13 |  1.000E+00 |  1.697E-12 |  4.540E-13 |   55403.32 |   55403.32 |   |
244.43530 |  51.84854 |  8.817E+13 |  1.000E+00 |  8.568E-13 |  3.475E-14 |   55403.46 |   55403.46 |   |
244.43530 |  51.84854 |  6.517E+13 |  1.000E+00 |  1.205E-12 |  4.700E-14 |   55403.46 |   55403.46 |   |
244.43530 |  51.84854 |  2.498E+13 |  1.000E+00 |  1.813E-12 |  1.035E-13 |   55403.46 |   55403.46 |   |
244.43530 |  51.84854 |  1.363E+13 |  1.000E+00 |  2.684E-12 |  4.095E-13 |   55403.46 |   55403.46 |   |
244.43530 |  51.84854 |  8.817E+13 |  1.000E+00 |  7.601E-13 |  3.435E-14 |   55403.59 |   55403.59 |   |
244.43530 |  51.84854 |  6.517E+13 |  1.000E+00 |  1.296E-12 |  4.800E-14 |   55403.59 |   55403.59 |   |
244.43530 |  51.84854 |  8.817E+13 |  1.000E+00 |  8.419E-13 |  3.335E-14 |   55403.72 |   55403.72 |   |
244.43530 |  51.84854 |  6.517E+13 |  1.000E+00 |  1.294E-12 |  4.900E-14 |   55403.72 |   55403.72 |   |
244.43530 |  51.84854 |  2.498E+13 |  1.000E+00 |  1.752E-12 |  9.850E-14 |   55403.72 |   55403.72 |   |
244.43530 |  51.84854 |  1.363E+13 |  1.000E+00 |  1.554E-12 |  4.530E-13 |   55403.72 |   55403.72 |   |
244.43530 |  51.84854 |  8.817E+13 |  1.000E+00 |  7.414E-13 |  3.485E-14 |   55585.73 |   55585.73 |   |
244.43530 |  51.84854 |  6.517E+13 |  1.000E+00 |  1.076E-12 |  4.950E-14 |   55585.73 |   55585.73 |   |
244.43530 |  51.84854 |  8.817E+13 |  1.000E+00 |  8.914E-13 |  3.695E-14 |   55585.87 |   55585.87 |   |
244.43530 |  51.84854 |  6.517E+13 |  1.000E+00 |  1.207E-12 |  5.150E-14 |   55585.87 |   55585.87 |   |
244.43530 |  51.84854 |  8.817E+13 |  1.000E+00 |  7.299E-13 |  3.765E-14 |   55586.00 |   55586.00 |   |
244.43530 |  51.84854 |  6.517E+13 |  1.000E+00 |  1.179E-12 |  5.100E-14 |   55586.00 |   55586.00 |   |
244.43530 |  51.84854 |  8.817E+13 |  1.000E+00 |  7.944E-13 |  3.510E-14 |   55589.84 |   55589.84 |   |
244.43530 |  51.84854 |  6.517E+13 |  1.000E+00 |  1.242E-12 |  5.500E-14 |   55589.84 |   55589.84 |   |
244.43530 |  51.84854 |  8.817E+13 |  1.000E+00 |  7.678E-13 |  3.820E-14 |   55589.90 |   55589.90 |   |
244.43530 |  51.84854 |  6.517E+13 |  1.000E+00 |  1.074E-12 |  5.450E-14 |   55589.90 |   55589.90 |   |
244.43530 |  51.84854 |  8.817E+13 |  1.000E+00 |  8.040E-13 |  3.485E-14 |   55223.32 |   55223.32 |   |
244.43530 |  51.84854 |  6.517E+13 |  1.000E+00 |  1.284E-12 |  4.700E-14 |   55223.32 |   55223.32 |   |
244.43530 |  51.84854 |  2.498E+13 |  1.000E+00 |  1.778E-12 |  1.230E-13 |   55223.32 |   55223.32 |   |
244.43530 |  51.84854 |  1.363E+13 |  1.000E+00 |  1.419E-12 |  5.881E-13 |   55223.32 |   55223.32 |   |
244.43530 |  51.84854 |  8.817E+13 |  1.000E+00 |  8.182E-13 |  3.620E-14 |   55221.80 |   55221.80 |   |
244.43530 |  51.84854 |  6.517E+13 |  1.000E+00 |  1.214E-12 |  4.800E-14 |   55221.80 |   55221.80 |   |
244.43530 |  51.84854 |  2.498E+13 |  1.000E+00 |  1.786E-12 |  1.085E-13 |   55221.80 |   55221.80 |   |
244.43530 |  51.84854 |  1.363E+13 |  1.000E+00 |  1.463E-12 |  5.100E-13 |   55221.80 |   55221.80 |   |
244.43530 |  51.84854 |  8.817E+13 |  1.000E+00 |  7.981E-13 |  3.970E-14 |   55221.93 |   55221.93 |   |
244.43530 |  51.84854 |  6.517E+13 |  1.000E+00 |  1.161E-12 |  4.950E-14 |   55221.93 |   55221.93 |   |
244.43530 |  51.84854 |  2.498E+13 |  1.000E+00 |  1.681E-12 |  1.040E-13 |   55221.93 |   55221.93 |   |
244.43530 |  51.84854 |  1.363E+13 |  1.000E+00 |  7.719E-13 |  3.936E-13 |   55221.93 |   55221.93 |   |
244.43530 |  51.84854 |  8.817E+13 |  1.000E+00 |  8.273E-13 |  4.040E-14 |   55221.93 |   55221.93 |   |
244.43530 |  51.84854 |  2.498E+13 |  1.000E+00 |  1.622E-12 |  9.750E-14 |   55221.93 |   55221.93 |   |
244.43530 |  51.84854 |  1.363E+13 |  1.000E+00 |  2.461E-12 |  4.675E-13 |   55221.93 |   55221.93 |   |
244.43530 |  51.84854 |  8.817E+13 |  1.000E+00 |  8.434E-13 |  3.570E-14 |   55222.07 |   55222.07 |   |
244.43530 |  51.84854 |  6.517E+13 |  1.000E+00 |  1.277E-12 |  4.950E-14 |   55222.07 |   55222.07 |   |
244.43530 |  51.84854 |  2.498E+13 |  1.000E+00 |  1.867E-12 |  1.070E-13 |   55222.07 |   55222.07 |   |
244.43530 |  51.84854 |  1.363E+13 |  1.000E+00 |  1.840E-12 |  4.135E-13 |   55222.07 |   55222.07 |   |
244.43530 |  51.84854 |  8.817E+13 |  1.000E+00 |  7.966E-13 |  4.110E-14 |   55222.27 |   55222.27 |   |
244.43530 |  51.84854 |  6.517E+13 |  1.000E+00 |  1.274E-12 |  4.950E-14 |   55222.27 |   55222.27 |   |
244.43530 |  51.84854 |  2.498E+13 |  1.000E+00 |  1.712E-12 |  1.085E-13 |   55222.27 |   55222.27 |   |
244.43530 |  51.84854 |  1.363E+13 |  1.000E+00 |  1.583E-12 |  4.160E-13 |   55222.27 |   55222.27 |   |
244.43530 |  51.84854 |  8.817E+13 |  1.000E+00 |  9.138E-13 |  3.455E-14 |   55222.33 |   55222.33 |   |
244.43530 |  51.84854 |  6.517E+13 |  1.000E+00 |  1.360E-12 |  4.850E-14 |   55222.33 |   55222.33 |   |
244.43530 |  51.84854 |  2.498E+13 |  1.000E+00 |  1.786E-12 |  1.055E-13 |   55222.33 |   55222.33 |   |
244.43530 |  51.84854 |  1.363E+13 |  1.000E+00 |  1.502E-12 |  3.730E-13 |   55222.33 |   55222.33 |   |
244.43530 |  51.84854 |  8.817E+13 |  1.000E+00 |  8.365E-13 |  3.545E-14 |   55222.40 |   55222.40 |   |
244.43530 |  51.84854 |  6.517E+13 |  1.000E+00 |  1.270E-12 |  5.000E-14 |   55222.40 |   55222.40 |   |
244.43530 |  51.84854 |  2.498E+13 |  1.000E+00 |  1.622E-12 |  1.105E-13 |   55222.40 |   55222.40 |   |
244.43530 |  51.84854 |  1.363E+13 |  1.000E+00 |  1.252E-12 |  5.577E-13 |   55222.40 |   55222.40 |   |
244.43530 |  51.84854 |  8.817E+13 |  1.000E+00 |  8.152E-13 |  3.455E-14 |   55222.59 |   55222.59 |   |
244.43530 |  51.84854 |  6.517E+13 |  1.000E+00 |  1.357E-12 |  5.000E-14 |   55222.59 |   55222.59 |   |
244.43530 |  51.84854 |  2.498E+13 |  1.000E+00 |  1.760E-12 |  1.085E-13 |   55222.59 |   55222.59 |   |
244.43530 |  51.84854 |  1.363E+13 |  1.000E+00 |  2.401E-12 |  4.740E-13 |   55222.59 |   55222.59 |   |
244.43530 |  51.84854 |  8.817E+13 |  1.000E+00 |  7.742E-13 |  3.425E-14 |   55222.66 |   55222.66 |   |
244.43530 |  51.84854 |  6.517E+13 |  1.000E+00 |  1.260E-12 |  4.750E-14 |   55222.66 |   55222.66 |   |
244.43530 |  51.84854 |  8.817E+13 |  1.000E+00 |  9.240E-13 |  3.490E-14 |   55223.39 |   55223.39 |   |
244.43530 |  51.84854 |  6.517E+13 |  1.000E+00 |  1.312E-12 |  4.850E-14 |   55223.39 |   55223.39 |   |
244.43530 |  51.84854 |  2.498E+13 |  1.000E+00 |  1.778E-12 |  1.130E-13 |   55223.39 |   55223.39 |   |
244.43530 |  51.84854 |  1.363E+13 |  1.000E+00 |  2.526E-12 |  3.685E-13 |   55223.39 |   55223.39 |   |
244.43530 |  51.84854 |  8.817E+13 |  1.000E+00 |  7.636E-13 |  3.655E-14 |   55223.59 |   55223.59 |   |
244.43530 |  51.84854 |  6.517E+13 |  1.000E+00 |  1.239E-12 |  5.400E-14 |   55223.59 |   55223.59 |   |
244.43530 |  51.84854 |  2.498E+13 |  1.000E+00 |  1.862E-12 |  1.065E-13 |   55223.59 |   55223.59 |   |
244.43530 |  51.84854 |  1.363E+13 |  1.000E+00 |  1.230E-12 |  3.834E-13 |   55223.59 |   55223.59 |   |
244.43530 |  51.84854 |  8.817E+13 |  1.000E+00 |  8.695E-13 |  3.925E-14 |   55223.72 |   55223.72 |   |
244.43530 |  51.84854 |  6.517E+13 |  1.000E+00 |  1.308E-12 |  5.300E-14 |   55223.72 |   55223.72 |   |
244.43530 |  51.84854 |  2.498E+13 |  1.000E+00 |  1.720E-12 |  1.095E-13 |   55223.72 |   55223.72 |   |
244.43530 |  51.84854 |  1.363E+13 |  1.000E+00 |  1.129E-12 |  3.682E-13 |   55223.72 |   55223.72 |   |
244.43530 |  51.84854 |  8.817E+13 |  1.000E+00 |  7.650E-13 |  3.805E-14 |   55223.85 |   55223.85 |   |
244.43530 |  51.84854 |  6.517E+13 |  1.000E+00 |  1.284E-12 |  5.450E-14 |   55223.85 |   55223.85 |   |
244.43530 |  51.84854 |  2.498E+13 |  1.000E+00 |  1.955E-12 |  1.045E-13 |   55223.85 |   55223.85 |   |
244.43530 |  51.84854 |  1.363E+13 |  1.000E+00 |  2.355E-12 |  3.970E-13 |   55223.85 |   55223.85 |   |
244.43530 |  51.84854 |  8.817E+13 |  1.000E+00 |  8.003E-13 |  3.465E-14 |   55401.14 |   55401.14 |   |
244.43530 |  51.84854 |  6.517E+13 |  1.000E+00 |  1.186E-12 |  4.850E-14 |   55401.14 |   55401.14 |   |
244.43530 |  51.84854 |  2.498E+13 |  1.000E+00 |  1.845E-12 |  1.035E-13 |   55401.14 |   55401.14 |   |
244.43530 |  51.84854 |  1.363E+13 |  1.000E+00 |  1.754E-12 |  4.175E-13 |   55401.14 |   55401.14 |   |
244.43530 |  51.84854 |  8.817E+13 |  1.000E+00 |  7.074E-13 |  3.520E-14 |   55401.27 |   55401.27 |   |
244.43530 |  51.84854 |  6.517E+13 |  1.000E+00 |  1.307E-12 |  5.200E-14 |   55401.27 |   55401.27 |   |
244.43530 |  51.84854 |  2.498E+13 |  1.000E+00 |  1.749E-12 |  1.080E-13 |   55401.27 |   55401.27 |   |
244.43530 |  51.84854 |  1.363E+13 |  1.000E+00 |  1.895E-12 |  4.030E-13 |   55401.27 |   55401.27 |   |
244.43530 |  51.84854 |  8.817E+13 |  1.000E+00 |  8.372E-13 |  3.705E-14 |   55401.41 |   55401.41 |   |
244.43530 |  51.84854 |  6.517E+13 |  1.000E+00 |  1.211E-12 |  6.150E-14 |   55401.41 |   55401.41 |   |
244.43530 |  51.84854 |  2.498E+13 |  1.000E+00 |  1.896E-12 |  1.015E-13 |   55401.41 |   55401.41 |   |
244.43530 |  51.84854 |  1.363E+13 |  1.000E+00 |  2.255E-12 |  4.430E-13 |   55401.41 |   55401.41 |   |
244.43530 |  51.84854 |  8.817E+13 |  1.000E+00 |  7.864E-13 |  3.480E-14 |   55401.54 |   55401.54 |   |
244.43530 |  51.84854 |  6.517E+13 |  1.000E+00 |  1.165E-12 |  5.700E-14 |   55401.54 |   55401.54 |   |
244.43530 |  51.84854 |  2.498E+13 |  1.000E+00 |  1.798E-12 |  1.045E-13 |   55401.54 |   55401.54 |   |
244.43530 |  51.84854 |  1.363E+13 |  1.000E+00 |  2.691E-12 |  4.155E-13 |   55401.54 |   55401.54 |   |
244.43530 |  51.84854 |  8.817E+13 |  1.000E+00 |  7.742E-13 |  3.280E-14 |   55401.61 |   55401.61 |   |
244.43530 |  51.84854 |  6.517E+13 |  1.000E+00 |  1.265E-12 |  4.300E-14 |   55401.61 |   55401.61 |   |
244.43530 |  51.84854 |  8.817E+13 |  1.000E+00 |  9.029E-13 |  3.910E-14 |   55401.67 |   55401.67 |   |
244.43530 |  51.84854 |  6.517E+13 |  1.000E+00 |  1.311E-12 |  4.700E-14 |   55401.67 |   55401.67 |   |
244.43530 |  51.84854 |  2.498E+13 |  1.000E+00 |  1.715E-12 |  1.025E-13 |   55401.67 |   55401.67 |   |
244.43530 |  51.84854 |  1.363E+13 |  1.000E+00 |  1.790E-12 |  3.835E-13 |   55401.67 |   55401.67 |   |
244.43530 |  51.84854 |  8.817E+13 |  1.000E+00 |  8.107E-13 |  3.435E-14 |   55401.74 |   55401.74 |   |
244.43530 |  51.84854 |  6.517E+13 |  1.000E+00 |  1.232E-12 |  4.700E-14 |   55401.74 |   55401.74 |   |
244.43530 |  51.84854 |  2.498E+13 |  1.000E+00 |  1.689E-12 |  1.165E-13 |   55401.74 |   55401.74 |   |
244.43530 |  51.84854 |  1.363E+13 |  1.000E+00 |  2.171E-12 |  4.065E-13 |   55401.74 |   55401.74 |   |
244.43530 |  51.84854 |  8.817E+13 |  1.000E+00 |  8.583E-13 |  3.640E-14 |   55401.80 |   55401.80 |   |
244.43530 |  51.84854 |  6.517E+13 |  1.000E+00 |  1.265E-12 |  5.350E-14 |   55401.80 |   55401.80 |   |
244.43530 |  51.84854 |  2.498E+13 |  1.000E+00 |  1.809E-12 |  1.100E-13 |   55401.80 |   55401.80 |   |
244.43530 |  51.84854 |  1.363E+13 |  1.000E+00 |  2.439E-12 |  3.695E-13 |   55401.80 |   55401.80 |   |
244.43530 |  51.84854 |  8.817E+13 |  1.000E+00 |  8.205E-13 |  3.555E-14 |   55401.87 |   55401.87 |   |
244.43530 |  51.84854 |  6.517E+13 |  1.000E+00 |  1.299E-12 |  5.850E-14 |   55401.87 |   55401.87 |   |
244.43530 |  51.84854 |  2.498E+13 |  1.000E+00 |  1.788E-12 |  1.020E-13 |   55401.87 |   55401.87 |   |
244.43530 |  51.84854 |  1.363E+13 |  1.000E+00 |  2.218E-12 |  3.715E-13 |   55401.87 |   55401.87 |   |
244.43530 |  51.84854 |  8.817E+13 |  1.000E+00 |  8.010E-13 |  3.765E-14 |   55401.94 |   55401.94 |   |
244.43530 |  51.84854 |  6.517E+13 |  1.000E+00 |  1.194E-12 |  4.950E-14 |   55401.94 |   55401.94 |   |
244.43530 |  51.84854 |  2.498E+13 |  1.000E+00 |  1.957E-12 |  1.280E-13 |   55401.94 |   55401.94 |   |
244.43530 |  51.84854 |  1.363E+13 |  1.000E+00 |  2.208E-12 |  4.090E-13 |   55401.94 |   55401.94 |   |
244.43530 |  51.84854 |  8.817E+13 |  1.000E+00 |  8.663E-13 |  3.590E-14 |   55401.94 |   55401.94 |   |
244.43530 |  51.84854 |  6.517E+13 |  1.000E+00 |  1.205E-12 |  4.800E-14 |   55401.94 |   55401.94 |   |
244.43530 |  51.84854 |  2.498E+13 |  1.000E+00 |  1.749E-12 |  1.095E-13 |   55401.94 |   55401.94 |   |
244.43530 |  51.84854 |  1.363E+13 |  1.000E+00 |  2.363E-12 |  3.845E-13 |   55401.94 |   55401.94 |   |
244.43530 |  51.84854 |  8.817E+13 |  1.000E+00 |  8.144E-13 |  3.300E-14 |   55402.00 |   55402.00 |   |
244.43530 |  51.84854 |  6.517E+13 |  1.000E+00 |  1.217E-12 |  5.500E-14 |   55402.00 |   55402.00 |   |
244.43530 |  51.84854 |  2.498E+13 |  1.000E+00 |  1.698E-12 |  1.080E-13 |   55402.00 |   55402.00 |   |
244.43530 |  51.84854 |  1.363E+13 |  1.000E+00 |  1.453E-12 |  4.515E-13 |   55402.00 |   55402.00 |   |
244.43530 |  51.84854 |  8.817E+13 |  1.000E+00 |  8.735E-13 |  3.780E-14 |   55402.07 |   55402.07 |   |
244.43530 |  51.84854 |  6.517E+13 |  1.000E+00 |  1.213E-12 |  6.150E-14 |   55402.07 |   55402.07 |   |
244.43530 |  51.84854 |  2.498E+13 |  1.000E+00 |  1.830E-12 |  1.130E-13 |   55402.07 |   55402.07 |   |
244.43530 |  51.84854 |  1.363E+13 |  1.000E+00 |  1.990E-12 |  4.115E-13 |   55402.07 |   55402.07 |   |
244.43530 |  51.84854 |  8.817E+13 |  1.000E+00 |  8.711E-13 |  3.455E-14 |   55402.13 |   55402.13 |   |
244.43530 |  51.84854 |  6.517E+13 |  1.000E+00 |  1.256E-12 |  5.200E-14 |   55402.13 |   55402.13 |   |
244.43530 |  51.84854 |  2.498E+13 |  1.000E+00 |  1.690E-12 |  1.120E-13 |   55402.13 |   55402.13 |   |
244.43530 |  51.84854 |  1.363E+13 |  1.000E+00 |  1.647E-12 |  4.155E-13 |   55402.13 |   55402.13 |   |
244.43530 |  51.84854 |  8.817E+13 |  1.000E+00 |  7.937E-13 |  3.875E-14 |   55402.20 |   55402.20 |   |
244.43530 |  51.84854 |  6.517E+13 |  1.000E+00 |  1.300E-12 |  4.550E-14 |   55402.20 |   55402.20 |   |
244.43530 |  51.84854 |  2.498E+13 |  1.000E+00 |  2.023E-12 |  1.080E-13 |   55402.20 |   55402.20 |   |
244.43530 |  51.84854 |  1.363E+13 |  1.000E+00 |  2.498E-12 |  4.510E-13 |   55402.20 |   55402.20 |   |
244.43530 |  51.84854 |  8.817E+13 |  1.000E+00 |  7.792E-13 |  3.445E-14 |   55402.27 |   55402.27 |   |
244.43530 |  51.84854 |  6.517E+13 |  1.000E+00 |  1.256E-12 |  4.750E-14 |   55402.27 |   55402.27 |   |
244.43530 |  51.84854 |  2.498E+13 |  1.000E+00 |  1.941E-12 |  1.140E-13 |   55402.27 |   55402.27 |   |
244.43530 |  51.84854 |  1.363E+13 |  1.000E+00 |  1.960E-12 |  4.440E-13 |   55402.27 |   55402.27 |   |
244.43530 |  51.84854 |  8.817E+13 |  1.000E+00 |  8.365E-13 |  3.390E-14 |   55402.33 |   55402.33 |   |
244.43530 |  51.84854 |  6.517E+13 |  1.000E+00 |  1.246E-12 |  4.700E-14 |   55402.33 |   55402.33 |   |
244.43530 |  51.84854 |  2.498E+13 |  1.000E+00 |  1.850E-12 |  1.195E-13 |   55402.33 |   55402.33 |   |
244.43530 |  51.84854 |  1.363E+13 |  1.000E+00 |  2.519E-12 |  3.655E-13 |   55402.33 |   55402.33 |   |
244.43530 |  51.84854 |  8.817E+13 |  1.000E+00 |  8.319E-13 |  3.525E-14 |   55402.40 |   55402.40 |   |
244.43530 |  51.84854 |  6.517E+13 |  1.000E+00 |  1.191E-12 |  4.700E-14 |   55402.40 |   55402.40 |   |
244.43530 |  51.84854 |  2.498E+13 |  1.000E+00 |  1.794E-12 |  1.175E-13 |   55402.40 |   55402.40 |   |
244.43530 |  51.84854 |  1.363E+13 |  1.000E+00 |  1.977E-12 |  3.825E-13 |   55402.40 |   55402.40 |   |
244.43530 |  51.84854 |  8.817E+13 |  1.000E+00 |  8.623E-13 |  3.335E-14 |   55402.46 |   55402.46 |   |
244.43530 |  51.84854 |  6.517E+13 |  1.000E+00 |  1.231E-12 |  5.000E-14 |   55402.46 |   55402.46 |   |
244.43530 |  51.84854 |  2.498E+13 |  1.000E+00 |  1.762E-12 |  1.070E-13 |   55402.46 |   55402.46 |   |
244.43530 |  51.84854 |  1.363E+13 |  1.000E+00 |  2.423E-12 |  4.035E-13 |   55402.46 |   55402.46 |   |
244.43530 |  51.84854 |  8.817E+13 |  1.000E+00 |  8.865E-13 |  3.675E-14 |   55402.53 |   55402.53 |   |
244.43530 |  51.84854 |  6.517E+13 |  1.000E+00 |  1.311E-12 |  4.950E-14 |   55402.53 |   55402.53 |   |
244.43530 |  51.84854 |  2.498E+13 |  1.000E+00 |  1.881E-12 |  1.055E-13 |   55402.53 |   55402.53 |   |
244.43530 |  51.84854 |  1.363E+13 |  1.000E+00 |  2.291E-12 |  3.880E-13 |   55402.53 |   55402.53 |   |
244.43530 |  51.84854 |  8.817E+13 |  1.000E+00 |  8.591E-13 |  3.325E-14 |   55402.60 |   55402.60 |   |
244.43530 |  51.84854 |  6.517E+13 |  1.000E+00 |  1.290E-12 |  4.900E-14 |   55402.60 |   55402.60 |   |
244.43530 |  51.84854 |  8.817E+13 |  1.000E+00 |  7.312E-13 |  4.110E-14 |   55402.66 |   55402.66 |   |
244.43530 |  51.84854 |  6.517E+13 |  1.000E+00 |  1.220E-12 |  4.850E-14 |   55402.66 |   55402.66 |   |
244.43530 |  51.84854 |  2.498E+13 |  1.000E+00 |  1.867E-12 |  1.100E-13 |   55402.66 |   55402.66 |   |
244.43530 |  51.84854 |  1.363E+13 |  1.000E+00 |  1.119E-12 |  4.295E-13 |   55402.66 |   55402.66 |   |
244.43530 |  51.84854 |  8.817E+13 |  1.000E+00 |  8.010E-13 |  3.540E-14 |   55402.73 |   55402.73 |   |
244.43530 |  51.84854 |  6.517E+13 |  1.000E+00 |  1.222E-12 |  4.850E-14 |   55402.73 |   55402.73 |   |
244.43530 |  51.84854 |  2.498E+13 |  1.000E+00 |  1.441E-12 |  1.010E-13 |   55402.73 |   55402.73 |   |
244.43530 |  51.84854 |  1.363E+13 |  1.000E+00 |  1.814E-12 |  4.285E-13 |   55402.73 |   55402.73 |   |
244.43530 |  51.84854 |  8.817E+13 |  1.000E+00 |  8.055E-13 |  3.485E-14 |   55402.80 |   55402.80 |   |
244.43530 |  51.84854 |  6.517E+13 |  1.000E+00 |  1.260E-12 |  4.850E-14 |   55402.80 |   55402.80 |   |
244.43530 |  51.84854 |  2.498E+13 |  1.000E+00 |  1.793E-12 |  1.090E-13 |   55402.80 |   55402.80 |   |
244.43530 |  51.84854 |  1.363E+13 |  1.000E+00 |  1.620E-12 |  3.610E-13 |   55402.80 |   55402.80 |   |
244.43530 |  51.84854 |  8.817E+13 |  1.000E+00 |  8.227E-13 |  3.790E-14 |   55587.06 |   55587.06 |   |
244.43530 |  51.84854 |  6.517E+13 |  1.000E+00 |  1.182E-12 |  5.100E-14 |   55587.06 |   55587.06 |   |
244.43530 |  51.84854 |  8.817E+13 |  1.000E+00 |  7.573E-13 |  3.770E-14 |   55587.06 |   55587.06 |   |
244.43530 |  51.84854 |  6.517E+13 |  1.000E+00 |  9.814E-13 |  5.695E-14 |   55587.06 |   55587.06 |   |
244.43530 |  51.84854 |  8.817E+13 |  1.000E+00 |  8.040E-13 |  3.410E-14 |   55587.19 |   55587.19 |   |
244.43530 |  51.84854 |  6.517E+13 |  1.000E+00 |  1.134E-12 |  5.250E-14 |   55587.19 |   55587.19 |   |
244.43530 |  51.84854 |  8.817E+13 |  1.000E+00 |  8.489E-13 |  4.065E-14 |   55587.26 |   55587.26 |   |
244.43530 |  51.84854 |  6.517E+13 |  1.000E+00 |  1.277E-12 |  5.300E-14 |   55587.26 |   55587.26 |   |
244.43530 |  51.84854 |  8.817E+13 |  1.000E+00 |  8.062E-13 |  3.790E-14 |   55587.26 |   55587.26 |   |
244.43530 |  51.84854 |  6.517E+13 |  1.000E+00 |  1.137E-12 |  5.550E-14 |   55587.26 |   55587.26 |   |
244.43530 |  51.84854 |  8.817E+13 |  1.000E+00 |  8.623E-13 |  3.575E-14 |   55588.25 |   55588.25 |   |
244.43530 |  51.84854 |  6.517E+13 |  1.000E+00 |  1.221E-12 |  4.850E-14 |   55588.25 |   55588.25 |   |
244.43530 |  51.84854 |  8.817E+13 |  1.000E+00 |  8.189E-13 |  3.625E-14 |   55588.38 |   55588.38 |   |
244.43530 |  51.84854 |  6.517E+13 |  1.000E+00 |  1.090E-12 |  4.800E-14 |   55588.38 |   55588.38 |   |
244.43530 |  51.84854 |  8.817E+13 |  1.000E+00 |  7.360E-13 |  3.530E-14 |   55588.52 |   55588.52 |   |
244.43530 |  51.84854 |  6.517E+13 |  1.000E+00 |  1.323E-12 |  4.750E-14 |   55588.52 |   55588.52 |   |
244.43530 |  51.84854 |  8.817E+13 |  1.000E+00 |  7.864E-13 |  3.625E-14 |   55588.58 |   55588.58 |   |
244.43530 |  51.84854 |  6.517E+13 |  1.000E+00 |  1.225E-12 |  4.850E-14 |   55588.58 |   55588.58 |   |
244.43530 |  51.84854 |  8.817E+13 |  1.000E+00 |  7.622E-13 |  4.005E-14 |   55588.71 |   55588.71 |   |
244.43530 |  51.84854 |  6.517E+13 |  1.000E+00 |  1.200E-12 |  5.300E-14 |   55588.71 |   55588.71 |   |
244.43530 |  51.84854 |  8.817E+13 |  1.000E+00 |  7.333E-13 |  3.720E-14 |   55588.71 |   55588.71 |   |
244.43530 |  51.84854 |  6.517E+13 |  1.000E+00 |  1.210E-12 |  4.650E-14 |   55588.71 |   55588.71 |   |
244.43530 |  51.84854 |  8.817E+13 |  1.000E+00 |  7.643E-13 |  3.450E-14 |   55588.78 |   55588.78 |   |
244.43530 |  51.84854 |  6.517E+13 |  1.000E+00 |  1.173E-12 |  5.050E-14 |   55588.78 |   55588.78 |   |
244.43530 |  51.84854 |  8.817E+13 |  1.000E+00 |  7.699E-13 |  3.405E-14 |   55588.84 |   55588.84 |   |
244.43530 |  51.84854 |  6.517E+13 |  1.000E+00 |  1.193E-12 |  4.800E-14 |   55588.84 |   55588.84 |   |
244.43530 |  51.84854 |  8.817E+13 |  1.000E+00 |  8.205E-13 |  3.555E-14 |   55588.91 |   55588.91 |   |
244.43530 |  51.84854 |  6.517E+13 |  1.000E+00 |  1.088E-12 |  4.800E-14 |   55588.91 |   55588.91 |   |
244.43530 |  51.84854 |  8.817E+13 |  1.000E+00 |  8.182E-13 |  3.845E-14 |   55588.91 |   55588.91 |   |
244.43530 |  51.84854 |  6.517E+13 |  1.000E+00 |  1.042E-12 |  5.275E-14 |   55588.91 |   55588.91 |   |
244.43530 |  51.84854 |  8.817E+13 |  1.000E+00 |  6.938E-13 |  3.710E-14 |   55588.98 |   55588.98 |   |
244.43530 |  51.84854 |  6.517E+13 |  1.000E+00 |  1.114E-12 |  5.050E-14 |   55588.98 |   55588.98 |   |
244.43530 |  51.84854 |  8.817E+13 |  1.000E+00 |  8.591E-13 |  3.955E-14 |   55589.04 |   55589.04 |   |
244.43530 |  51.84854 |  6.517E+13 |  1.000E+00 |  1.067E-12 |  5.250E-14 |   55589.04 |   55589.04 |   |
244.43530 |  51.84854 |  8.817E+13 |  1.000E+00 |  7.524E-13 |  3.670E-14 |   55589.18 |   55589.18 |   |
244.43530 |  51.84854 |  6.517E+13 |  1.000E+00 |  9.176E-13 |  5.665E-14 |   55589.18 |   55589.18 |   |
244.43530 |  51.84854 |  8.817E+13 |  1.000E+00 |  7.930E-13 |  3.505E-14 |   55589.24 |   55589.24 |   |
244.43530 |  51.84854 |  6.517E+13 |  1.000E+00 |  1.119E-12 |  5.150E-14 |   55589.24 |   55589.24 |   |
244.43530 |  51.84854 |  8.817E+13 |  1.000E+00 |  7.159E-13 |  4.160E-14 |   55589.31 |   55589.31 |   |
244.43530 |  51.84854 |  6.517E+13 |  1.000E+00 |  1.146E-12 |  5.400E-14 |   55589.31 |   55589.31 |   |
244.43530 |  51.84854 |  8.817E+13 |  1.000E+00 |  8.025E-13 |  3.845E-14 |   55589.38 |   55589.38 |   |
244.43530 |  51.84854 |  6.517E+13 |  1.000E+00 |  1.112E-12 |  5.350E-14 |   55589.38 |   55589.38 |   |
244.43530 |  51.84854 |  8.817E+13 |  1.000E+00 |  7.678E-13 |  3.535E-14 |   55589.50 |   55589.50 |   |
244.43530 |  51.84854 |  6.517E+13 |  1.000E+00 |  1.236E-12 |  4.850E-14 |   55589.50 |   55589.50 |   |
244.43530 |  51.84854 |  8.817E+13 |  1.000E+00 |  7.360E-13 |  3.530E-14 |   55589.57 |   55589.57 |   |
244.43530 |  51.84854 |  6.517E+13 |  1.000E+00 |  1.089E-12 |  5.750E-14 |   55589.57 |   55589.57 |   |
244.43530 |  51.84854 |  8.817E+13 |  1.000E+00 |  7.636E-13 |  4.500E-14 |   55589.64 |   55589.64 |   |
244.43530 |  51.84854 |  6.517E+13 |  1.000E+00 |  1.032E-12 |  5.990E-14 |   55589.64 |   55589.64 |   |
244.43530 |  51.84854 |  8.817E+13 |  1.000E+00 |  8.396E-13 |  3.945E-14 |   55589.70 |   55589.70 |   |
244.43530 |  51.84854 |  6.517E+13 |  1.000E+00 |  1.202E-12 |  4.900E-14 |   55589.70 |   55589.70 |   |
244.43530 |  51.84854 |  8.817E+13 |  1.000E+00 |  7.742E-13 |  3.495E-14 |   55589.77 |   55589.77 |   |
244.43530 |  51.84854 |  6.517E+13 |  1.000E+00 |  1.136E-12 |  4.700E-14 |   55589.77 |   55589.77 |   |
244.43530 |  51.84854 |  8.817E+13 |  1.000E+00 |  8.182E-13 |  3.240E-14 |   55222.73 |   55222.73 |   |
244.43530 |  51.84854 |  6.517E+13 |  1.000E+00 |  1.318E-12 |  5.500E-14 |   55222.73 |   55222.73 |   |
244.43530 |  51.84854 |  2.498E+13 |  1.000E+00 |  1.770E-12 |  1.095E-13 |   55222.73 |   55222.73 |   |
244.43530 |  51.84854 |  1.363E+13 |  1.000E+00 |  1.783E-12 |  4.175E-13 |   55222.73 |   55222.73 |   |
244.43530 |  51.84854 |  8.817E+13 |  1.000E+00 |  9.481E-13 |  3.930E-14 |   55222.79 |   55222.79 |   |
244.43530 |  51.84854 |  6.517E+13 |  1.000E+00 |  1.288E-12 |  4.650E-14 |   55222.79 |   55222.79 |   |
244.43530 |  51.84854 |  2.498E+13 |  1.000E+00 |  1.864E-12 |  1.130E-13 |   55222.79 |   55222.79 |   |
244.43530 |  51.84854 |  1.363E+13 |  1.000E+00 |  1.876E-12 |  4.460E-13 |   55222.79 |   55222.79 |   |
244.43530 |  51.84854 |  8.817E+13 |  1.000E+00 |  8.727E-13 |  3.455E-14 |   55222.86 |   55222.86 |   |
244.43530 |  51.84854 |  6.517E+13 |  1.000E+00 |  1.294E-12 |  5.800E-14 |   55222.86 |   55222.86 |   |
244.43530 |  51.84854 |  2.498E+13 |  1.000E+00 |  1.804E-12 |  1.065E-13 |   55222.86 |   55222.86 |   |
244.43530 |  51.84854 |  1.363E+13 |  1.000E+00 |  1.559E-12 |  3.800E-13 |   55222.86 |   55222.86 |   |
244.43530 |  51.84854 |  8.817E+13 |  1.000E+00 |  7.455E-13 |  3.575E-14 |   55222.93 |   55222.93 |   |
244.43530 |  51.84854 |  6.517E+13 |  1.000E+00 |  1.135E-12 |  5.250E-14 |   55222.93 |   55222.93 |   |
244.43530 |  51.84854 |  2.498E+13 |  1.000E+00 |  1.891E-12 |  1.220E-13 |   55222.93 |   55222.93 |   |
244.43530 |  51.84854 |  1.363E+13 |  1.000E+00 |  1.728E-12 |  3.930E-13 |   55222.93 |   55222.93 |   |
244.43530 |  51.84854 |  8.817E+13 |  1.000E+00 |  8.182E-13 |  3.620E-14 |   55222.99 |   55222.99 |   |
244.43530 |  51.84854 |  6.517E+13 |  1.000E+00 |  1.268E-12 |  4.900E-14 |   55222.99 |   55222.99 |   |
244.43530 |  51.84854 |  2.498E+13 |  1.000E+00 |  1.647E-12 |  1.335E-13 |   55222.99 |   55222.99 |   |
244.43530 |  51.84854 |  1.363E+13 |  1.000E+00 |  2.482E-12 |  4.620E-13 |   55222.99 |   55222.99 |   |
244.43530 |  51.84854 |  8.817E+13 |  1.000E+00 |  8.583E-13 |  3.640E-14 |   55222.99 |   55222.99 |   |
244.43530 |  51.84854 |  6.517E+13 |  1.000E+00 |  1.163E-12 |  5.600E-14 |   55222.99 |   55222.99 |   |
244.43530 |  51.84854 |  2.498E+13 |  1.000E+00 |  1.865E-12 |  1.065E-13 |   55222.99 |   55222.99 |   |
244.43530 |  51.84854 |  1.363E+13 |  1.000E+00 |  1.296E-12 |  3.839E-13 |   55222.99 |   55222.99 |   |
244.43530 |  51.84854 |  8.817E+13 |  1.000E+00 |  8.388E-13 |  3.555E-14 |   55223.06 |   55223.06 |   |
244.43530 |  51.84854 |  6.517E+13 |  1.000E+00 |  1.214E-12 |  5.250E-14 |   55223.06 |   55223.06 |   |
244.43530 |  51.84854 |  2.498E+13 |  1.000E+00 |  1.841E-12 |  1.140E-13 |   55223.06 |   55223.06 |   |
244.43530 |  51.84854 |  1.363E+13 |  1.000E+00 |  2.416E-12 |  4.295E-13 |   55223.06 |   55223.06 |   |
244.43530 |  51.84854 |  8.817E+13 |  1.000E+00 |  7.742E-13 |  3.425E-14 |   55223.26 |   55223.26 |   |
244.43530 |  51.84854 |  6.517E+13 |  1.000E+00 |  1.184E-12 |  5.450E-14 |   55223.26 |   55223.26 |   |
244.43530 |  51.84854 |  2.498E+13 |  1.000E+00 |  1.826E-12 |  1.210E-13 |   55223.26 |   55223.26 |   |
244.43530 |  51.84854 |  1.363E+13 |  1.000E+00 |  2.095E-12 |  3.630E-13 |   55223.26 |   55223.26 |   |
244.43530 |  51.84854 |  8.817E+13 |  1.000E+00 |  8.288E-13 |  4.125E-14 |   55221.93 |   55221.93 |   |
244.43530 |  51.84854 |  2.498E+13 |  1.000E+00 |  1.620E-12 |  1.030E-13 |   55221.93 |   55221.93 |   |
244.43530 |  51.84854 |  1.363E+13 |  1.000E+00 |  2.464E-12 |  4.335E-13 |   55221.93 |   55221.93 |   |
244.43530 |  51.84854 |  8.817E+13 |  1.000E+00 |  8.018E-13 |  3.990E-14 |   55221.93 |   55221.93 |   |
244.43530 |  51.84854 |  6.517E+13 |  1.000E+00 |  1.162E-12 |  4.950E-14 |   55221.93 |   55221.93 |   |
244.43530 |  51.84854 |  2.498E+13 |  1.000E+00 |  1.682E-12 |  1.040E-13 |   55221.93 |   55221.93 |   |
244.43530 |  51.84854 |  1.363E+13 |  1.000E+00 |  1.647E-12 |  0.000E+00 |   55221.93 |   55221.93 | UL|
244.43530 |  51.84854 |  8.817E+13 |  1.000E+00 |  8.205E-13 |  4.160E-14 |   55222.27 |   55222.27 |   |
244.43530 |  51.84854 |  6.517E+13 |  1.000E+00 |  1.277E-12 |  5.050E-14 |   55222.27 |   55222.27 |   |
244.43530 |  51.84854 |  2.498E+13 |  1.000E+00 |  1.712E-12 |  1.085E-13 |   55222.27 |   55222.27 |   |
244.43530 |  51.84854 |  1.363E+13 |  1.000E+00 |  1.552E-12 |  3.940E-13 |   55222.27 |   55222.27 |   |
244.43530 |  51.84854 |  8.817E+13 |  1.000E+00 |  9.206E-13 |  3.480E-14 |   55222.33 |   55222.33 |   |
244.43530 |  51.84854 |  6.517E+13 |  1.000E+00 |  1.369E-12 |  4.950E-14 |   55222.33 |   55222.33 |   |
244.43530 |  51.84854 |  2.498E+13 |  1.000E+00 |  1.801E-12 |  1.045E-13 |   55222.33 |   55222.33 |   |
244.43530 |  51.84854 |  1.363E+13 |  1.000E+00 |  1.437E-12 |  3.720E-13 |   55222.33 |   55222.33 |   |
244.43530 |  51.84854 |  8.817E+13 |  1.000E+00 |  8.505E-13 |  3.530E-14 |   55222.40 |   55222.40 |   |
244.43530 |  51.84854 |  6.517E+13 |  1.000E+00 |  1.268E-12 |  5.000E-14 |   55222.40 |   55222.40 |   |
244.43530 |  51.84854 |  2.498E+13 |  1.000E+00 |  1.625E-12 |  1.125E-13 |   55222.40 |   55222.40 |   |
244.43530 |  51.84854 |  1.363E+13 |  1.000E+00 |  1.201E-12 |  5.253E-13 |   55222.40 |   55222.40 |   |
244.43530 |  51.84854 |  8.817E+13 |  1.000E+00 |  8.167E-13 |  3.460E-14 |   55222.59 |   55222.59 |   |
244.43530 |  51.84854 |  6.517E+13 |  1.000E+00 |  1.357E-12 |  5.000E-14 |   55222.59 |   55222.59 |   |
244.43530 |  51.84854 |  2.498E+13 |  1.000E+00 |  1.763E-12 |  1.090E-13 |   55222.59 |   55222.59 |   |
244.43530 |  51.84854 |  1.363E+13 |  1.000E+00 |  2.383E-12 |  4.685E-13 |   55222.59 |   55222.59 |   |
244.43530 |  51.84854 |  8.817E+13 |  1.000E+00 |  7.771E-13 |  3.435E-14 |   55222.66 |   55222.66 |   |
244.43530 |  51.84854 |  6.517E+13 |  1.000E+00 |  1.256E-12 |  4.750E-14 |   55222.66 |   55222.66 |   |
244.43530 |  51.84854 |  8.817E+13 |  1.000E+00 |  8.182E-13 |  3.240E-14 |   55222.73 |   55222.73 |   |
244.43530 |  51.84854 |  6.517E+13 |  1.000E+00 |  1.317E-12 |  5.450E-14 |   55222.73 |   55222.73 |   |
244.43530 |  51.84854 |  2.498E+13 |  1.000E+00 |  1.793E-12 |  1.090E-13 |   55222.73 |   55222.73 |   |
244.43530 |  51.84854 |  1.363E+13 |  1.000E+00 |  1.886E-12 |  3.885E-13 |   55222.73 |   55222.73 |   |
244.43530 |  51.84854 |  8.817E+13 |  1.000E+00 |  9.360E-13 |  3.880E-14 |   55222.79 |   55222.79 |   |
244.43530 |  51.84854 |  6.517E+13 |  1.000E+00 |  1.285E-12 |  4.600E-14 |   55222.79 |   55222.79 |   |
244.43530 |  51.84854 |  2.498E+13 |  1.000E+00 |  1.855E-12 |  1.145E-13 |   55222.79 |   55222.79 |   |
244.43530 |  51.84854 |  1.363E+13 |  1.000E+00 |  1.607E-12 |  3.900E-13 |   55222.79 |   55222.79 |   |
244.43530 |  51.84854 |  8.817E+13 |  1.000E+00 |  8.735E-13 |  3.460E-14 |   55222.86 |   55222.86 |   |
244.43530 |  51.84854 |  6.517E+13 |  1.000E+00 |  1.299E-12 |  5.850E-14 |   55222.86 |   55222.86 |   |
244.43530 |  51.84854 |  2.498E+13 |  1.000E+00 |  1.791E-12 |  1.075E-13 |   55222.86 |   55222.86 |   |
244.43530 |  51.84854 |  1.363E+13 |  1.000E+00 |  1.540E-12 |  3.750E-13 |   55222.86 |   55222.86 |   |
244.43530 |  51.84854 |  8.817E+13 |  1.000E+00 |  7.448E-13 |  3.570E-14 |   55222.93 |   55222.93 |   |
244.43530 |  51.84854 |  6.517E+13 |  1.000E+00 |  1.130E-12 |  5.300E-14 |   55222.93 |   55222.93 |   |
244.43530 |  51.84854 |  2.498E+13 |  1.000E+00 |  1.889E-12 |  1.095E-13 |   55222.93 |   55222.93 |   |
244.43530 |  51.84854 |  1.363E+13 |  1.000E+00 |  1.723E-12 |  4.050E-13 |   55222.93 |   55222.93 |   |
244.43530 |  51.84854 |  8.817E+13 |  1.000E+00 |  8.003E-13 |  3.610E-14 |   55222.99 |   55222.99 |   |
244.43530 |  51.84854 |  6.517E+13 |  1.000E+00 |  1.269E-12 |  4.900E-14 |   55222.99 |   55222.99 |   |
244.43530 |  51.84854 |  2.498E+13 |  1.000E+00 |  1.669E-12 |  1.090E-13 |   55222.99 |   55222.99 |   |
244.43530 |  51.84854 |  1.363E+13 |  1.000E+00 |  2.509E-12 |  4.720E-13 |   55222.99 |   55222.99 |   |
244.43530 |  51.84854 |  8.817E+13 |  1.000E+00 |  8.775E-13 |  3.960E-14 |   55222.99 |   55222.99 |   |
244.43530 |  51.84854 |  6.517E+13 |  1.000E+00 |  1.166E-12 |  5.600E-14 |   55222.99 |   55222.99 |   |
244.43530 |  51.84854 |  2.498E+13 |  1.000E+00 |  1.862E-12 |  1.185E-13 |   55222.99 |   55222.99 |   |
244.43530 |  51.84854 |  1.363E+13 |  1.000E+00 |  1.319E-12 |  3.832E-13 |   55222.99 |   55222.99 |   |
244.43530 |  51.84854 |  8.817E+13 |  1.000E+00 |  8.152E-13 |  3.455E-14 |   55221.80 |   55221.80 |   |
244.43530 |  51.84854 |  6.517E+13 |  1.000E+00 |  1.219E-12 |  4.850E-14 |   55221.80 |   55221.80 |   |
244.43530 |  51.84854 |  2.498E+13 |  1.000E+00 |  1.781E-12 |  1.085E-13 |   55221.80 |   55221.80 |   |
244.43530 |  51.84854 |  1.363E+13 |  1.000E+00 |  1.491E-12 |  3.760E-13 |   55221.80 |   55221.80 |   |
244.43530 |  51.84854 |  8.817E+13 |  1.000E+00 |  8.419E-13 |  3.565E-14 |   55222.07 |   55222.07 |   |
244.43530 |  51.84854 |  6.517E+13 |  1.000E+00 |  1.274E-12 |  4.950E-14 |   55222.07 |   55222.07 |   |
244.43530 |  51.84854 |  2.498E+13 |  1.000E+00 |  1.843E-12 |  1.070E-13 |   55222.07 |   55222.07 |   |
244.43530 |  51.84854 |  1.363E+13 |  1.000E+00 |  1.872E-12 |  4.155E-13 |   55222.07 |   55222.07 |   |
244.43530 |  51.84854 |  8.817E+13 |  1.000E+00 |  7.908E-13 |  3.715E-14 |   55590.30 |   55590.30 |   |
244.43530 |  51.84854 |  6.517E+13 |  1.000E+00 |  1.107E-12 |  5.000E-14 |   55590.30 |   55590.30 |   |
244.43530 |  51.84854 |  8.817E+13 |  1.000E+00 |  7.835E-13 |  3.755E-14 |   55590.17 |   55590.17 |   |
244.43530 |  51.84854 |  6.517E+13 |  1.000E+00 |  1.131E-12 |  5.100E-14 |   55590.17 |   55590.17 |   |
244.43530 |  51.84854 |  8.817E+13 |  1.000E+00 |  7.601E-13 |  3.570E-14 |   55590.10 |   55590.10 |   |
244.43530 |  51.84854 |  6.517E+13 |  1.000E+00 |  1.184E-12 |  4.700E-14 |   55590.10 |   55590.10 |   |
244.43530 |  51.84854 |  8.817E+13 |  1.000E+00 |  7.552E-13 |  3.690E-14 |   55590.04 |   55590.04 |   |
244.43530 |  51.84854 |  6.517E+13 |  1.000E+00 |  1.204E-12 |  5.650E-14 |   55590.04 |   55590.04 |   |
244.43530 |  51.84854 |  8.817E+13 |  1.000E+00 |  8.099E-13 |  3.955E-14 |   55589.97 |   55589.97 |   |
244.43530 |  51.84854 |  6.517E+13 |  1.000E+00 |  1.038E-12 |  5.260E-14 |   55589.97 |   55589.97 |   |
244.43530 |  51.84854 |  8.817E+13 |  1.000E+00 |  7.835E-13 |  3.610E-14 |   55590.56 |   55590.56 |   |
244.43530 |  51.84854 |  6.517E+13 |  1.000E+00 |  1.171E-12 |  5.750E-14 |   55590.56 |   55590.56 |   |
244.43530 |  51.84854 |  8.817E+13 |  1.000E+00 |  7.821E-13 |  3.385E-14 |   55586.79 |   55586.79 |   |
244.43530 |  51.84854 |  6.517E+13 |  1.000E+00 |  1.244E-12 |  5.700E-14 |   55586.79 |   55586.79 |   |
244.43530 |  51.84854 |  8.817E+13 |  1.000E+00 |  7.879E-13 |  3.555E-14 |   55586.73 |   55586.73 |   |
244.43530 |  51.84854 |  6.517E+13 |  1.000E+00 |  1.202E-12 |  5.200E-14 |   55586.73 |   55586.73 |   |
244.43530 |  51.84854 |  8.817E+13 |  1.000E+00 |  9.900E-13 |  4.110E-14 |   55586.86 |   55586.86 |   |
244.43530 |  51.84854 |  6.517E+13 |  1.000E+00 |  1.219E-12 |  5.150E-14 |   55586.86 |   55586.86 |   |
244.43530 |  51.84854 |  8.817E+13 |  1.000E+00 |  7.559E-13 |  3.760E-14 |   55586.93 |   55586.93 |   |
244.43530 |  51.84854 |  6.517E+13 |  1.000E+00 |  1.254E-12 |  5.100E-14 |   55586.93 |   55586.93 |   |
244.43530 |  51.84854 |  8.817E+13 |  1.000E+00 |  7.922E-13 |  3.500E-14 |   55586.99 |   55586.99 |   |
244.43530 |  51.84854 |  6.517E+13 |  1.000E+00 |  1.223E-12 |  5.300E-14 |   55586.99 |   55586.99 |   |
244.43530 |  51.84854 |  8.817E+13 |  1.000E+00 |  8.342E-13 |  3.765E-14 |   55402.80 |   55402.80 |   |
244.43530 |  51.84854 |  6.517E+13 |  1.000E+00 |  1.204E-12 |  4.900E-14 |   55402.80 |   55402.80 |   |
244.43530 |  51.84854 |  2.498E+13 |  1.000E+00 |  1.700E-12 |  1.065E-13 |   55402.80 |   55402.80 |   |
244.43530 |  51.84854 |  1.363E+13 |  1.000E+00 |  2.724E-12 |  3.800E-13 |   55402.80 |   55402.80 |   |
244.43530 |  51.84854 |  8.817E+13 |  1.000E+00 |  8.411E-13 |  3.720E-14 |   55402.86 |   55402.86 |   |
244.43530 |  51.84854 |  6.517E+13 |  1.000E+00 |  1.271E-12 |  5.150E-14 |   55402.86 |   55402.86 |   |
244.43530 |  51.84854 |  2.498E+13 |  1.000E+00 |  1.804E-12 |  1.165E-13 |   55402.86 |   55402.86 |   |
244.43530 |  51.84854 |  1.363E+13 |  1.000E+00 |  2.093E-12 |  5.140E-13 |   55402.86 |   55402.86 |   |
244.43530 |  51.84854 |  8.817E+13 |  1.000E+00 |  8.047E-13 |  3.560E-14 |   55402.93 |   55402.93 |   |
244.43530 |  51.84854 |  6.517E+13 |  1.000E+00 |  1.204E-12 |  4.700E-14 |   55402.93 |   55402.93 |   |
244.43530 |  51.84854 |  2.498E+13 |  1.000E+00 |  1.728E-12 |  1.290E-13 |   55402.93 |   55402.93 |   |
244.43530 |  51.84854 |  1.363E+13 |  1.000E+00 |  1.416E-12 |  4.020E-13 |   55402.93 |   55402.93 |   |
244.43530 |  51.84854 |  8.817E+13 |  1.000E+00 |  8.583E-13 |  3.480E-14 |   55403.00 |   55403.00 |   |
244.43530 |  51.84854 |  6.517E+13 |  1.000E+00 |  1.237E-12 |  4.900E-14 |   55403.00 |   55403.00 |   |
244.43530 |  51.84854 |  2.498E+13 |  1.000E+00 |  1.682E-12 |  1.085E-13 |   55403.00 |   55403.00 |   |
244.43530 |  51.84854 |  1.363E+13 |  1.000E+00 |  1.670E-12 |  3.835E-13 |   55403.00 |   55403.00 |   |
244.43530 |  51.84854 |  8.817E+13 |  1.000E+00 |  8.114E-13 |  3.440E-14 |   55403.06 |   55403.06 |   |
244.43530 |  51.84854 |  6.517E+13 |  1.000E+00 |  1.290E-12 |  5.100E-14 |   55403.06 |   55403.06 |   |
244.43530 |  51.84854 |  2.498E+13 |  1.000E+00 |  1.881E-12 |  1.025E-13 |   55403.06 |   55403.06 |   |
244.43530 |  51.84854 |  1.363E+13 |  1.000E+00 |  2.401E-12 |  3.550E-13 |   55403.06 |   55403.06 |   |
244.43530 |  51.84854 |  8.817E+13 |  1.000E+00 |  8.568E-13 |  3.790E-14 |   55403.12 |   55403.12 |   |
244.43530 |  51.84854 |  6.517E+13 |  1.000E+00 |  1.237E-12 |  5.250E-14 |   55403.12 |   55403.12 |   |
244.43530 |  51.84854 |  2.498E+13 |  1.000E+00 |  1.682E-12 |  9.950E-14 |   55403.12 |   55403.12 |   |
244.43530 |  51.84854 |  1.363E+13 |  1.000E+00 |  2.565E-12 |  3.745E-13 |   55403.12 |   55403.12 |   |
244.43530 |  51.84854 |  8.817E+13 |  1.000E+00 |  7.608E-13 |  3.505E-14 |   55403.19 |   55403.19 |   |
244.43530 |  51.84854 |  6.517E+13 |  1.000E+00 |  1.289E-12 |  4.500E-14 |   55403.19 |   55403.19 |   |
244.43530 |  51.84854 |  2.498E+13 |  1.000E+00 |  1.638E-12 |  1.045E-13 |   55403.19 |   55403.19 |   |
244.43530 |  51.84854 |  1.363E+13 |  1.000E+00 |  2.099E-12 |  3.615E-13 |   55403.19 |   55403.19 |   |
244.43530 |  51.84854 |  8.817E+13 |  1.000E+00 |  7.842E-13 |  3.470E-14 |   55403.26 |   55403.26 |   |
244.43530 |  51.84854 |  6.517E+13 |  1.000E+00 |  1.307E-12 |  5.400E-14 |   55403.26 |   55403.26 |   |
244.43530 |  51.84854 |  2.498E+13 |  1.000E+00 |  1.785E-12 |  1.150E-13 |   55403.26 |   55403.26 |   |
244.43530 |  51.84854 |  1.363E+13 |  1.000E+00 |  2.370E-12 |  3.815E-13 |   55403.26 |   55403.26 |   |
244.43530 |  51.84854 |  8.817E+13 |  1.000E+00 |  8.856E-13 |  3.430E-14 |   55403.32 |   55403.32 |   |
244.43530 |  51.84854 |  6.517E+13 |  1.000E+00 |  1.267E-12 |  4.750E-14 |   55403.32 |   55403.32 |   |
244.43530 |  51.84854 |  2.498E+13 |  1.000E+00 |  1.836E-12 |  1.100E-13 |   55403.32 |   55403.32 |   |
244.43530 |  51.84854 |  1.363E+13 |  1.000E+00 |  1.744E-12 |  3.955E-13 |   55403.32 |   55403.32 |   |
244.43530 |  51.84854 |  8.817E+13 |  1.000E+00 |  8.695E-13 |  3.445E-14 |   55403.46 |   55403.46 |   |
244.43530 |  51.84854 |  6.517E+13 |  1.000E+00 |  1.199E-12 |  4.750E-14 |   55403.46 |   55403.46 |   |
244.43530 |  51.84854 |  2.498E+13 |  1.000E+00 |  1.793E-12 |  1.060E-13 |   55403.46 |   55403.46 |   |
244.43530 |  51.84854 |  1.363E+13 |  1.000E+00 |  2.736E-12 |  4.715E-13 |   55403.46 |   55403.46 |   |
244.43530 |  51.84854 |  8.817E+13 |  1.000E+00 |  7.952E-13 |  3.295E-14 |   55403.59 |   55403.59 |   |
244.43530 |  51.84854 |  6.517E+13 |  1.000E+00 |  1.295E-12 |  4.800E-14 |   55403.59 |   55403.59 |   |
244.43530 |  51.84854 |  8.817E+13 |  1.000E+00 |  7.771E-13 |  3.365E-14 |   55403.72 |   55403.72 |   |
244.43530 |  51.84854 |  6.517E+13 |  1.000E+00 |  1.289E-12 |  4.600E-14 |   55403.72 |   55403.72 |   |
244.43530 |  51.84854 |  2.498E+13 |  1.000E+00 |  1.749E-12 |  1.000E-13 |   55403.72 |   55403.72 |   |
244.43530 |  51.84854 |  1.363E+13 |  1.000E+00 |  1.537E-12 |  4.330E-13 |   55403.72 |   55403.72 |   |
244.43530 |  51.84854 |  8.817E+13 |  1.000E+00 |  7.462E-13 |  3.505E-14 |   55585.73 |   55585.73 |   |
244.43530 |  51.84854 |  6.517E+13 |  1.000E+00 |  1.081E-12 |  5.000E-14 |   55585.73 |   55585.73 |   |
244.43530 |  51.84854 |  8.817E+13 |  1.000E+00 |  8.856E-13 |  3.755E-14 |   55585.87 |   55585.87 |   |
244.43530 |  51.84854 |  6.517E+13 |  1.000E+00 |  1.205E-12 |  5.100E-14 |   55585.87 |   55585.87 |   |
244.43530 |  51.84854 |  8.817E+13 |  1.000E+00 |  7.299E-13 |  3.830E-14 |   55586.00 |   55586.00 |   |
244.43530 |  51.84854 |  6.517E+13 |  1.000E+00 |  1.180E-12 |  5.100E-14 |   55586.00 |   55586.00 |   |
244.43530 |  51.84854 |  8.817E+13 |  1.000E+00 |  7.879E-13 |  4.210E-14 |   55586.07 |   55586.07 |   |
244.43530 |  51.84854 |  6.517E+13 |  1.000E+00 |  1.136E-12 |  4.800E-14 |   55586.07 |   55586.07 |   |
244.43530 |  51.84854 |  8.817E+13 |  1.000E+00 |  7.650E-13 |  3.950E-14 |   55586.27 |   55586.27 |   |
244.43530 |  51.84854 |  6.517E+13 |  1.000E+00 |  1.206E-12 |  5.650E-14 |   55586.27 |   55586.27 |   |
244.43530 |  51.84854 |  8.817E+13 |  1.000E+00 |  8.018E-13 |  3.545E-14 |   55586.33 |   55586.33 |   |
244.43530 |  51.84854 |  6.517E+13 |  1.000E+00 |  1.206E-12 |  4.900E-14 |   55586.33 |   55586.33 |   |
244.43530 |  51.84854 |  8.817E+13 |  1.000E+00 |  7.573E-13 |  3.625E-14 |   55586.40 |   55586.40 |   |
244.43530 |  51.84854 |  6.517E+13 |  1.000E+00 |  1.179E-12 |  5.200E-14 |   55586.40 |   55586.40 |   |
244.43530 |  51.84854 |  8.817E+13 |  1.000E+00 |  8.047E-13 |  3.485E-14 |   55586.53 |   55586.53 |   |
244.43530 |  51.84854 |  6.517E+13 |  1.000E+00 |  1.164E-12 |  4.950E-14 |   55586.53 |   55586.53 |   |
244.43530 |  51.84854 |  8.817E+13 |  1.000E+00 |  8.258E-13 |  3.345E-14 |   55586.60 |   55586.60 |   |
244.43530 |  51.84854 |  6.517E+13 |  1.000E+00 |  1.171E-12 |  4.950E-14 |   55586.60 |   55586.60 |   |
244.43530 |  51.84854 |  8.817E+13 |  1.000E+00 |  7.594E-13 |  3.710E-14 |   55586.66 |   55586.66 |   |
244.43530 |  51.84854 |  6.517E+13 |  1.000E+00 |  1.136E-12 |  5.550E-14 |   55586.66 |   55586.66 |   |
244.43530 |  51.84854 |  8.817E+13 |  1.000E+00 |  7.821E-13 |  3.820E-14 |   55586.86 |   55586.86 |   |
244.43530 |  51.84854 |  6.517E+13 |  1.000E+00 |  1.177E-12 |  4.750E-14 |   55586.86 |   55586.86 |   |
244.43530 |  51.84854 |  4.455E+14 |  1.000E+00 |  1.411E-12 |  0.000E+00 |   55000.00 |   55000.00 |   |
244.43530 |  51.84854 |  6.813E+14 |  1.000E+00 |  3.086E-12 |  1.208E-12 |   55000.00 |   55000.00 |   |
244.43530 |  51.84854 |  5.451E+14 |  1.000E+00 |  2.287E-12 |  7.425E-13 |   55000.00 |   55000.00 |   |
244.43530 |  51.84854 |  6.233E+14 |  1.000E+00 |  2.049E-12 |  1.300E-14 |   55000.00 |   55000.00 |   |
244.43530 |  51.84854 |  4.859E+14 |  1.000E+00 |  2.216E-12 |  2.600E-14 |   55000.00 |   55000.00 |   |
244.43530 |  51.84854 |  3.987E+14 |  1.000E+00 |  1.640E-12 |  2.750E-14 |   55000.00 |   55000.00 |   |
244.43530 |  51.84854 |  3.462E+14 |  1.000E+00 |  1.450E-12 |  1.250E-14 |   55000.00 |   55000.00 |   |
244.43530 |  51.84854 |  3.116E+14 |  1.000E+00 |  1.453E-12 |  1.800E-14 |   55000.00 |   55000.00 |   |
244.43530 |  51.84854 |  8.402E+14 |  1.000E+00 |  1.970E-12 |  2.550E-14 |   55000.00 |   55000.00 |   |
244.43530 |  51.84854 |  6.443E+14 |  1.000E+00 |  2.253E-12 |  1.100E-14 |   55000.00 |   55000.00 |   |
244.43530 |  51.84854 |  4.876E+14 |  1.000E+00 |  2.500E-12 |  1.100E-14 |   55000.00 |   55000.00 |   |
244.43530 |  51.84854 |  4.014E+14 |  1.000E+00 |  2.027E-12 |  1.050E-14 |   55000.00 |   55000.00 |   |
244.43530 |  51.84854 |  3.382E+14 |  1.000E+00 |  1.723E-12 |  1.950E-14 |   55000.00 |   55000.00 |   |
244.43530 |  51.84854 |  1.295E+15 |  1.000E+00 |  1.563E-12 |  9.800E-14 |   55000.00 |   55000.00 |   |
244.43530 |  51.84854 |  2.418E+17 |  1.000E+00 |  3.781E-14 |  1.369E-14 |   57738.00 |   57742.20 |   |
244.43530 |  51.84854 |  3.627E+17 |  1.000E+00 |  2.226E-13 |  0.000E+00 |   57738.00 |   57742.20 | UL|
244.43530 |  51.84854 |  7.253E+17 |  1.000E+00 |  4.220E-14 |  1.528E-14 |   57738.00 |   57742.20 |   |
244.43530 |  51.84854 |  1.088E+18 |  1.000E+00 |  1.215E-13 |  5.160E-14 |   57738.00 |   57742.20 |   |
244.43530 |  51.84854 |  2.418E+17 |  1.000E+00 |  4.283E-14 |  1.384E-14 |   57771.60 |   57776.90 |   |
244.43530 |  51.84854 |  3.627E+17 |  1.000E+00 |  5.565E-14 |  1.662E-14 |   57771.60 |   57776.90 |   |
244.43530 |  51.84854 |  7.253E+17 |  1.000E+00 |  4.808E-14 |  1.011E-14 |   57771.60 |   57776.90 |   |
244.43530 |  51.84854 |  2.418E+17 |  1.000E+00 |  3.823E-14 |  1.358E-14 |   57764.90 |   57770.90 |   |
244.43530 |  51.84854 |  1.209E+17 |  1.000E+00 |  4.728E-14 |  0.000E+00 |   57764.90 |   57770.90 | UL|
244.43530 |  51.84854 |  3.627E+17 |  1.000E+00 |  3.981E-14 |  1.414E-14 |   57764.90 |   57770.90 |   |
244.43530 |  51.84854 |  7.253E+17 |  1.000E+00 |  8.936E-14 |  1.687E-14 |   57764.90 |   57770.90 |   |
244.43530 |  51.84854 |  1.088E+18 |  1.000E+00 |  1.968E-13 |  4.500E-14 |   57764.90 |   57770.90 |   |
244.43530 |  51.84854 |  2.418E+17 |  1.000E+00 |  8.275E-14 |  3.814E-14 |   57755.40 |   57757.80 |   |
244.43530 |  51.84854 |  3.627E+17 |  1.000E+00 |  8.617E-14 |  3.972E-14 |   57755.40 |   57757.80 |   |
244.43530 |  51.84854 |  7.253E+17 |  1.000E+00 |  5.561E-14 |  2.116E-14 |   57755.40 |   57757.80 |   |
