254.80509 |  21.02096 |  3.000E+09 |  1.000E+00 |  6.391E-16 |  3.310E-17 |   55000.00 |   55000.00 |   |
254.80509 |  21.02096 |  2.418E+17 |  1.000E+00 |  1.608E-14 |  4.330E-15 |   57748.20 |   57748.20 |   |
254.80509 |  21.02096 |  7.253E+17 |  1.000E+00 |  2.206E-14 |  3.800E-15 |   55000.00 |   55000.00 |   |
254.80509 |  21.02096 |  3.627E+17 |  1.000E+00 |  1.207E-14 |  3.782E-15 |   57748.20 |   57748.20 |   |
254.80509 |  21.02096 |  7.253E+17 |  1.000E+00 |  2.282E-14 |  3.480E-15 |   57748.20 |   57748.20 |   |
254.80509 |  21.02096 |  1.088E+18 |  1.000E+00 |  3.024E-14 |  8.000E-15 |   57748.20 |   57748.20 |   |
254.80509 |  21.02096 |  1.209E+17 |  1.000E+00 |  1.534E-14 |  5.290E-15 |   55000.00 |   55000.00 |   |
254.80509 |  21.02096 |  3.627E+17 |  1.000E+00 |  1.701E-14 |  4.960E-15 |   55000.00 |   55000.00 |   |
254.80509 |  21.02096 |  1.088E+18 |  1.000E+00 |  3.108E-14 |  9.165E-15 |   55000.00 |   55000.00 |   |
254.80509 |  21.02096 |  1.400E+09 |  1.000E+00 |  4.102E-16 |  1.400E-17 |   55000.00 |   55000.00 |   |
254.80509 |  21.02096 |  1.400E+09 |  1.000E+00 |  4.033E-16 |  2.050E-18 |   55000.00 |   55000.00 |   |
254.80509 |  21.02096 |  1.500E+08 |  1.000E+00 |  4.065E-17 |  6.000E-18 |   55000.00 |   55000.00 |   |
254.80509 |  21.02096 |  8.817E+13 |  1.000E+00 |  8.047E-14 |  4.225E-15 |   55000.00 |   55000.00 |   |
254.80509 |  21.02096 |  6.517E+13 |  1.000E+00 |  4.523E-14 |  5.850E-15 |   55000.00 |   55000.00 |   |
254.80509 |  21.02096 |  2.498E+13 |  1.000E+00 |  9.807E-14 |  0.000E+00 |   55000.00 |   55000.00 | UL|
254.80509 |  21.02096 |  1.363E+13 |  1.000E+00 |  2.366E-13 |  0.000E+00 |   55000.00 |   55000.00 | UL|
254.80509 |  21.02096 |  8.817E+13 |  1.000E+00 |  5.938E-14 |  1.919E-14 |   55262.56 |   55262.56 |   |
254.80509 |  21.02096 |  6.517E+13 |  1.000E+00 |  7.249E-14 |  2.844E-14 |   55262.56 |   55262.56 |   |
254.80509 |  21.02096 |  2.498E+13 |  1.000E+00 |  2.183E-13 |  0.000E+00 |   55262.56 |   55262.56 | UL|
254.80509 |  21.02096 |  1.363E+13 |  1.000E+00 |  7.964E-13 |  0.000E+00 |   55262.56 |   55262.56 | UL|
254.80509 |  21.02096 |  8.817E+13 |  1.000E+00 |  7.106E-14 |  1.874E-14 |   55436.59 |   55436.59 |   |
254.80509 |  21.02096 |  6.517E+13 |  1.000E+00 |  7.195E-14 |  0.000E+00 |   55436.59 |   55436.59 | UL|
254.80509 |  21.02096 |  8.817E+13 |  1.000E+00 |  9.038E-14 |  2.021E-14 |   55436.72 |   55436.72 |   |
254.80509 |  21.02096 |  6.517E+13 |  1.000E+00 |  1.013E-13 |  0.000E+00 |   55436.72 |   55436.72 | UL|
254.80509 |  21.02096 |  8.817E+13 |  1.000E+00 |  7.106E-14 |  1.988E-14 |   55436.86 |   55436.86 |   |
254.80509 |  21.02096 |  6.517E+13 |  1.000E+00 |  6.267E-14 |  2.958E-14 |   55436.86 |   55436.86 |   |
254.80509 |  21.02096 |  8.817E+13 |  1.000E+00 |  7.981E-14 |  2.034E-14 |   55436.99 |   55436.99 |   |
254.80509 |  21.02096 |  6.517E+13 |  1.000E+00 |  9.355E-14 |  0.000E+00 |   55436.99 |   55436.99 | UL|
254.80509 |  21.02096 |  8.817E+13 |  1.000E+00 |  1.127E-13 |  2.354E-14 |   55437.05 |   55437.05 |   |
254.80509 |  21.02096 |  6.517E+13 |  1.000E+00 |  9.951E-14 |  0.000E+00 |   55437.05 |   55437.05 | UL|
254.80509 |  21.02096 |  8.817E+13 |  1.000E+00 |  5.106E-14 |  1.879E-14 |   55437.12 |   55437.12 |   |
254.80509 |  21.02096 |  6.517E+13 |  1.000E+00 |  8.508E-14 |  3.050E-14 |   55437.12 |   55437.12 |   |
254.80509 |  21.02096 |  8.817E+13 |  1.000E+00 |  9.385E-14 |  2.102E-14 |   55437.19 |   55437.19 |   |
254.80509 |  21.02096 |  6.517E+13 |  1.000E+00 |  7.077E-14 |  2.996E-14 |   55437.19 |   55437.19 |   |
254.80509 |  21.02096 |  8.817E+13 |  1.000E+00 |  7.778E-14 |  2.038E-14 |   55437.25 |   55437.25 |   |
254.80509 |  21.02096 |  6.517E+13 |  1.000E+00 |  7.941E-14 |  0.000E+00 |   55437.25 |   55437.25 | UL|
254.80509 |  21.02096 |  8.817E+13 |  1.000E+00 |  9.882E-14 |  1.998E-14 |   55437.59 |   55437.59 |   |
254.80509 |  21.02096 |  6.517E+13 |  1.000E+00 |  1.054E-13 |  0.000E+00 |   55437.59 |   55437.59 | UL|
254.80509 |  21.02096 |  8.817E+13 |  1.000E+00 |  9.071E-14 |  2.040E-14 |   55437.71 |   55437.71 |   |
254.80509 |  21.02096 |  6.517E+13 |  1.000E+00 |  1.009E-13 |  0.000E+00 |   55437.71 |   55437.71 | UL|
254.80509 |  21.02096 |  8.817E+13 |  1.000E+00 |  5.851E-14 |  2.130E-14 |   55437.85 |   55437.85 |   |
254.80509 |  21.02096 |  6.517E+13 |  1.000E+00 |  6.431E-14 |  3.059E-14 |   55437.85 |   55437.85 |   |
254.80509 |  21.02096 |  8.817E+13 |  1.000E+00 |  5.949E-14 |  1.957E-14 |   55437.32 |   55437.32 |   |
254.80509 |  21.02096 |  6.517E+13 |  1.000E+00 |  1.031E-13 |  0.000E+00 |   55437.32 |   55437.32 | UL|
254.80509 |  21.02096 |  8.817E+13 |  1.000E+00 |  3.884E-14 |  1.932E-14 |   55437.39 |   55437.39 |   |
254.80509 |  21.02096 |  6.517E+13 |  1.000E+00 |  7.846E-14 |  3.028E-14 |   55437.39 |   55437.39 |   |
254.80509 |  21.02096 |  8.817E+13 |  1.000E+00 |  8.220E-14 |  2.009E-14 |   55437.45 |   55437.45 |   |
254.80509 |  21.02096 |  6.517E+13 |  1.000E+00 |  9.987E-14 |  4.001E-14 |   55437.45 |   55437.45 |   |
254.80509 |  21.02096 |  8.817E+13 |  1.000E+00 |  1.068E-13 |  1.896E-14 |   55437.52 |   55437.52 |   |
254.80509 |  21.02096 |  6.517E+13 |  1.000E+00 |  1.446E-13 |  0.000E+00 |   55437.52 |   55437.52 | UL|
254.80509 |  21.02096 |  8.817E+13 |  1.000E+00 |  6.793E-14 |  2.393E-14 |   55255.02 |   55255.02 |   |
254.80509 |  21.02096 |  6.517E+13 |  1.000E+00 |  8.699E-14 |  3.216E-14 |   55255.02 |   55255.02 |   |
254.80509 |  21.02096 |  2.498E+13 |  1.000E+00 |  3.416E-13 |  0.000E+00 |   55255.02 |   55255.02 | UL|
254.80509 |  21.02096 |  1.363E+13 |  1.000E+00 |  1.306E-12 |  0.000E+00 |   55255.02 |   55255.02 | UL|
254.80509 |  21.02096 |  8.817E+13 |  1.000E+00 |  1.196E-13 |  2.125E-14 |   55255.15 |   55255.15 |   |
254.80509 |  21.02096 |  6.517E+13 |  1.000E+00 |  9.923E-14 |  0.000E+00 |   55255.15 |   55255.15 | UL|
254.80509 |  21.02096 |  2.498E+13 |  1.000E+00 |  2.797E-13 |  0.000E+00 |   55255.15 |   55255.15 | UL|
254.80509 |  21.02096 |  1.363E+13 |  1.000E+00 |  7.855E-13 |  0.000E+00 |   55255.15 |   55255.15 | UL|
254.80509 |  21.02096 |  8.817E+13 |  1.000E+00 |  7.120E-14 |  2.067E-14 |   55255.29 |   55255.29 |   |
254.80509 |  21.02096 |  6.517E+13 |  1.000E+00 |  5.653E-14 |  0.000E+00 |   55255.29 |   55255.29 | UL|
254.80509 |  21.02096 |  2.498E+13 |  1.000E+00 |  2.383E-13 |  0.000E+00 |   55255.29 |   55255.29 | UL|
254.80509 |  21.02096 |  1.363E+13 |  1.000E+00 |  1.028E-12 |  0.000E+00 |   55255.29 |   55255.29 | UL|
254.80509 |  21.02096 |  8.817E+13 |  1.000E+00 |  9.342E-14 |  2.119E-14 |   55255.35 |   55255.35 |   |
254.80509 |  21.02096 |  6.517E+13 |  1.000E+00 |  9.608E-14 |  0.000E+00 |   55255.35 |   55255.35 | UL|
254.80509 |  21.02096 |  2.498E+13 |  1.000E+00 |  2.043E-13 |  0.000E+00 |   55255.35 |   55255.35 | UL|
254.80509 |  21.02096 |  1.363E+13 |  1.000E+00 |  7.098E-13 |  0.000E+00 |   55255.35 |   55255.35 | UL|
254.80509 |  21.02096 |  8.817E+13 |  1.000E+00 |  6.505E-14 |  1.970E-14 |   55255.42 |   55255.42 |   |
254.80509 |  21.02096 |  6.517E+13 |  1.000E+00 |  7.295E-14 |  0.000E+00 |   55255.42 |   55255.42 | UL|
254.80509 |  21.02096 |  2.498E+13 |  1.000E+00 |  2.163E-13 |  0.000E+00 |   55255.42 |   55255.42 | UL|
254.80509 |  21.02096 |  1.363E+13 |  1.000E+00 |  7.819E-13 |  0.000E+00 |   55255.42 |   55255.42 | UL|
254.80509 |  21.02096 |  8.817E+13 |  1.000E+00 |  8.930E-14 |  2.136E-14 |   55255.42 |   55255.42 |   |
254.80509 |  21.02096 |  6.517E+13 |  1.000E+00 |  6.389E-14 |  3.028E-14 |   55255.42 |   55255.42 |   |
254.80509 |  21.02096 |  2.498E+13 |  1.000E+00 |  2.142E-13 |  0.000E+00 |   55255.42 |   55255.42 | UL|
254.80509 |  21.02096 |  1.363E+13 |  1.000E+00 |  8.371E-13 |  0.000E+00 |   55255.42 |   55255.42 | UL|
254.80509 |  21.02096 |  8.817E+13 |  1.000E+00 |  7.172E-14 |  2.304E-14 |   55255.48 |   55255.48 |   |
254.80509 |  21.02096 |  6.517E+13 |  1.000E+00 |  1.124E-13 |  0.000E+00 |   55255.48 |   55255.48 | UL|
254.80509 |  21.02096 |  2.498E+13 |  1.000E+00 |  2.006E-13 |  1.026E-13 |   55255.48 |   55255.48 |   |
254.80509 |  21.02096 |  1.363E+13 |  1.000E+00 |  1.136E-12 |  0.000E+00 |   55255.48 |   55255.48 | UL|
254.80509 |  21.02096 |  8.817E+13 |  1.000E+00 |  8.419E-14 |  2.061E-14 |   55255.55 |   55255.55 |   |
254.80509 |  21.02096 |  6.517E+13 |  1.000E+00 |  7.985E-14 |  0.000E+00 |   55255.55 |   55255.55 | UL|
254.80509 |  21.02096 |  2.498E+13 |  1.000E+00 |  3.194E-13 |  0.000E+00 |   55255.55 |   55255.55 | UL|
254.80509 |  21.02096 |  1.363E+13 |  1.000E+00 |  7.571E-13 |  0.000E+00 |   55255.55 |   55255.55 | UL|
254.80509 |  21.02096 |  8.817E+13 |  1.000E+00 |  7.835E-14 |  1.947E-14 |   55255.62 |   55255.62 |   |
254.80509 |  21.02096 |  6.517E+13 |  1.000E+00 |  1.050E-13 |  0.000E+00 |   55255.62 |   55255.62 | UL|
254.80509 |  21.02096 |  2.498E+13 |  1.000E+00 |  4.409E-13 |  0.000E+00 |   55255.62 |   55255.62 | UL|
254.80509 |  21.02096 |  1.363E+13 |  1.000E+00 |  7.620E-13 |  0.000E+00 |   55255.62 |   55255.62 | UL|
254.80509 |  21.02096 |  8.817E+13 |  1.000E+00 |  9.542E-14 |  1.957E-14 |   55255.68 |   55255.68 |   |
254.80509 |  21.02096 |  6.517E+13 |  1.000E+00 |  6.727E-14 |  3.038E-14 |   55255.68 |   55255.68 |   |
254.80509 |  21.02096 |  2.498E+13 |  1.000E+00 |  2.051E-13 |  0.000E+00 |   55255.68 |   55255.68 | UL|
254.80509 |  21.02096 |  1.363E+13 |  1.000E+00 |  7.522E-13 |  0.000E+00 |   55255.68 |   55255.68 | UL|
254.80509 |  21.02096 |  8.817E+13 |  1.000E+00 |  1.158E-13 |  2.230E-14 |   55255.75 |   55255.75 |   |
254.80509 |  21.02096 |  6.517E+13 |  1.000E+00 |  5.653E-14 |  0.000E+00 |   55255.75 |   55255.75 | UL|
254.80509 |  21.02096 |  2.498E+13 |  1.000E+00 |  3.326E-13 |  0.000E+00 |   55255.75 |   55255.75 | UL|
254.80509 |  21.02096 |  1.363E+13 |  1.000E+00 |  8.263E-13 |  0.000E+00 |   55255.75 |   55255.75 | UL|
254.80509 |  21.02096 |  8.817E+13 |  1.000E+00 |  9.792E-14 |  2.072E-14 |   55262.50 |   55262.50 |   |
254.80509 |  21.02096 |  6.517E+13 |  1.000E+00 |  8.066E-14 |  3.319E-14 |   55262.50 |   55262.50 |   |
254.80509 |  21.02096 |  2.498E+13 |  1.000E+00 |  2.359E-13 |  0.000E+00 |   55262.50 |   55262.50 | UL|
254.80509 |  21.02096 |  1.363E+13 |  1.000E+00 |  7.676E-13 |  0.000E+00 |   55262.50 |   55262.50 | UL|
254.80509 |  21.02096 |  8.817E+13 |  1.000E+00 |  6.099E-14 |  1.970E-14 |   55256.02 |   55256.02 |   |
254.80509 |  21.02096 |  6.517E+13 |  1.000E+00 |  9.538E-14 |  0.000E+00 |   55256.02 |   55256.02 | UL|
254.80509 |  21.02096 |  2.498E+13 |  1.000E+00 |  2.130E-13 |  0.000E+00 |   55256.02 |   55256.02 | UL|
254.80509 |  21.02096 |  1.363E+13 |  1.000E+00 |  1.853E-12 |  0.000E+00 |   55256.02 |   55256.02 | UL|
254.80509 |  21.02096 |  8.817E+13 |  1.000E+00 |  1.037E-13 |  2.117E-14 |   55255.88 |   55255.88 |   |
254.80509 |  21.02096 |  6.517E+13 |  1.000E+00 |  9.381E-14 |  0.000E+00 |   55255.88 |   55255.88 | UL|
254.80509 |  21.02096 |  2.498E+13 |  1.000E+00 |  2.081E-13 |  0.000E+00 |   55255.88 |   55255.88 | UL|
254.80509 |  21.02096 |  1.363E+13 |  1.000E+00 |  1.504E-12 |  0.000E+00 |   55255.88 |   55255.88 | UL|
254.80509 |  21.02096 |  8.817E+13 |  1.000E+00 |  7.531E-14 |  0.000E+00 |   55255.75 |   55255.75 | UL|
254.80509 |  21.02096 |  6.517E+13 |  1.000E+00 |  9.573E-14 |  0.000E+00 |   55255.75 |   55255.75 | UL|
254.80509 |  21.02096 |  2.498E+13 |  1.000E+00 |  3.104E-13 |  0.000E+00 |   55255.75 |   55255.75 | UL|
254.80509 |  21.02096 |  1.363E+13 |  1.000E+00 |  8.725E-13 |  0.000E+00 |   55255.75 |   55255.75 | UL|
254.80509 |  21.02096 |  8.817E+13 |  1.000E+00 |  8.197E-14 |  2.003E-14 |   55255.82 |   55255.82 |   |
254.80509 |  21.02096 |  6.517E+13 |  1.000E+00 |  9.193E-14 |  0.000E+00 |   55255.82 |   55255.82 | UL|
254.80509 |  21.02096 |  2.498E+13 |  1.000E+00 |  4.393E-13 |  9.835E-14 |   55255.82 |   55255.82 |   |
254.80509 |  21.02096 |  1.363E+13 |  1.000E+00 |  1.173E-12 |  0.000E+00 |   55255.82 |   55255.82 | UL|
254.80509 |  21.02096 |  4.859E+14 |  1.000E+00 |  5.139E-14 |  2.700E-15 |   55000.00 |   55000.00 |   |
254.80509 |  21.02096 |  3.987E+14 |  1.000E+00 |  1.382E-13 |  2.100E-15 |   55000.00 |   55000.00 |   |
254.80509 |  21.02096 |  3.462E+14 |  1.000E+00 |  1.361E-13 |  5.200E-15 |   55000.00 |   55000.00 |   |
254.80509 |  21.02096 |  3.116E+14 |  1.000E+00 |  1.298E-13 |  6.100E-15 |   55000.00 |   55000.00 |   |
254.80509 |  21.02096 |  6.443E+14 |  1.000E+00 |  3.231E-15 |  1.270E-15 |   55000.00 |   55000.00 |   |
254.80509 |  21.02096 |  4.876E+14 |  1.000E+00 |  4.761E-14 |  2.430E-15 |   55000.00 |   55000.00 |   |
254.80509 |  21.02096 |  4.014E+14 |  1.000E+00 |  1.247E-13 |  3.200E-15 |   55000.00 |   55000.00 |   |
254.80509 |  21.02096 |  3.382E+14 |  1.000E+00 |  1.139E-13 |  1.050E-14 |   55000.00 |   55000.00 |   |
