 30.61000 |   8.82044 |  1.400E+09 |  1.000E+00 |  1.880E-15 |  5.750E-17 |   55000.00 |   55000.00 |   |
 30.61000 |   8.82044 |  2.418E+17 |  1.000E+00 |  1.071E-12 |  2.079E-13 |   55000.00 |   55000.00 |   |
 30.61000 |   8.82044 |  2.418E+17 |  1.000E+00 |  4.553E-13 |  4.995E-14 |   55722.80 |   55722.80 |   |
 30.61000 |   8.82044 |  7.253E+17 |  1.000E+00 |  5.085E-13 |  4.240E-14 |   55000.00 |   55000.00 |   |
 30.61000 |   8.82044 |  1.209E+17 |  1.000E+00 |  5.447E-13 |  5.850E-14 |   55722.80 |   55722.80 |   |
 30.61000 |   8.82044 |  3.627E+17 |  1.000E+00 |  3.658E-13 |  4.140E-14 |   55722.80 |   55722.80 |   |
 30.61000 |   8.82044 |  7.253E+17 |  1.000E+00 |  2.257E-13 |  1.640E-14 |   55722.80 |   55722.80 |   |
 30.61000 |   8.82044 |  1.088E+18 |  1.000E+00 |  1.806E-13 |  3.590E-14 |   55722.80 |   55722.80 |   |
 30.61000 |   8.82044 |  1.209E+17 |  1.000E+00 |  5.255E-13 |  6.565E-14 |   55000.00 |   55000.00 |   |
 30.61000 |   8.82044 |  3.627E+17 |  1.000E+00 |  4.604E-13 |  6.015E-14 |   55000.00 |   55000.00 |   |
 30.61000 |   8.82044 |  1.088E+18 |  1.000E+00 |  2.680E-13 |  6.240E-14 |   55000.00 |   55000.00 |   |
 30.61000 |   8.82044 |  3.000E+09 |  1.000E+00 |  2.471E-15 |  2.000E-17 |   55000.00 |   55000.00 |   |
 30.61000 |   8.82044 |  1.500E+08 |  1.000E+00 |  5.974E-16 |  5.985E-17 |   55000.00 |   55000.00 |   |
 30.61000 |   8.82044 |  4.800E+09 |  1.000E+00 |  2.976E-15 |  3.360E-16 |   55000.00 |   55000.00 |   |
 30.61000 |   8.82044 |  4.800E+09 |  1.000E+00 |  3.408E-15 |  5.280E-16 |   55000.00 |   55000.00 |   |
 30.61000 |   8.82044 |  8.817E+13 |  1.000E+00 |  5.446E-13 |  1.405E-14 |   55000.00 |   55000.00 |   |
 30.61000 |   8.82044 |  6.517E+13 |  1.000E+00 |  3.473E-13 |  1.155E-14 |   55000.00 |   55000.00 |   |
 30.61000 |   8.82044 |  2.498E+13 |  1.000E+00 |  1.750E-13 |  3.305E-14 |   55000.00 |   55000.00 |   |
 30.61000 |   8.82044 |  1.363E+13 |  1.000E+00 |  4.458E-13 |  0.000E+00 |   55000.00 |   55000.00 | UL|
 30.61000 |   8.82044 |  8.817E+13 |  1.000E+00 |  5.835E-13 |  3.280E-14 |   55401.56 |   55401.56 |   |
 30.61000 |   8.82044 |  6.517E+13 |  1.000E+00 |  4.050E-13 |  3.810E-14 |   55401.56 |   55401.56 |   |
 30.61000 |   8.82044 |  2.498E+13 |  1.000E+00 |  5.161E-13 |  0.000E+00 |   55401.56 |   55401.56 | UL|
 30.61000 |   8.82044 |  1.363E+13 |  1.000E+00 |  1.179E-12 |  0.000E+00 |   55401.56 |   55401.56 | UL|
 30.61000 |   8.82044 |  8.817E+13 |  1.000E+00 |  5.516E-13 |  3.305E-14 |   55213.71 |   55213.71 |   |
 30.61000 |   8.82044 |  6.517E+13 |  1.000E+00 |  3.759E-13 |  3.920E-14 |   55213.71 |   55213.71 |   |
 30.61000 |   8.82044 |  2.498E+13 |  1.000E+00 |  3.247E-13 |  1.414E-13 |   55213.71 |   55213.71 |   |
 30.61000 |   8.82044 |  1.363E+13 |  1.000E+00 |  1.118E-12 |  0.000E+00 |   55213.71 |   55213.71 | UL|
 30.61000 |   8.82044 |  8.817E+13 |  1.000E+00 |  6.258E-13 |  3.230E-14 |   55401.82 |   55401.82 |   |
 30.61000 |   8.82044 |  6.517E+13 |  1.000E+00 |  3.419E-13 |  4.010E-14 |   55401.82 |   55401.82 |   |
 30.61000 |   8.82044 |  2.498E+13 |  1.000E+00 |  2.729E-13 |  0.000E+00 |   55401.82 |   55401.82 | UL|
 30.61000 |   8.82044 |  1.363E+13 |  1.000E+00 |  2.259E-12 |  0.000E+00 |   55401.82 |   55401.82 | UL|
 30.61000 |   8.82044 |  8.817E+13 |  1.000E+00 |  4.559E-13 |  3.320E-14 |   55578.64 |   55578.64 |   |
 30.61000 |   8.82044 |  6.517E+13 |  1.000E+00 |  3.586E-13 |  4.175E-14 |   55578.64 |   55578.64 |   |
 30.61000 |   8.82044 |  8.817E+13 |  1.000E+00 |  5.268E-13 |  4.275E-14 |   55578.77 |   55578.77 |   |
 30.61000 |   8.82044 |  6.517E+13 |  1.000E+00 |  3.067E-13 |  3.825E-14 |   55578.77 |   55578.77 |   |
 30.61000 |   8.82044 |  8.817E+13 |  1.000E+00 |  5.087E-13 |  3.235E-14 |   55578.90 |   55578.90 |   |
 30.61000 |   8.82044 |  6.517E+13 |  1.000E+00 |  3.307E-13 |  3.910E-14 |   55578.90 |   55578.90 |   |
 30.61000 |   8.82044 |  8.817E+13 |  1.000E+00 |  5.567E-13 |  3.335E-14 |   55578.97 |   55578.97 |   |
 30.61000 |   8.82044 |  6.517E+13 |  1.000E+00 |  2.986E-13 |  4.085E-14 |   55578.97 |   55578.97 |   |
 30.61000 |   8.82044 |  8.817E+13 |  1.000E+00 |  5.110E-13 |  3.250E-14 |   55579.04 |   55579.04 |   |
 30.61000 |   8.82044 |  6.517E+13 |  1.000E+00 |  4.106E-13 |  4.015E-14 |   55579.04 |   55579.04 |   |
 30.61000 |   8.82044 |  8.817E+13 |  1.000E+00 |  5.635E-13 |  3.635E-14 |   55579.10 |   55579.10 |   |
 30.61000 |   8.82044 |  6.517E+13 |  1.000E+00 |  3.341E-13 |  3.950E-14 |   55579.10 |   55579.10 |   |
 30.61000 |   8.82044 |  8.817E+13 |  1.000E+00 |  4.310E-13 |  3.220E-14 |   55579.17 |   55579.17 |   |
 30.61000 |   8.82044 |  6.517E+13 |  1.000E+00 |  2.977E-13 |  3.935E-14 |   55579.17 |   55579.17 |   |
 30.61000 |   8.82044 |  8.817E+13 |  1.000E+00 |  5.755E-13 |  3.550E-14 |   55579.23 |   55579.23 |   |
 30.61000 |   8.82044 |  6.517E+13 |  1.000E+00 |  3.387E-13 |  3.975E-14 |   55579.23 |   55579.23 |   |
 30.61000 |   8.82044 |  8.817E+13 |  1.000E+00 |  5.050E-13 |  3.540E-14 |   55579.37 |   55579.37 |   |
 30.61000 |   8.82044 |  6.517E+13 |  1.000E+00 |  2.639E-13 |  4.200E-14 |   55579.37 |   55579.37 |   |
 30.61000 |   8.82044 |  8.817E+13 |  1.000E+00 |  5.073E-13 |  3.460E-14 |   55579.50 |   55579.50 |   |
 30.61000 |   8.82044 |  6.517E+13 |  1.000E+00 |  3.187E-13 |  3.945E-14 |   55579.50 |   55579.50 |   |
 30.61000 |   8.82044 |  8.817E+13 |  1.000E+00 |  4.867E-13 |  3.055E-14 |   55579.63 |   55579.63 |   |
 30.61000 |   8.82044 |  6.517E+13 |  1.000E+00 |  3.616E-13 |  3.805E-14 |   55579.63 |   55579.63 |   |
 30.61000 |   8.82044 |  8.817E+13 |  1.000E+00 |  5.486E-13 |  3.285E-14 |   55400.83 |   55400.83 |   |
 30.61000 |   8.82044 |  6.517E+13 |  1.000E+00 |  3.319E-13 |  3.890E-14 |   55400.83 |   55400.83 |   |
 30.61000 |   8.82044 |  2.498E+13 |  1.000E+00 |  4.634E-13 |  1.217E-13 |   55400.83 |   55400.83 |   |
 30.61000 |   8.82044 |  1.363E+13 |  1.000E+00 |  1.356E-12 |  0.000E+00 |   55400.83 |   55400.83 | UL|
 30.61000 |   8.82044 |  8.817E+13 |  1.000E+00 |  5.702E-13 |  3.100E-14 |   55400.96 |   55400.96 |   |
 30.61000 |   8.82044 |  6.517E+13 |  1.000E+00 |  3.829E-13 |  3.740E-14 |   55400.96 |   55400.96 |   |
 30.61000 |   8.82044 |  2.498E+13 |  1.000E+00 |  4.474E-13 |  0.000E+00 |   55400.96 |   55400.96 | UL|
 30.61000 |   8.82044 |  1.363E+13 |  1.000E+00 |  9.461E-13 |  0.000E+00 |   55400.96 |   55400.96 | UL|
 30.61000 |   8.82044 |  8.817E+13 |  1.000E+00 |  6.687E-13 |  3.265E-14 |   55401.10 |   55401.10 |   |
 30.61000 |   8.82044 |  6.517E+13 |  1.000E+00 |  3.829E-13 |  3.740E-14 |   55401.10 |   55401.10 |   |
 30.61000 |   8.82044 |  2.498E+13 |  1.000E+00 |  4.051E-13 |  0.000E+00 |   55401.10 |   55401.10 | UL|
 30.61000 |   8.82044 |  1.363E+13 |  1.000E+00 |  1.622E-12 |  0.000E+00 |   55401.10 |   55401.10 | UL|
 30.61000 |   8.82044 |  8.817E+13 |  1.000E+00 |  5.911E-13 |  3.325E-14 |   55401.16 |   55401.16 |   |
 30.61000 |   8.82044 |  6.517E+13 |  1.000E+00 |  3.534E-13 |  3.750E-14 |   55401.16 |   55401.16 |   |
 30.61000 |   8.82044 |  2.498E+13 |  1.000E+00 |  3.351E-13 |  1.214E-13 |   55401.16 |   55401.16 |   |
 30.61000 |   8.82044 |  1.363E+13 |  1.000E+00 |  9.195E-13 |  0.000E+00 |   55401.16 |   55401.16 | UL|
 30.61000 |   8.82044 |  8.817E+13 |  1.000E+00 |  5.110E-13 |  3.535E-14 |   55401.23 |   55401.23 |   |
 30.61000 |   8.82044 |  6.517E+13 |  1.000E+00 |  3.495E-13 |  3.675E-14 |   55401.23 |   55401.23 |   |
 30.61000 |   8.82044 |  2.498E+13 |  1.000E+00 |  4.716E-13 |  0.000E+00 |   55401.23 |   55401.23 | UL|
 30.61000 |   8.82044 |  1.363E+13 |  1.000E+00 |  1.858E-12 |  0.000E+00 |   55401.23 |   55401.23 | UL|
 30.61000 |   8.82044 |  8.817E+13 |  1.000E+00 |  5.547E-13 |  3.320E-14 |   55401.30 |   55401.30 |   |
 30.61000 |   8.82044 |  6.517E+13 |  1.000E+00 |  3.531E-13 |  3.745E-14 |   55401.30 |   55401.30 |   |
 30.61000 |   8.82044 |  2.498E+13 |  1.000E+00 |  3.742E-13 |  0.000E+00 |   55401.30 |   55401.30 | UL|
 30.61000 |   8.82044 |  1.363E+13 |  1.000E+00 |  1.647E-12 |  0.000E+00 |   55401.30 |   55401.30 | UL|
 30.61000 |   8.82044 |  8.817E+13 |  1.000E+00 |  5.835E-13 |  3.605E-14 |   55401.36 |   55401.36 |   |
 30.61000 |   8.82044 |  6.517E+13 |  1.000E+00 |  4.449E-13 |  3.940E-14 |   55401.36 |   55401.36 |   |
 30.61000 |   8.82044 |  2.498E+13 |  1.000E+00 |  4.438E-13 |  0.000E+00 |   55401.36 |   55401.36 | UL|
 30.61000 |   8.82044 |  1.363E+13 |  1.000E+00 |  1.405E-12 |  0.000E+00 |   55401.36 |   55401.36 | UL|
 30.61000 |   8.82044 |  8.817E+13 |  1.000E+00 |  5.949E-13 |  3.230E-14 |   55401.43 |   55401.43 |   |
 30.61000 |   8.82044 |  6.517E+13 |  1.000E+00 |  4.276E-13 |  4.775E-14 |   55401.43 |   55401.43 |   |
 30.61000 |   8.82044 |  2.498E+13 |  1.000E+00 |  3.780E-13 |  0.000E+00 |   55401.43 |   55401.43 | UL|
 30.61000 |   8.82044 |  1.363E+13 |  1.000E+00 |  9.178E-13 |  0.000E+00 |   55401.43 |   55401.43 | UL|
 30.61000 |   8.82044 |  8.817E+13 |  1.000E+00 |  5.129E-13 |  3.120E-14 |   55213.77 |   55213.77 |   |
 30.61000 |   8.82044 |  6.517E+13 |  1.000E+00 |  3.170E-13 |  3.865E-14 |   55213.77 |   55213.77 |   |
 30.61000 |   8.82044 |  2.498E+13 |  1.000E+00 |  3.461E-13 |  1.168E-13 |   55213.77 |   55213.77 |   |
 30.61000 |   8.82044 |  1.363E+13 |  1.000E+00 |  1.687E-12 |  0.000E+00 |   55213.77 |   55213.77 | UL|
 30.61000 |   8.82044 |  8.817E+13 |  1.000E+00 |  5.120E-13 |  3.210E-14 |   55213.84 |   55213.84 |   |
 30.61000 |   8.82044 |  6.517E+13 |  1.000E+00 |  3.155E-13 |  3.790E-14 |   55213.84 |   55213.84 |   |
 30.61000 |   8.82044 |  2.498E+13 |  1.000E+00 |  2.926E-13 |  0.000E+00 |   55213.84 |   55213.84 | UL|
 30.61000 |   8.82044 |  1.363E+13 |  1.000E+00 |  1.203E-12 |  0.000E+00 |   55213.84 |   55213.84 | UL|
 30.61000 |   8.82044 |  8.817E+13 |  1.000E+00 |  5.177E-13 |  3.335E-14 |   55213.97 |   55213.97 |   |
 30.61000 |   8.82044 |  6.517E+13 |  1.000E+00 |  2.815E-13 |  3.980E-14 |   55213.97 |   55213.97 |   |
 30.61000 |   8.82044 |  2.498E+13 |  1.000E+00 |  4.583E-13 |  0.000E+00 |   55213.97 |   55213.97 | UL|
 30.61000 |   8.82044 |  1.363E+13 |  1.000E+00 |  1.134E-12 |  0.000E+00 |   55213.97 |   55213.97 | UL|
 30.61000 |   8.82044 |  8.817E+13 |  1.000E+00 |  5.244E-13 |  3.190E-14 |   55214.11 |   55214.11 |   |
 30.61000 |   8.82044 |  6.517E+13 |  1.000E+00 |  3.900E-13 |  4.285E-14 |   55214.11 |   55214.11 |   |
 30.61000 |   8.82044 |  2.498E+13 |  1.000E+00 |  2.461E-13 |  0.000E+00 |   55214.11 |   55214.11 | UL|
 30.61000 |   8.82044 |  1.363E+13 |  1.000E+00 |  9.212E-13 |  0.000E+00 |   55214.11 |   55214.11 | UL|
 30.61000 |   8.82044 |  8.817E+13 |  1.000E+00 |  6.463E-13 |  3.160E-14 |   55400.70 |   55400.70 |   |
 30.61000 |   8.82044 |  6.517E+13 |  1.000E+00 |  2.815E-13 |  3.745E-14 |   55400.70 |   55400.70 |   |
 30.61000 |   8.82044 |  2.498E+13 |  1.000E+00 |  3.624E-13 |  0.000E+00 |   55400.70 |   55400.70 | UL|
 30.61000 |   8.82044 |  1.363E+13 |  1.000E+00 |  1.165E-12 |  0.000E+00 |   55400.70 |   55400.70 | UL|
 30.61000 |   8.82044 |  8.817E+13 |  1.000E+00 |  5.676E-13 |  3.140E-14 |   55213.25 |   55213.25 |   |
 30.61000 |   8.82044 |  6.517E+13 |  1.000E+00 |  3.518E-13 |  4.125E-14 |   55213.25 |   55213.25 |   |
 30.61000 |   8.82044 |  2.498E+13 |  1.000E+00 |  2.686E-13 |  0.000E+00 |   55213.25 |   55213.25 | UL|
 30.61000 |   8.82044 |  1.363E+13 |  1.000E+00 |  1.373E-12 |  0.000E+00 |   55213.25 |   55213.25 | UL|
 30.61000 |   8.82044 |  8.817E+13 |  1.000E+00 |  5.949E-13 |  3.015E-14 |   55213.38 |   55213.38 |   |
 30.61000 |   8.82044 |  6.517E+13 |  1.000E+00 |  2.163E-13 |  3.560E-14 |   55213.38 |   55213.38 |   |
 30.61000 |   8.82044 |  2.498E+13 |  1.000E+00 |  2.502E-13 |  1.276E-13 |   55213.38 |   55213.38 |   |
 30.61000 |   8.82044 |  1.363E+13 |  1.000E+00 |  1.675E-12 |  0.000E+00 |   55213.38 |   55213.38 | UL|
 30.61000 |   8.82044 |  8.817E+13 |  1.000E+00 |  5.158E-13 |  3.230E-14 |   55213.51 |   55213.51 |   |
 30.61000 |   8.82044 |  6.517E+13 |  1.000E+00 |  3.861E-13 |  3.880E-14 |   55213.51 |   55213.51 |   |
 30.61000 |   8.82044 |  2.498E+13 |  1.000E+00 |  2.635E-13 |  0.000E+00 |   55213.51 |   55213.51 | UL|
 30.61000 |   8.82044 |  1.363E+13 |  1.000E+00 |  1.518E-12 |  0.000E+00 |   55213.51 |   55213.51 | UL|
 30.61000 |   8.82044 |  8.817E+13 |  1.000E+00 |  5.297E-13 |  3.125E-14 |   55213.57 |   55213.57 |   |
 30.61000 |   8.82044 |  6.517E+13 |  1.000E+00 |  3.434E-13 |  4.030E-14 |   55213.57 |   55213.57 |   |
 30.61000 |   8.82044 |  2.498E+13 |  1.000E+00 |  3.886E-13 |  0.000E+00 |   55213.57 |   55213.57 | UL|
 30.61000 |   8.82044 |  1.363E+13 |  1.000E+00 |  9.323E-13 |  0.000E+00 |   55213.57 |   55213.57 | UL|
 30.61000 |   8.82044 |  8.817E+13 |  1.000E+00 |  4.435E-13 |  3.845E-14 |   55213.64 |   55213.64 |   |
 30.61000 |   8.82044 |  6.517E+13 |  1.000E+00 |  4.050E-13 |  3.920E-14 |   55213.64 |   55213.64 |   |
 30.61000 |   8.82044 |  2.498E+13 |  1.000E+00 |  2.792E-13 |  0.000E+00 |   55213.64 |   55213.64 | UL|
 30.61000 |   8.82044 |  1.363E+13 |  1.000E+00 |  1.728E-12 |  0.000E+00 |   55213.64 |   55213.64 | UL|
 30.61000 |   8.82044 |  8.817E+13 |  1.000E+00 |  5.798E-13 |  3.205E-14 |   55401.69 |   55401.69 |   |
 30.61000 |   8.82044 |  6.517E+13 |  1.000E+00 |  4.380E-13 |  4.405E-14 |   55401.69 |   55401.69 |   |
 30.61000 |   8.82044 |  2.498E+13 |  1.000E+00 |  4.870E-13 |  0.000E+00 |   55401.69 |   55401.69 | UL|
 30.61000 |   8.82044 |  1.363E+13 |  1.000E+00 |  1.686E-12 |  0.000E+00 |   55401.69 |   55401.69 | UL|
 30.61000 |   8.82044 |  4.455E+14 |  1.000E+00 |  3.403E-13 |  0.000E+00 |   55000.00 |   55000.00 |   |
 30.61000 |   8.82044 |  6.813E+14 |  1.000E+00 |  4.337E-13 |  1.831E-13 |   55000.00 |   55000.00 |   |
 30.61000 |   8.82044 |  5.451E+14 |  1.000E+00 |  6.759E-13 |  2.788E-13 |   55000.00 |   55000.00 |   |
 30.61000 |   8.82044 |  6.233E+14 |  1.000E+00 |  5.772E-13 |  3.460E-14 |   55000.00 |   55000.00 |   |
 30.61000 |   8.82044 |  4.859E+14 |  1.000E+00 |  4.267E-13 |  7.250E-15 |   55000.00 |   55000.00 |   |
 30.61000 |   8.82044 |  3.987E+14 |  1.000E+00 |  4.867E-13 |  5.250E-15 |   55000.00 |   55000.00 |   |
 30.61000 |   8.82044 |  3.462E+14 |  1.000E+00 |  5.306E-13 |  1.470E-14 |   55000.00 |   55000.00 |   |
 30.61000 |   8.82044 |  3.116E+14 |  1.000E+00 |  5.162E-13 |  1.585E-14 |   55000.00 |   55000.00 |   |
 30.61000 |   8.82044 |  8.402E+14 |  1.000E+00 |  4.375E-13 |  1.910E-14 |   55000.00 |   55000.00 |   |
 30.61000 |   8.82044 |  6.443E+14 |  1.000E+00 |  4.513E-13 |  5.650E-15 |   55000.00 |   55000.00 |   |
 30.61000 |   8.82044 |  4.876E+14 |  1.000E+00 |  4.737E-13 |  6.150E-15 |   55000.00 |   55000.00 |   |
 30.61000 |   8.82044 |  4.014E+14 |  1.000E+00 |  5.251E-13 |  6.850E-15 |   55000.00 |   55000.00 |   |
 30.61000 |   8.82044 |  3.382E+14 |  1.000E+00 |  5.565E-13 |  1.825E-14 |   55000.00 |   55000.00 |   |
 30.61000 |   8.82044 |  1.948E+15 |  1.000E+00 |  3.516E-13 |  1.033E-13 |   55000.00 |   55000.00 |   |
 30.61000 |   8.82044 |  1.295E+15 |  1.000E+00 |  2.333E-13 |  4.010E-14 |   55000.00 |   55000.00 |   |
 30.61000 |   8.82044 |  2.418E+17 |  1.000E+00 |  3.403E-13 |  7.730E-14 |   55812.80 |   55812.80 |   |
 30.61000 |   8.82044 |  1.209E+17 |  1.000E+00 |  3.568E-13 |  7.910E-14 |   55812.80 |   55812.80 |   |
 30.61000 |   8.82044 |  3.627E+17 |  1.000E+00 |  3.239E-13 |  7.550E-14 |   55812.80 |   55812.80 |   |
 30.61000 |   8.82044 |  7.253E+17 |  1.000E+00 |  3.895E-13 |  5.600E-14 |   55812.80 |   55812.80 |   |
 30.61000 |   8.82044 |  1.088E+18 |  1.000E+00 |  2.858E-13 |  9.340E-14 |   55812.80 |   55812.80 |   |
 30.61000 |   8.82044 |  2.418E+17 |  1.000E+00 |  6.891E-13 |  1.550E-13 |   55886.00 |   55886.00 |   |
 30.61000 |   8.82044 |  1.209E+17 |  1.000E+00 |  8.396E-13 |  1.715E-13 |   55886.00 |   55886.00 |   |
 30.61000 |   8.82044 |  3.627E+17 |  1.000E+00 |  5.386E-13 |  1.384E-13 |   55886.00 |   55886.00 |   |
 30.61000 |   8.82044 |  7.253E+17 |  1.000E+00 |  6.370E-13 |  1.016E-13 |   55886.00 |   55886.00 |   |
 30.61000 |   8.82044 |  2.418E+17 |  1.000E+00 |  4.122E-13 |  6.415E-14 |   55722.80 |   55725.70 |   |
 30.61000 |   8.82044 |  1.209E+17 |  1.000E+00 |  4.666E-13 |  7.100E-14 |   55722.80 |   55725.70 |   |
 30.61000 |   8.82044 |  3.627E+17 |  1.000E+00 |  3.578E-13 |  5.730E-14 |   55722.80 |   55725.70 |   |
 30.61000 |   8.82044 |  7.253E+17 |  1.000E+00 |  2.806E-13 |  2.830E-14 |   55722.80 |   55725.70 |   |
 30.61000 |   8.82044 |  1.088E+18 |  1.000E+00 |  2.530E-13 |  5.980E-14 |   55722.80 |   55725.70 |   |
 30.61000 |   8.82044 |  2.418E+23 |  1.000E+00 |  2.927E-13 |  1.289E-13 |   55000.00 |   55000.00 |   |
 30.61000 |   8.82044 |  4.110E+23 |  1.000E+00 |  3.155E-13 |  9.380E-14 |   55000.00 |   55000.00 |   |
 30.61000 |   8.82044 |  7.254E+23 |  1.000E+00 |  3.271E-13 |  7.730E-14 |   55000.00 |   55000.00 |   |
 30.61000 |   8.82044 |  1.209E+24 |  1.000E+00 |  3.789E-13 |  7.600E-14 |   55000.00 |   55000.00 |   |
 30.61000 |   8.82044 |  2.418E+24 |  1.000E+00 |  4.602E-13 |  9.845E-14 |   55000.00 |   55000.00 |   |
 30.61000 |   8.82044 |  4.111E+24 |  1.000E+00 |  4.498E-13 |  1.228E-13 |   55000.00 |   55000.00 |   |
 30.61000 |   8.82044 |  7.254E+24 |  1.000E+00 |  4.062E-13 |  1.558E-13 |   55000.00 |   55000.00 |   |
 30.61000 |   8.82044 |  1.209E+25 |  1.000E+00 |  2.480E-13 |  1.707E-13 |   55000.00 |   55000.00 |   |
 30.61000 |   8.82044 |  2.418E+25 |  1.000E+00 |  3.880E-13 |  0.000E+00 |   55000.00 |   55000.00 | UL|
 30.61000 |   8.82044 |  4.110E+25 |  1.000E+00 |  6.250E-13 |  0.000E+00 |   55000.00 |   55000.00 | UL|
 30.61000 |   8.82044 |  2.418E+23 |  1.000E+00 |  4.712E-13 |  1.242E-13 |   55000.00 |   55000.00 |   |
 30.61000 |   8.82044 |  4.835E+22 |  1.000E+00 |  1.772E-12 |  0.000E+00 |   55000.00 |   55000.00 | UL|
 30.61000 |   8.82044 |  1.451E+23 |  1.000E+00 |  4.781E-13 |  3.138E-13 |   55000.00 |   55000.00 |   |
 30.61000 |   8.82044 |  4.835E+23 |  1.000E+00 |  5.406E-13 |  2.163E-13 |   55000.00 |   55000.00 |   |
 30.61000 |   8.82044 |  1.451E+24 |  1.000E+00 |  5.105E-13 |  2.207E-13 |   55000.00 |   55000.00 |   |
 30.61000 |   8.82044 |  1.451E+25 |  1.000E+00 |  1.453E-13 |  1.116E-13 |   55000.00 |   55000.00 |   |
 30.61000 |   8.82044 |  2.418E+23 |  1.000E+00 |  2.624E-13 |  5.485E-14 |   55000.00 |   55000.00 |   |
 30.61000 |   8.82044 |  1.813E+22 |  1.000E+00 |  4.940E-12 |  0.000E+00 |   55000.00 |   55000.00 | UL|
 30.61000 |   8.82044 |  4.835E+22 |  1.000E+00 |  6.715E-13 |  0.000E+00 |   55000.00 |   55000.00 | UL|
 30.61000 |   8.82044 |  1.451E+23 |  1.000E+00 |  9.858E-14 |  8.841E-14 |   55000.00 |   55000.00 |   |
 30.61000 |   8.82044 |  4.835E+23 |  1.000E+00 |  2.267E-13 |  8.930E-14 |   55000.00 |   55000.00 |   |
 30.61000 |   8.82044 |  1.451E+24 |  1.000E+00 |  4.912E-13 |  1.244E-13 |   55000.00 |   55000.00 |   |
 30.61000 |   8.82044 |  4.835E+24 |  1.000E+00 |  6.639E-13 |  2.094E-13 |   55000.00 |   55000.00 |   |
 30.61000 |   8.82044 |  1.451E+25 |  1.000E+00 |  2.073E-13 |  1.694E-13 |   55000.00 |   55000.00 |   |
 30.61000 |   8.82044 |  1.451E+26 |  1.000E+00 |  2.055E-12 |  0.000E+00 |   55000.00 |   55000.00 | UL|
 30.61000 |   8.82044 |  7.254E+24 |  1.000E+00 |  4.062E-13 |  1.558E-13 |   55000.00 |   55000.00 |   |
 30.61000 |   8.82044 |  1.209E+25 |  1.000E+00 |  2.655E-13 |  1.827E-13 |   55000.00 |   55000.00 |   |
 30.61000 |   8.82044 |  1.451E+25 |  1.000E+00 |  1.616E-13 |  1.241E-13 |   55000.00 |   55000.00 |   |
 30.61000 |   8.82044 |  4.835E+24 |  1.000E+00 |  6.639E-13 |  2.094E-13 |   55000.00 |   55000.00 |   |
 30.61000 |   8.82044 |  1.451E+25 |  1.000E+00 |  2.318E-13 |  1.894E-13 |   55000.00 |   55000.00 |   |
