348.73554 |  14.55583 |  1.400E+09 |  1.000E+00 |  1.208E-15 |  4.600E-17 |   55000.00 |   55000.00 |   |
348.73554 |  14.55583 |  2.418E+17 |  1.000E+00 |  9.446E-14 |  1.412E-14 |   55000.00 |   55000.00 |   |
348.73554 |  14.55583 |  1.400E+09 |  1.000E+00 |  9.568E-16 |  2.150E-18 |   55000.00 |   55000.00 |   |
348.73554 |  14.55583 |  3.000E+09 |  1.000E+00 |  8.839E-16 |  8.150E-18 |   55000.00 |   55000.00 |   |
348.73554 |  14.55583 |  1.500E+08 |  1.000E+00 |  3.340E-16 |  3.360E-17 |   55000.00 |   55000.00 |   |
348.73554 |  14.55583 |  4.800E+09 |  1.000E+00 |  1.440E-15 |  2.400E-16 |   55000.00 |   55000.00 |   |
348.73554 |  14.55583 |  8.817E+13 |  1.000E+00 |  3.157E-13 |  1.045E-14 |   55000.00 |   55000.00 |   |
348.73554 |  14.55583 |  6.517E+13 |  1.000E+00 |  1.454E-13 |  8.800E-15 |   55000.00 |   55000.00 |   |
348.73554 |  14.55583 |  2.498E+13 |  1.000E+00 |  8.944E-14 |  0.000E+00 |   55000.00 |   55000.00 | UL|
348.73554 |  14.55583 |  1.363E+13 |  1.000E+00 |  4.681E-13 |  0.000E+00 |   55000.00 |   55000.00 | UL|
348.73554 |  14.55583 |  8.817E+13 |  1.000E+00 |  3.497E-13 |  2.580E-14 |   55364.78 |   55364.78 |   |
348.73554 |  14.55583 |  6.517E+13 |  1.000E+00 |  2.022E-13 |  3.465E-14 |   55364.78 |   55364.78 |   |
348.73554 |  14.55583 |  2.498E+13 |  1.000E+00 |  2.204E-13 |  0.000E+00 |   55364.78 |   55364.78 | UL|
348.73554 |  14.55583 |  1.363E+13 |  1.000E+00 |  1.664E-12 |  0.000E+00 |   55364.78 |   55364.78 | UL|
348.73554 |  14.55583 |  8.817E+13 |  1.000E+00 |  2.993E-13 |  2.705E-14 |   55541.21 |   55541.21 |   |
348.73554 |  14.55583 |  6.517E+13 |  1.000E+00 |  1.176E-13 |  3.604E-14 |   55541.21 |   55541.21 |   |
348.73554 |  14.55583 |  8.817E+13 |  1.000E+00 |  2.933E-13 |  3.030E-14 |   55541.34 |   55541.34 |   |
348.73554 |  14.55583 |  6.517E+13 |  1.000E+00 |  1.541E-13 |  3.935E-14 |   55541.34 |   55541.34 |   |
348.73554 |  14.55583 |  8.817E+13 |  1.000E+00 |  3.303E-13 |  2.650E-14 |   55541.48 |   55541.48 |   |
348.73554 |  14.55583 |  6.517E+13 |  1.000E+00 |  1.653E-13 |  3.465E-14 |   55541.48 |   55541.48 |   |
348.73554 |  14.55583 |  8.817E+13 |  1.000E+00 |  3.401E-13 |  2.665E-14 |   55541.54 |   55541.54 |   |
348.73554 |  14.55583 |  6.517E+13 |  1.000E+00 |  1.181E-13 |  3.352E-14 |   55541.54 |   55541.54 |   |
348.73554 |  14.55583 |  8.817E+13 |  1.000E+00 |  3.309E-13 |  2.750E-14 |   55541.61 |   55541.61 |   |
348.73554 |  14.55583 |  6.517E+13 |  1.000E+00 |  1.376E-13 |  3.510E-14 |   55541.61 |   55541.61 |   |
348.73554 |  14.55583 |  8.817E+13 |  1.000E+00 |  2.775E-13 |  2.845E-14 |   55541.68 |   55541.68 |   |
348.73554 |  14.55583 |  6.517E+13 |  1.000E+00 |  1.140E-13 |  5.069E-14 |   55541.68 |   55541.68 |   |
348.73554 |  14.55583 |  8.817E+13 |  1.000E+00 |  2.709E-13 |  2.700E-14 |   55541.74 |   55541.74 |   |
348.73554 |  14.55583 |  6.517E+13 |  1.000E+00 |  7.882E-14 |  3.454E-14 |   55541.74 |   55541.74 |   |
348.73554 |  14.55583 |  8.817E+13 |  1.000E+00 |  3.568E-13 |  2.795E-14 |   55541.81 |   55541.81 |   |
348.73554 |  14.55583 |  6.517E+13 |  1.000E+00 |  1.633E-13 |  3.640E-14 |   55541.81 |   55541.81 |   |
348.73554 |  14.55583 |  8.817E+13 |  1.000E+00 |  3.018E-13 |  2.950E-14 |   55541.88 |   55541.88 |   |
348.73554 |  14.55583 |  6.517E+13 |  1.000E+00 |  1.861E-13 |  3.570E-14 |   55541.88 |   55541.88 |   |
348.73554 |  14.55583 |  8.817E+13 |  1.000E+00 |  2.614E-13 |  2.650E-14 |   55541.88 |   55541.88 |   |
348.73554 |  14.55583 |  6.517E+13 |  1.000E+00 |  1.702E-13 |  3.440E-14 |   55541.88 |   55541.88 |   |
348.73554 |  14.55583 |  8.817E+13 |  1.000E+00 |  3.312E-13 |  3.235E-14 |   55363.65 |   55363.65 |   |
348.73554 |  14.55583 |  6.517E+13 |  1.000E+00 |  1.617E-13 |  3.955E-14 |   55363.65 |   55363.65 |   |
348.73554 |  14.55583 |  2.498E+13 |  1.000E+00 |  2.150E-13 |  0.000E+00 |   55363.65 |   55363.65 | UL|
348.73554 |  14.55583 |  1.363E+13 |  1.000E+00 |  1.689E-12 |  0.000E+00 |   55363.65 |   55363.65 | UL|
348.73554 |  14.55583 |  8.817E+13 |  1.000E+00 |  3.358E-13 |  2.880E-14 |   55363.79 |   55363.79 |   |
348.73554 |  14.55583 |  6.517E+13 |  1.000E+00 |  1.347E-13 |  3.355E-14 |   55363.79 |   55363.79 |   |
348.73554 |  14.55583 |  2.498E+13 |  1.000E+00 |  2.558E-13 |  0.000E+00 |   55363.79 |   55363.79 | UL|
348.73554 |  14.55583 |  1.363E+13 |  1.000E+00 |  1.785E-12 |  0.000E+00 |   55363.79 |   55363.79 | UL|
348.73554 |  14.55583 |  8.817E+13 |  1.000E+00 |  3.430E-13 |  2.975E-14 |   55363.92 |   55363.92 |   |
348.73554 |  14.55583 |  6.517E+13 |  1.000E+00 |  9.896E-14 |  3.584E-14 |   55363.92 |   55363.92 |   |
348.73554 |  14.55583 |  2.498E+13 |  1.000E+00 |  3.121E-13 |  0.000E+00 |   55363.92 |   55363.92 | UL|
348.73554 |  14.55583 |  1.363E+13 |  1.000E+00 |  1.037E-12 |  0.000E+00 |   55363.92 |   55363.92 | UL|
348.73554 |  14.55583 |  8.817E+13 |  1.000E+00 |  2.448E-13 |  3.120E-14 |   55364.05 |   55364.05 |   |
348.73554 |  14.55583 |  6.517E+13 |  1.000E+00 |  1.667E-13 |  3.325E-14 |   55364.05 |   55364.05 |   |
348.73554 |  14.55583 |  2.498E+13 |  1.000E+00 |  4.768E-13 |  0.000E+00 |   55364.05 |   55364.05 | UL|
348.73554 |  14.55583 |  1.363E+13 |  1.000E+00 |  1.044E-12 |  0.000E+00 |   55364.05 |   55364.05 | UL|
348.73554 |  14.55583 |  8.817E+13 |  1.000E+00 |  3.324E-13 |  2.850E-14 |   55364.12 |   55364.12 |   |
348.73554 |  14.55583 |  6.517E+13 |  1.000E+00 |  1.380E-13 |  3.495E-14 |   55364.12 |   55364.12 |   |
348.73554 |  14.55583 |  2.498E+13 |  1.000E+00 |  2.179E-13 |  0.000E+00 |   55364.12 |   55364.12 | UL|
348.73554 |  14.55583 |  1.363E+13 |  1.000E+00 |  1.080E-12 |  0.000E+00 |   55364.12 |   55364.12 | UL|
348.73554 |  14.55583 |  8.817E+13 |  1.000E+00 |  3.099E-13 |  2.630E-14 |   55364.64 |   55364.64 |   |
348.73554 |  14.55583 |  6.517E+13 |  1.000E+00 |  1.261E-13 |  3.528E-14 |   55364.64 |   55364.64 |   |
348.73554 |  14.55583 |  2.498E+13 |  1.000E+00 |  2.295E-13 |  0.000E+00 |   55364.64 |   55364.64 | UL|
348.73554 |  14.55583 |  1.363E+13 |  1.000E+00 |  1.330E-12 |  0.000E+00 |   55364.64 |   55364.64 | UL|
348.73554 |  14.55583 |  8.817E+13 |  1.000E+00 |  3.672E-13 |  2.775E-14 |   55364.52 |   55364.52 |   |
348.73554 |  14.55583 |  6.517E+13 |  1.000E+00 |  1.958E-13 |  3.480E-14 |   55364.52 |   55364.52 |   |
348.73554 |  14.55583 |  2.498E+13 |  1.000E+00 |  2.691E-13 |  0.000E+00 |   55364.52 |   55364.52 | UL|
348.73554 |  14.55583 |  1.363E+13 |  1.000E+00 |  1.096E-12 |  4.907E-13 |   55364.52 |   55364.52 |   |
348.73554 |  14.55583 |  8.817E+13 |  1.000E+00 |  3.960E-13 |  2.955E-14 |   55364.38 |   55364.38 |   |
348.73554 |  14.55583 |  6.517E+13 |  1.000E+00 |  1.184E-13 |  4.137E-14 |   55364.38 |   55364.38 |   |
348.73554 |  14.55583 |  2.498E+13 |  1.000E+00 |  4.672E-13 |  0.000E+00 |   55364.38 |   55364.38 | UL|
348.73554 |  14.55583 |  1.363E+13 |  1.000E+00 |  1.662E-12 |  0.000E+00 |   55364.38 |   55364.38 | UL|
348.73554 |  14.55583 |  8.817E+13 |  1.000E+00 |  3.281E-13 |  2.785E-14 |   55364.32 |   55364.32 |   |
348.73554 |  14.55583 |  6.517E+13 |  1.000E+00 |  1.884E-13 |  3.915E-14 |   55364.32 |   55364.32 |   |
348.73554 |  14.55583 |  2.498E+13 |  1.000E+00 |  3.136E-13 |  0.000E+00 |   55364.32 |   55364.32 | UL|
348.73554 |  14.55583 |  1.363E+13 |  1.000E+00 |  9.889E-13 |  0.000E+00 |   55364.32 |   55364.32 | UL|
348.73554 |  14.55583 |  8.817E+13 |  1.000E+00 |  2.866E-13 |  2.935E-14 |   55364.32 |   55364.32 |   |
348.73554 |  14.55583 |  6.517E+13 |  1.000E+00 |  1.056E-13 |  3.477E-14 |   55364.32 |   55364.32 |   |
348.73554 |  14.55583 |  2.498E+13 |  1.000E+00 |  2.452E-13 |  0.000E+00 |   55364.32 |   55364.32 | UL|
348.73554 |  14.55583 |  1.363E+13 |  1.000E+00 |  9.726E-13 |  0.000E+00 |   55364.32 |   55364.32 | UL|
348.73554 |  14.55583 |  8.817E+13 |  1.000E+00 |  2.803E-13 |  2.790E-14 |   55364.18 |   55364.18 |   |
348.73554 |  14.55583 |  6.517E+13 |  1.000E+00 |  1.732E-13 |  3.195E-14 |   55364.18 |   55364.18 |   |
348.73554 |  14.55583 |  2.498E+13 |  1.000E+00 |  2.689E-13 |  0.000E+00 |   55364.18 |   55364.18 | UL|
348.73554 |  14.55583 |  1.363E+13 |  1.000E+00 |  1.032E-12 |  0.000E+00 |   55364.18 |   55364.18 | UL|
348.73554 |  14.55583 |  8.817E+13 |  1.000E+00 |  3.054E-13 |  2.705E-14 |   55364.25 |   55364.25 |   |
348.73554 |  14.55583 |  6.517E+13 |  1.000E+00 |  1.249E-13 |  3.411E-14 |   55364.25 |   55364.25 |   |
348.73554 |  14.55583 |  2.498E+13 |  1.000E+00 |  4.397E-13 |  0.000E+00 |   55364.25 |   55364.25 | UL|
348.73554 |  14.55583 |  1.363E+13 |  1.000E+00 |  1.512E-12 |  0.000E+00 |   55364.25 |   55364.25 | UL|
348.73554 |  14.55583 |  8.817E+13 |  1.000E+00 |  3.180E-13 |  2.640E-14 |   55541.94 |   55541.94 |   |
348.73554 |  14.55583 |  6.517E+13 |  1.000E+00 |  1.303E-13 |  3.485E-14 |   55541.94 |   55541.94 |   |
348.73554 |  14.55583 |  8.817E+13 |  1.000E+00 |  2.842E-13 |  2.675E-14 |   55542.20 |   55542.20 |   |
348.73554 |  14.55583 |  6.517E+13 |  1.000E+00 |  1.577E-13 |  3.675E-14 |   55542.20 |   55542.20 |   |
348.73554 |  14.55583 |  8.817E+13 |  1.000E+00 |  3.529E-13 |  2.865E-14 |   55542.07 |   55542.07 |   |
348.73554 |  14.55583 |  6.517E+13 |  1.000E+00 |  1.673E-13 |  4.920E-14 |   55542.07 |   55542.07 |   |
348.73554 |  14.55583 |  8.817E+13 |  1.000E+00 |  3.062E-13 |  3.055E-14 |   55542.07 |   55542.07 |   |
348.73554 |  14.55583 |  6.517E+13 |  1.000E+00 |  1.285E-13 |  3.537E-14 |   55542.07 |   55542.07 |   |
348.73554 |  14.55583 |  4.455E+14 |  1.000E+00 |  2.553E-13 |  0.000E+00 |   55000.00 |   55000.00 |   |
348.73554 |  14.55583 |  3.987E+14 |  1.000E+00 |  3.240E-14 |  1.340E-15 |   55000.00 |   55000.00 |   |
348.73554 |  14.55583 |  3.462E+14 |  1.000E+00 |  6.323E-14 |  9.500E-17 |   55000.00 |   55000.00 |   |
348.73554 |  14.55583 |  3.116E+14 |  1.000E+00 |  6.230E-14 |  9.935E-15 |   55000.00 |   55000.00 |   |
348.73554 |  14.55583 |  6.443E+14 |  1.000E+00 |  3.232E-15 |  1.787E-15 |   55000.00 |   55000.00 |   |
348.73554 |  14.55583 |  4.876E+14 |  1.000E+00 |  1.774E-14 |  2.880E-15 |   55000.00 |   55000.00 |   |
348.73554 |  14.55583 |  4.014E+14 |  1.000E+00 |  3.414E-14 |  3.640E-15 |   55000.00 |   55000.00 |   |
348.73554 |  14.55583 |  3.382E+14 |  1.000E+00 |  3.793E-14 |  1.367E-14 |   55000.00 |   55000.00 |   |
348.73554 |  14.55583 |  1.948E+15 |  1.000E+00 |  8.749E-13 |  2.880E-14 |   55000.00 |   55000.00 |   |
348.73554 |  14.55583 |  1.295E+15 |  1.000E+00 |  1.158E-12 |  1.900E-14 |   55000.00 |   55000.00 |   |
