  4.79552 |   3.81238 |  1.400E+09 |  1.000E+00 |  7.112E-17 |  1.410E-18 |   55000.00 |   55000.00 |   |
  4.79552 |   3.81238 |  2.418E+17 |  1.000E+00 |  5.610E-15 |  2.321E-15 |   55000.00 |   55000.00 |   |
  4.79552 |   3.81238 |  7.253E+16 |  1.000E+00 |  9.424E-15 |  4.685E-15 |   55000.00 |   55000.00 |   |
  4.79552 |   3.81238 |  1.813E+17 |  1.000E+00 |  3.296E-15 |  2.179E-15 |   55000.00 |   55000.00 |   |
  4.79552 |   3.81238 |  3.627E+17 |  1.000E+00 |  4.469E-15 |  2.042E-15 |   55000.00 |   55000.00 |   |
  4.79552 |   3.81238 |  7.253E+17 |  1.000E+00 |  1.554E-14 |  5.756E-15 |   55000.00 |   55000.00 |   |
  4.79552 |   3.81238 |  3.000E+09 |  1.000E+00 |  1.408E-16 |  7.500E-18 |   55000.00 |   55000.00 |   |
  4.79552 |   3.81238 |  1.400E+09 |  1.000E+00 |  1.274E-16 |  7.000E-18 |   55000.00 |   55000.00 |   |
  4.79552 |   3.81238 |  8.817E+13 |  1.000E+00 |  5.739E-14 |  5.295E-15 |   55000.00 |   55000.00 |   |
  4.79552 |   3.81238 |  6.517E+13 |  1.000E+00 |  5.080E-14 |  7.465E-15 |   55000.00 |   55000.00 |   |
  4.79552 |   3.81238 |  2.498E+13 |  1.000E+00 |  9.575E-14 |  0.000E+00 |   55000.00 |   55000.00 | UL|
  4.79552 |   3.81238 |  1.363E+13 |  1.000E+00 |  4.911E-13 |  0.000E+00 |   55000.00 |   55000.00 | UL|
  4.79552 |   3.81238 |  8.817E+13 |  1.000E+00 |  1.196E-13 |  2.304E-14 |   55553.71 |   55553.71 |   |
  4.79552 |   3.81238 |  6.517E+13 |  1.000E+00 |  1.144E-13 |  4.117E-14 |   55553.71 |   55553.71 |   |
  4.79552 |   3.81238 |  8.817E+13 |  1.000E+00 |  8.955E-14 |  2.286E-14 |   55553.84 |   55553.84 |   |
  4.79552 |   3.81238 |  6.517E+13 |  1.000E+00 |  7.597E-14 |  0.000E+00 |   55553.84 |   55553.84 | UL|
  4.79552 |   3.81238 |  8.817E+13 |  1.000E+00 |  7.864E-14 |  0.000E+00 |   55553.58 |   55553.58 | UL|
  4.79552 |   3.81238 |  6.517E+13 |  1.000E+00 |  7.038E-14 |  0.000E+00 |   55553.58 |   55553.58 | UL|
  4.79552 |   3.81238 |  8.817E+13 |  1.000E+00 |  8.235E-14 |  2.378E-14 |   55553.51 |   55553.51 |   |
  4.79552 |   3.81238 |  6.517E+13 |  1.000E+00 |  1.036E-13 |  0.000E+00 |   55553.51 |   55553.51 | UL|
  4.79552 |   3.81238 |  8.817E+13 |  1.000E+00 |  9.882E-14 |  2.278E-14 |   55553.45 |   55553.45 |   |
  4.79552 |   3.81238 |  6.517E+13 |  1.000E+00 |  1.172E-13 |  0.000E+00 |   55553.45 |   55553.45 | UL|
  4.79552 |   3.81238 |  8.817E+13 |  1.000E+00 |  5.332E-14 |  2.537E-14 |   55553.38 |   55553.38 |   |
  4.79552 |   3.81238 |  6.517E+13 |  1.000E+00 |  8.392E-14 |  4.037E-14 |   55553.38 |   55553.38 |   |
  4.79552 |   3.81238 |  8.817E+13 |  1.000E+00 |  7.041E-14 |  0.000E+00 |   55553.25 |   55553.25 | UL|
  4.79552 |   3.81238 |  6.517E+13 |  1.000E+00 |  1.137E-13 |  0.000E+00 |   55553.25 |   55553.25 | UL|
  4.79552 |   3.81238 |  8.817E+13 |  1.000E+00 |  8.848E-14 |  2.597E-14 |   55553.11 |   55553.11 |   |
  4.79552 |   3.81238 |  6.517E+13 |  1.000E+00 |  1.221E-13 |  0.000E+00 |   55553.11 |   55553.11 | UL|
  4.79552 |   3.81238 |  8.817E+13 |  1.000E+00 |  8.512E-14 |  0.000E+00 |   55374.70 |   55374.70 | UL|
  4.79552 |   3.81238 |  6.517E+13 |  1.000E+00 |  1.123E-13 |  0.000E+00 |   55374.70 |   55374.70 | UL|
  4.79552 |   3.81238 |  2.498E+13 |  1.000E+00 |  2.644E-13 |  0.000E+00 |   55374.70 |   55374.70 | UL|
  4.79552 |   3.81238 |  1.363E+13 |  1.000E+00 |  1.221E-12 |  0.000E+00 |   55374.70 |   55374.70 | UL|
  4.79552 |   3.81238 |  8.817E+13 |  1.000E+00 |  5.598E-14 |  0.000E+00 |   55374.57 |   55374.57 | UL|
  4.79552 |   3.81238 |  6.517E+13 |  1.000E+00 |  7.576E-14 |  0.000E+00 |   55374.57 |   55374.57 | UL|
  4.79552 |   3.81238 |  2.498E+13 |  1.000E+00 |  4.168E-13 |  0.000E+00 |   55374.57 |   55374.57 | UL|
  4.79552 |   3.81238 |  1.363E+13 |  1.000E+00 |  1.519E-12 |  0.000E+00 |   55374.57 |   55374.57 | UL|
  4.79552 |   3.81238 |  8.817E+13 |  1.000E+00 |  9.534E-14 |  2.261E-14 |   55374.44 |   55374.44 |   |
  4.79552 |   3.81238 |  6.517E+13 |  1.000E+00 |  1.004E-13 |  3.305E-14 |   55374.44 |   55374.44 |   |
  4.79552 |   3.81238 |  2.498E+13 |  1.000E+00 |  3.348E-13 |  0.000E+00 |   55374.44 |   55374.44 | UL|
  4.79552 |   3.81238 |  1.363E+13 |  1.000E+00 |  8.797E-13 |  0.000E+00 |   55374.44 |   55374.44 | UL|
  4.79552 |   3.81238 |  8.817E+13 |  1.000E+00 |  5.567E-14 |  2.263E-14 |   55374.44 |   55374.44 |   |
  4.79552 |   3.81238 |  6.517E+13 |  1.000E+00 |  1.119E-13 |  3.046E-14 |   55374.44 |   55374.44 |   |
  4.79552 |   3.81238 |  2.498E+13 |  1.000E+00 |  2.385E-13 |  0.000E+00 |   55374.44 |   55374.44 | UL|
  4.79552 |   3.81238 |  1.363E+13 |  1.000E+00 |  9.280E-13 |  0.000E+00 |   55374.44 |   55374.44 | UL|
  4.79552 |   3.81238 |  8.817E+13 |  1.000E+00 |  8.450E-14 |  2.045E-14 |   55374.30 |   55374.30 |   |
  4.79552 |   3.81238 |  6.517E+13 |  1.000E+00 |  7.941E-14 |  0.000E+00 |   55374.30 |   55374.30 | UL|
  4.79552 |   3.81238 |  2.498E+13 |  1.000E+00 |  3.861E-13 |  0.000E+00 |   55374.30 |   55374.30 | UL|
  4.79552 |   3.81238 |  1.363E+13 |  1.000E+00 |  1.072E-12 |  0.000E+00 |   55374.30 |   55374.30 | UL|
  4.79552 |   3.81238 |  8.817E+13 |  1.000E+00 |  6.724E-14 |  2.789E-14 |   55374.24 |   55374.24 |   |
  4.79552 |   3.81238 |  6.517E+13 |  1.000E+00 |  1.004E-13 |  3.185E-14 |   55374.24 |   55374.24 |   |
  4.79552 |   3.81238 |  2.498E+13 |  1.000E+00 |  3.634E-13 |  0.000E+00 |   55374.24 |   55374.24 | UL|
  4.79552 |   3.81238 |  1.363E+13 |  1.000E+00 |  8.471E-13 |  0.000E+00 |   55374.24 |   55374.24 | UL|
  4.79552 |   3.81238 |  8.817E+13 |  1.000E+00 |  7.629E-14 |  0.000E+00 |   55374.18 |   55374.18 | UL|
  4.79552 |   3.81238 |  6.517E+13 |  1.000E+00 |  6.574E-14 |  3.345E-14 |   55374.18 |   55374.18 |   |
  4.79552 |   3.81238 |  2.498E+13 |  1.000E+00 |  2.432E-13 |  0.000E+00 |   55374.18 |   55374.18 | UL|
  4.79552 |   3.81238 |  1.363E+13 |  1.000E+00 |  1.689E-12 |  0.000E+00 |   55374.18 |   55374.18 | UL|
  4.79552 |   3.81238 |  8.817E+13 |  1.000E+00 |  8.303E-14 |  0.000E+00 |   55374.11 |   55374.11 | UL|
  4.79552 |   3.81238 |  6.517E+13 |  1.000E+00 |  8.611E-14 |  0.000E+00 |   55374.11 |   55374.11 | UL|
  4.79552 |   3.81238 |  2.498E+13 |  1.000E+00 |  3.735E-13 |  0.000E+00 |   55374.11 |   55374.11 | UL|
  4.79552 |   3.81238 |  1.363E+13 |  1.000E+00 |  1.041E-12 |  0.000E+00 |   55374.11 |   55374.11 | UL|
  4.79552 |   3.81238 |  8.817E+13 |  1.000E+00 |  8.047E-14 |  2.276E-14 |   55374.04 |   55374.04 |   |
  4.79552 |   3.81238 |  6.517E+13 |  1.000E+00 |  7.116E-14 |  0.000E+00 |   55374.04 |   55374.04 | UL|
  4.79552 |   3.81238 |  2.498E+13 |  1.000E+00 |  2.280E-13 |  0.000E+00 |   55374.04 |   55374.04 | UL|
  4.79552 |   3.81238 |  1.363E+13 |  1.000E+00 |  1.007E-12 |  0.000E+00 |   55374.04 |   55374.04 | UL|
  4.79552 |   3.81238 |  8.817E+13 |  1.000E+00 |  5.927E-14 |  2.170E-14 |   55373.98 |   55373.98 |   |
  4.79552 |   3.81238 |  6.517E+13 |  1.000E+00 |  1.470E-13 |  0.000E+00 |   55373.98 |   55373.98 | UL|
  4.79552 |   3.81238 |  2.498E+13 |  1.000E+00 |  2.652E-13 |  0.000E+00 |   55373.98 |   55373.98 | UL|
  4.79552 |   3.81238 |  1.363E+13 |  1.000E+00 |  1.281E-12 |  0.000E+00 |   55373.98 |   55373.98 | UL|
  4.79552 |   3.81238 |  8.817E+13 |  1.000E+00 |  6.511E-14 |  2.460E-14 |   55373.84 |   55373.84 |   |
  4.79552 |   3.81238 |  6.517E+13 |  1.000E+00 |  1.238E-13 |  0.000E+00 |   55373.84 |   55373.84 | UL|
  4.79552 |   3.81238 |  2.498E+13 |  1.000E+00 |  2.398E-13 |  0.000E+00 |   55373.84 |   55373.84 | UL|
  4.79552 |   3.81238 |  1.363E+13 |  1.000E+00 |  1.157E-12 |  0.000E+00 |   55373.84 |   55373.84 | UL|
  4.79552 |   3.81238 |  8.817E+13 |  1.000E+00 |  6.700E-14 |  0.000E+00 |   55373.71 |   55373.71 | UL|
  4.79552 |   3.81238 |  6.517E+13 |  1.000E+00 |  9.347E-14 |  0.000E+00 |   55373.71 |   55373.71 | UL|
  4.79552 |   3.81238 |  2.498E+13 |  1.000E+00 |  2.502E-13 |  0.000E+00 |   55373.71 |   55373.71 | UL|
  4.79552 |   3.81238 |  1.363E+13 |  1.000E+00 |  9.238E-13 |  0.000E+00 |   55373.71 |   55373.71 | UL|
  4.79552 |   3.81238 |  8.817E+13 |  1.000E+00 |  7.601E-14 |  0.000E+00 |   55373.58 |   55373.58 | UL|
  4.79552 |   3.81238 |  6.517E+13 |  1.000E+00 |  1.285E-13 |  3.330E-14 |   55373.58 |   55373.58 |   |
  4.79552 |   3.81238 |  2.498E+13 |  1.000E+00 |  3.432E-13 |  0.000E+00 |   55373.58 |   55373.58 | UL|
  4.79552 |   3.81238 |  1.363E+13 |  1.000E+00 |  1.546E-12 |  0.000E+00 |   55373.58 |   55373.58 | UL|
  4.79552 |   3.81238 |  8.817E+13 |  1.000E+00 |  6.155E-14 |  0.000E+00 |   55553.97 |   55553.97 | UL|
  4.79552 |   3.81238 |  6.517E+13 |  1.000E+00 |  1.090E-13 |  0.000E+00 |   55553.97 |   55553.97 | UL|
  4.79552 |   3.81238 |  8.817E+13 |  1.000E+00 |  6.945E-14 |  0.000E+00 |   55553.64 |   55553.64 | UL|
  4.79552 |   3.81238 |  6.517E+13 |  1.000E+00 |  6.647E-14 |  0.000E+00 |   55553.64 |   55553.64 | UL|
  4.79552 |   3.81238 |  4.455E+14 |  1.000E+00 |  1.294E-13 |  0.000E+00 |   55000.00 |   55000.00 |   |
  4.79552 |   3.81238 |  6.813E+14 |  1.000E+00 |  2.099E-13 |  9.270E-14 |   55000.00 |   55000.00 |   |
  4.79552 |   3.81238 |  5.451E+14 |  1.000E+00 |  6.856E-13 |  3.413E-13 |   55000.00 |   55000.00 |   |
  4.79552 |   3.81238 |  6.233E+14 |  1.000E+00 |  2.215E-13 |  7.100E-15 |   55000.00 |   55000.00 |   |
  4.79552 |   3.81238 |  4.859E+14 |  1.000E+00 |  1.821E-13 |  8.000E-15 |   55000.00 |   55000.00 |   |
  4.79552 |   3.81238 |  3.987E+14 |  1.000E+00 |  1.803E-13 |  7.250E-15 |   55000.00 |   55000.00 |   |
  4.79552 |   3.81238 |  3.462E+14 |  1.000E+00 |  2.083E-13 |  1.235E-14 |   55000.00 |   55000.00 |   |
  4.79552 |   3.81238 |  3.116E+14 |  1.000E+00 |  2.044E-13 |  1.405E-14 |   55000.00 |   55000.00 |   |
  4.79552 |   3.81238 |  8.402E+14 |  1.000E+00 |  1.904E-13 |  1.480E-14 |   55000.00 |   55000.00 |   |
  4.79552 |   3.81238 |  6.443E+14 |  1.000E+00 |  1.292E-13 |  4.200E-15 |   55000.00 |   55000.00 |   |
  4.79552 |   3.81238 |  4.876E+14 |  1.000E+00 |  1.195E-13 |  4.550E-15 |   55000.00 |   55000.00 |   |
  4.79552 |   3.81238 |  4.014E+14 |  1.000E+00 |  1.370E-13 |  5.300E-15 |   55000.00 |   55000.00 |   |
  4.79552 |   3.81238 |  3.382E+14 |  1.000E+00 |  1.386E-13 |  1.645E-14 |   55000.00 |   55000.00 |   |
