 96.46754 | -54.64750 |  8.430E+08 |  1.000E+00 |  2.380E-15 |  7.250E-17 |   55000.00 |   55000.00 |   |
 96.46754 | -54.64750 |  2.418E+17 |  1.000E+00 |  2.609E-13 |  6.150E-14 |   55000.00 |   55000.00 |   |
 96.46754 | -54.64750 |  2.418E+17 |  1.000E+00 |  1.029E-13 |  2.710E-14 |   55000.00 |   55000.00 |   |
 96.46754 | -54.64750 |  2.418E+17 |  1.000E+00 |  1.207E-13 |  3.171E-14 |   55259.10 |   55259.10 |   |
 96.46754 | -54.64750 |  7.253E+17 |  1.000E+00 |  2.112E-13 |  2.795E-14 |   55000.00 |   55000.00 |   |
 96.46754 | -54.64750 |  1.209E+17 |  1.000E+00 |  8.429E-14 |  2.570E-14 |   55259.10 |   55259.10 |   |
 96.46754 | -54.64750 |  3.627E+17 |  1.000E+00 |  1.570E-13 |  3.780E-14 |   55259.10 |   55259.10 |   |
 96.46754 | -54.64750 |  7.253E+17 |  1.000E+00 |  3.389E-13 |  4.480E-14 |   55259.10 |   55259.10 |   |
 96.46754 | -54.64750 |  1.088E+18 |  1.000E+00 |  5.124E-13 |  9.310E-14 |   55259.10 |   55259.10 |   |
 96.46754 | -54.64750 |  1.209E+17 |  1.000E+00 |  8.163E-14 |  2.765E-14 |   55000.00 |   55000.00 |   |
 96.46754 | -54.64750 |  3.627E+17 |  1.000E+00 |  1.530E-13 |  3.635E-14 |   55000.00 |   55000.00 |   |
 96.46754 | -54.64750 |  1.088E+18 |  1.000E+00 |  4.532E-13 |  8.140E-14 |   55000.00 |   55000.00 |   |
 96.46754 | -54.64750 |  2.000E+08 |  1.000E+00 |  3.508E-16 |  2.780E-17 |   55000.00 |   55000.00 |   |
 96.46754 | -54.64750 |  5.000E+09 |  1.000E+00 |  2.345E-14 |  1.150E-15 |   55000.00 |   55000.00 |   |
 96.46754 | -54.64750 |  8.000E+09 |  1.000E+00 |  3.328E-14 |  1.680E-15 |   55000.00 |   55000.00 |   |
 96.46754 | -54.64750 |  2.000E+10 |  1.000E+00 |  6.080E-14 |  3.000E-15 |   55000.00 |   55000.00 |   |
 96.46754 | -54.64750 |  4.800E+09 |  1.000E+00 |  1.958E-14 |  4.350E-16 |   55000.00 |   55000.00 |   |
 96.46754 | -54.64750 |  8.600E+09 |  1.000E+00 |  2.606E-14 |  1.460E-15 |   55000.00 |   55000.00 |   |
 96.46754 | -54.64750 |  8.400E+09 |  1.000E+00 |  2.451E-14 |  0.000E+00 |   55000.00 |   55000.00 |   |
 96.46754 | -54.64750 |  4.800E+09 |  1.000E+00 |  2.856E-14 |  1.540E-15 |   55000.00 |   55000.00 |   |
 96.46754 | -54.64750 |  2.850E+11 |  1.000E+00 |  6.554E-14 |  5.700E-15 |   56930.00 |   56930.00 |   |
 96.46754 | -54.64750 |  9.504E+10 |  1.000E+00 |  1.131E-13 |  9.500E-15 |   56930.00 |   56930.00 |   |
 96.46754 | -54.64750 |  1.000E+11 |  1.000E+00 |  2.156E-13 |  4.005E-14 |   55000.00 |   55000.00 |   |
 96.46754 | -54.64750 |  1.430E+11 |  1.000E+00 |  2.073E-13 |  3.985E-14 |   55000.00 |   55000.00 |   |
 96.46754 | -54.64750 |  3.000E+10 |  1.000E+00 |  9.257E-14 |  1.715E-14 |   55000.00 |   55000.00 |   |
 96.46754 | -54.64750 |  4.400E+10 |  1.000E+00 |  9.319E-14 |  2.923E-14 |   55000.00 |   55000.00 |   |
 96.46754 | -54.64750 |  7.000E+10 |  1.000E+00 |  7.832E-14 |  2.367E-14 |   55000.00 |   55000.00 |   |
 96.46754 | -54.64750 |  1.000E+11 |  1.000E+00 |  8.403E-14 |  2.478E-14 |   55000.00 |   55000.00 |   |
 96.46754 | -54.64750 |  1.430E+11 |  1.000E+00 |  1.439E-13 |  4.180E-14 |   55000.00 |   55000.00 |   |
 96.46754 | -54.64750 |  2.170E+11 |  1.000E+00 |  1.919E-13 |  5.585E-14 |   55000.00 |   55000.00 |   |
 96.46754 | -54.64750 |  3.530E+11 |  1.000E+00 |  8.766E-13 |  0.000E+00 |   55000.00 |   55000.00 | UL|
 96.46754 | -54.64750 |  5.450E+11 |  1.000E+00 |  3.830E-12 |  0.000E+00 |   55000.00 |   55000.00 | UL|
 96.46754 | -54.64750 |  8.570E+11 |  1.000E+00 |  1.555E-11 |  0.000E+00 |   55000.00 |   55000.00 | UL|
 96.46754 | -54.64750 |  8.817E+13 |  1.000E+00 |  7.469E-14 |  3.165E-15 |   55000.00 |   55000.00 |   |
 96.46754 | -54.64750 |  6.517E+13 |  1.000E+00 |  1.188E-13 |  4.750E-15 |   55000.00 |   55000.00 |   |
 96.46754 | -54.64750 |  2.498E+13 |  1.000E+00 |  2.507E-13 |  1.870E-14 |   55000.00 |   55000.00 |   |
 96.46754 | -54.64750 |  1.363E+13 |  1.000E+00 |  2.684E-13 |  7.155E-14 |   55000.00 |   55000.00 |   |
 96.46754 | -54.64750 |  8.817E+13 |  1.000E+00 |  5.739E-14 |  2.022E-14 |   55287.80 |   55287.80 |   |
 96.46754 | -54.64750 |  6.517E+13 |  1.000E+00 |  1.250E-13 |  3.130E-14 |   55287.80 |   55287.80 |   |
 96.46754 | -54.64750 |  2.498E+13 |  1.000E+00 |  3.397E-13 |  1.207E-13 |   55287.80 |   55287.80 |   |
 96.46754 | -54.64750 |  1.363E+13 |  1.000E+00 |  1.125E-12 |  0.000E+00 |   55287.80 |   55287.80 | UL|
 96.46754 | -54.64750 |  8.817E+13 |  1.000E+00 |  8.334E-14 |  1.967E-14 |   55479.75 |   55479.75 |   |
 96.46754 | -54.64750 |  6.517E+13 |  1.000E+00 |  9.600E-14 |  2.980E-14 |   55479.75 |   55479.75 |   |
 96.46754 | -54.64750 |  8.817E+13 |  1.000E+00 |  8.205E-14 |  1.989E-14 |   55479.82 |   55479.82 |   |
 96.46754 | -54.64750 |  6.517E+13 |  1.000E+00 |  5.849E-14 |  2.760E-14 |   55479.82 |   55479.82 |   |
 96.46754 | -54.64750 |  8.817E+13 |  1.000E+00 |  6.026E-14 |  0.000E+00 |   55479.89 |   55479.89 | UL|
 96.46754 | -54.64750 |  6.517E+13 |  1.000E+00 |  1.044E-13 |  2.611E-14 |   55479.89 |   55479.89 |   |
 96.46754 | -54.64750 |  8.817E+13 |  1.000E+00 |  1.081E-13 |  1.941E-14 |   55479.95 |   55479.95 |   |
 96.46754 | -54.64750 |  6.517E+13 |  1.000E+00 |  9.355E-14 |  2.842E-14 |   55479.95 |   55479.95 |   |
 96.46754 | -54.64750 |  8.817E+13 |  1.000E+00 |  7.407E-14 |  0.000E+00 |   55480.02 |   55480.02 | UL|
 96.46754 | -54.64750 |  6.517E+13 |  1.000E+00 |  1.293E-13 |  2.855E-14 |   55480.02 |   55480.02 |   |
 96.46754 | -54.64750 |  8.817E+13 |  1.000E+00 |  7.636E-14 |  1.991E-14 |   55480.15 |   55480.15 |   |
 96.46754 | -54.64750 |  6.517E+13 |  1.000E+00 |  5.721E-14 |  2.752E-14 |   55480.15 |   55480.15 |   |
 96.46754 | -54.64750 |  8.817E+13 |  1.000E+00 |  7.952E-14 |  1.878E-14 |   55480.21 |   55480.21 |   |
 96.46754 | -54.64750 |  6.517E+13 |  1.000E+00 |  1.053E-13 |  2.846E-14 |   55480.21 |   55480.21 |   |
 96.46754 | -54.64750 |  8.817E+13 |  1.000E+00 |  5.927E-14 |  1.984E-14 |   55480.28 |   55480.28 |   |
 96.46754 | -54.64750 |  6.517E+13 |  1.000E+00 |  1.568E-13 |  2.685E-14 |   55480.28 |   55480.28 |   |
 96.46754 | -54.64750 |  8.817E+13 |  1.000E+00 |  6.768E-14 |  2.220E-14 |   55480.35 |   55480.35 |   |
 96.46754 | -54.64750 |  6.517E+13 |  1.000E+00 |  1.408E-13 |  2.625E-14 |   55480.35 |   55480.35 |   |
 96.46754 | -54.64750 |  8.817E+13 |  1.000E+00 |  4.370E-14 |  1.885E-14 |   55480.48 |   55480.48 |   |
 96.46754 | -54.64750 |  6.517E+13 |  1.000E+00 |  1.545E-13 |  2.690E-14 |   55480.48 |   55480.48 |   |
 96.46754 | -54.64750 |  8.817E+13 |  1.000E+00 |  4.885E-14 |  2.156E-14 |   55480.55 |   55480.55 |   |
 96.46754 | -54.64750 |  6.517E+13 |  1.000E+00 |  1.008E-13 |  2.713E-14 |   55480.55 |   55480.55 |   |
 96.46754 | -54.64750 |  8.817E+13 |  1.000E+00 |  1.386E-13 |  1.955E-14 |   55480.61 |   55480.61 |   |
 96.46754 | -54.64750 |  6.517E+13 |  1.000E+00 |  1.184E-13 |  2.865E-14 |   55480.61 |   55480.61 |   |
 96.46754 | -54.64750 |  8.817E+13 |  1.000E+00 |  5.361E-14 |  2.004E-14 |   55290.18 |   55290.18 |   |
 96.46754 | -54.64750 |  6.517E+13 |  1.000E+00 |  8.619E-14 |  2.920E-14 |   55290.18 |   55290.18 |   |
 96.46754 | -54.64750 |  2.498E+13 |  1.000E+00 |  2.815E-13 |  8.770E-14 |   55290.18 |   55290.18 |   |
 96.46754 | -54.64750 |  1.363E+13 |  1.000E+00 |  8.621E-13 |  0.000E+00 |   55290.18 |   55290.18 | UL|
 96.46754 | -54.64750 |  8.817E+13 |  1.000E+00 |  1.141E-13 |  2.359E-14 |   55290.18 |   55290.18 |   |
 96.46754 | -54.64750 |  6.517E+13 |  1.000E+00 |  9.176E-14 |  2.851E-14 |   55290.18 |   55290.18 |   |
 96.46754 | -54.64750 |  2.498E+13 |  1.000E+00 |  3.090E-13 |  8.825E-14 |   55290.18 |   55290.18 |   |
 96.46754 | -54.64750 |  1.363E+13 |  1.000E+00 |  8.550E-13 |  0.000E+00 |   55290.18 |   55290.18 | UL|
 96.46754 | -54.64750 |  8.817E+13 |  1.000E+00 |  6.571E-14 |  2.123E-14 |   55290.25 |   55290.25 |   |
 96.46754 | -54.64750 |  6.517E+13 |  1.000E+00 |  1.665E-13 |  2.835E-14 |   55290.25 |   55290.25 |   |
 96.46754 | -54.64750 |  2.498E+13 |  1.000E+00 |  3.191E-13 |  1.019E-13 |   55290.25 |   55290.25 |   |
 96.46754 | -54.64750 |  1.363E+13 |  1.000E+00 |  1.061E-12 |  0.000E+00 |   55290.25 |   55290.25 | UL|
 96.46754 | -54.64750 |  8.817E+13 |  1.000E+00 |  1.176E-13 |  1.967E-14 |   55290.31 |   55290.31 |   |
 96.46754 | -54.64750 |  6.517E+13 |  1.000E+00 |  7.992E-14 |  2.635E-14 |   55290.31 |   55290.31 |   |
 96.46754 | -54.64750 |  2.498E+13 |  1.000E+00 |  1.916E-13 |  9.315E-14 |   55290.31 |   55290.31 |   |
 96.46754 | -54.64750 |  1.363E+13 |  1.000E+00 |  7.317E-13 |  0.000E+00 |   55290.31 |   55290.31 | UL|
 96.46754 | -54.64750 |  8.817E+13 |  1.000E+00 |  7.421E-14 |  2.020E-14 |   55290.38 |   55290.38 |   |
 96.46754 | -54.64750 |  6.517E+13 |  1.000E+00 |  1.394E-13 |  2.845E-14 |   55290.38 |   55290.38 |   |
 96.46754 | -54.64750 |  2.498E+13 |  1.000E+00 |  3.366E-13 |  9.320E-14 |   55290.38 |   55290.38 |   |
 96.46754 | -54.64750 |  1.363E+13 |  1.000E+00 |  6.816E-13 |  0.000E+00 |   55290.38 |   55290.38 | UL|
 96.46754 | -54.64750 |  8.817E+13 |  1.000E+00 |  8.197E-14 |  2.265E-14 |   55290.58 |   55290.58 |   |
 96.46754 | -54.64750 |  6.517E+13 |  1.000E+00 |  8.118E-14 |  3.348E-14 |   55290.58 |   55290.58 |   |
 96.46754 | -54.64750 |  2.498E+13 |  1.000E+00 |  4.681E-13 |  9.245E-14 |   55290.58 |   55290.58 |   |
 96.46754 | -54.64750 |  1.363E+13 |  1.000E+00 |  1.358E-12 |  3.865E-13 |   55290.58 |   55290.58 |   |
 96.46754 | -54.64750 |  8.817E+13 |  1.000E+00 |  6.270E-14 |  2.141E-14 |   55290.71 |   55290.71 |   |
 96.46754 | -54.64750 |  6.517E+13 |  1.000E+00 |  1.107E-13 |  3.173E-14 |   55290.71 |   55290.71 |   |
 96.46754 | -54.64750 |  2.498E+13 |  1.000E+00 |  2.802E-13 |  0.000E+00 |   55290.71 |   55290.71 | UL|
 96.46754 | -54.64750 |  1.363E+13 |  1.000E+00 |  9.357E-13 |  0.000E+00 |   55290.71 |   55290.71 | UL|
 96.46754 | -54.64750 |  8.817E+13 |  1.000E+00 |  6.316E-14 |  1.967E-14 |   55479.02 |   55479.02 |   |
 96.46754 | -54.64750 |  6.517E+13 |  1.000E+00 |  7.322E-14 |  2.563E-14 |   55479.02 |   55479.02 |   |
 96.46754 | -54.64750 |  8.817E+13 |  1.000E+00 |  6.787E-14 |  0.000E+00 |   55479.16 |   55479.16 | UL|
 96.46754 | -54.64750 |  6.517E+13 |  1.000E+00 |  8.869E-14 |  2.629E-14 |   55479.16 |   55479.16 |   |
 96.46754 | -54.64750 |  8.817E+13 |  1.000E+00 |  5.521E-14 |  2.076E-14 |   55479.29 |   55479.29 |   |
 96.46754 | -54.64750 |  6.517E+13 |  1.000E+00 |  8.353E-14 |  3.298E-14 |   55479.29 |   55479.29 |   |
 96.46754 | -54.64750 |  8.817E+13 |  1.000E+00 |  1.062E-13 |  2.387E-14 |   55479.36 |   55479.36 |   |
 96.46754 | -54.64750 |  6.517E+13 |  1.000E+00 |  1.123E-13 |  3.431E-14 |   55479.36 |   55479.36 |   |
 96.46754 | -54.64750 |  8.817E+13 |  1.000E+00 |  8.832E-14 |  1.986E-14 |   55479.49 |   55479.49 |   |
 96.46754 | -54.64750 |  6.517E+13 |  1.000E+00 |  1.093E-13 |  2.684E-14 |   55479.49 |   55479.49 |   |
 96.46754 | -54.64750 |  8.817E+13 |  1.000E+00 |  7.566E-14 |  1.901E-14 |   55479.55 |   55479.55 |   |
 96.46754 | -54.64750 |  6.517E+13 |  1.000E+00 |  1.206E-13 |  2.699E-14 |   55479.55 |   55479.55 |   |
 96.46754 | -54.64750 |  8.817E+13 |  1.000E+00 |  1.009E-13 |  2.191E-14 |   55479.62 |   55479.62 |   |
 96.46754 | -54.64750 |  6.517E+13 |  1.000E+00 |  1.490E-13 |  2.745E-14 |   55479.62 |   55479.62 |   |
 96.46754 | -54.64750 |  8.817E+13 |  1.000E+00 |  6.632E-14 |  1.914E-14 |   55479.69 |   55479.69 |   |
 96.46754 | -54.64750 |  6.517E+13 |  1.000E+00 |  9.850E-14 |  2.886E-14 |   55479.69 |   55479.69 |   |
 96.46754 | -54.64750 |  8.817E+13 |  1.000E+00 |  7.756E-14 |  2.000E-14 |   55479.69 |   55479.69 |   |
 96.46754 | -54.64750 |  6.517E+13 |  1.000E+00 |  1.106E-13 |  2.644E-14 |   55479.69 |   55479.69 |   |
 96.46754 | -54.64750 |  8.817E+13 |  1.000E+00 |  5.537E-14 |  2.114E-14 |   55480.68 |   55480.68 |   |
 96.46754 | -54.64750 |  6.517E+13 |  1.000E+00 |  1.080E-13 |  2.970E-14 |   55480.68 |   55480.68 |   |
 96.46754 | -54.64750 |  8.817E+13 |  1.000E+00 |  6.862E-14 |  2.204E-14 |   55480.75 |   55480.75 |   |
 96.46754 | -54.64750 |  6.517E+13 |  1.000E+00 |  7.012E-14 |  2.967E-14 |   55480.75 |   55480.75 |   |
 96.46754 | -54.64750 |  8.817E+13 |  1.000E+00 |  1.043E-13 |  1.894E-14 |   55480.81 |   55480.81 |   |
 96.46754 | -54.64750 |  6.517E+13 |  1.000E+00 |  1.107E-13 |  2.696E-14 |   55480.81 |   55480.81 |   |
 96.46754 | -54.64750 |  8.817E+13 |  1.000E+00 |  1.111E-13 |  2.560E-14 |   55480.88 |   55480.88 |   |
 96.46754 | -54.64750 |  6.517E+13 |  1.000E+00 |  9.582E-14 |  2.829E-14 |   55480.88 |   55480.88 |   |
 96.46754 | -54.64750 |  8.817E+13 |  1.000E+00 |  5.366E-14 |  2.006E-14 |   55480.94 |   55480.94 |   |
 96.46754 | -54.64750 |  6.517E+13 |  1.000E+00 |  1.461E-13 |  2.650E-14 |   55480.94 |   55480.94 |   |
 96.46754 | -54.64750 |  8.817E+13 |  1.000E+00 |  5.619E-14 |  2.391E-14 |   55481.01 |   55481.01 |   |
 96.46754 | -54.64750 |  6.517E+13 |  1.000E+00 |  7.868E-14 |  2.702E-14 |   55481.01 |   55481.01 |   |
 96.46754 | -54.64750 |  8.817E+13 |  1.000E+00 |  8.881E-14 |  1.931E-14 |   55481.07 |   55481.07 |   |
 96.46754 | -54.64750 |  6.517E+13 |  1.000E+00 |  1.342E-13 |  2.665E-14 |   55481.07 |   55481.07 |   |
 96.46754 | -54.64750 |  8.817E+13 |  1.000E+00 |  9.038E-14 |  0.000E+00 |   55481.21 |   55481.21 | UL|
 96.46754 | -54.64750 |  6.517E+13 |  1.000E+00 |  1.297E-13 |  2.790E-14 |   55481.21 |   55481.21 |   |
 96.46754 | -54.64750 |  8.817E+13 |  1.000E+00 |  6.281E-14 |  1.945E-14 |   55481.27 |   55481.27 |   |
 96.46754 | -54.64750 |  6.517E+13 |  1.000E+00 |  1.249E-13 |  3.196E-14 |   55481.27 |   55481.27 |   |
 96.46754 | -54.64750 |  8.817E+13 |  1.000E+00 |  9.351E-14 |  1.882E-14 |   55481.34 |   55481.34 |   |
 96.46754 | -54.64750 |  6.517E+13 |  1.000E+00 |  8.901E-14 |  2.706E-14 |   55481.34 |   55481.34 |   |
 96.46754 | -54.64750 |  8.817E+13 |  1.000E+00 |  9.385E-14 |  2.161E-14 |   55481.34 |   55481.34 |   |
 96.46754 | -54.64750 |  6.517E+13 |  1.000E+00 |  1.468E-13 |  2.690E-14 |   55481.34 |   55481.34 |   |
 96.46754 | -54.64750 |  8.817E+13 |  1.000E+00 |  6.990E-14 |  1.990E-14 |   55481.41 |   55481.41 |   |
 96.46754 | -54.64750 |  6.517E+13 |  1.000E+00 |  7.514E-14 |  3.045E-14 |   55481.41 |   55481.41 |   |
 96.46754 | -54.64750 |  8.817E+13 |  1.000E+00 |  4.752E-14 |  1.951E-14 |   55481.54 |   55481.54 |   |
 96.46754 | -54.64750 |  6.517E+13 |  1.000E+00 |  1.066E-13 |  2.758E-14 |   55481.54 |   55481.54 |   |
 96.46754 | -54.64750 |  8.817E+13 |  1.000E+00 |  1.300E-13 |  1.950E-14 |   55481.61 |   55481.61 |   |
 96.46754 | -54.64750 |  6.517E+13 |  1.000E+00 |  7.452E-14 |  2.659E-14 |   55481.61 |   55481.61 |   |
 96.46754 | -54.64750 |  8.817E+13 |  1.000E+00 |  7.441E-14 |  0.000E+00 |   55481.67 |   55481.67 | UL|
 96.46754 | -54.64750 |  6.517E+13 |  1.000E+00 |  7.710E-14 |  2.746E-14 |   55481.67 |   55481.67 |   |
 96.46754 | -54.64750 |  8.817E+13 |  1.000E+00 |  1.126E-13 |  1.940E-14 |   55481.74 |   55481.74 |   |
 96.46754 | -54.64750 |  6.517E+13 |  1.000E+00 |  1.132E-13 |  2.638E-14 |   55481.74 |   55481.74 |   |
 96.46754 | -54.64750 |  8.817E+13 |  1.000E+00 |  1.018E-13 |  2.239E-14 |   55481.80 |   55481.80 |   |
 96.46754 | -54.64750 |  6.517E+13 |  1.000E+00 |  1.480E-13 |  2.715E-14 |   55481.80 |   55481.80 |   |
 96.46754 | -54.64750 |  8.817E+13 |  1.000E+00 |  6.590E-14 |  1.939E-14 |   55481.87 |   55481.87 |   |
 96.46754 | -54.64750 |  6.517E+13 |  1.000E+00 |  8.651E-14 |  2.676E-14 |   55481.87 |   55481.87 |   |
 96.46754 | -54.64750 |  8.817E+13 |  1.000E+00 |  8.137E-14 |  2.145E-14 |   55481.93 |   55481.93 |   |
 96.46754 | -54.64750 |  6.517E+13 |  1.000E+00 |  1.557E-13 |  2.580E-14 |   55481.93 |   55481.93 |   |
 96.46754 | -54.64750 |  8.817E+13 |  1.000E+00 |  1.008E-13 |  1.907E-14 |   55482.00 |   55482.00 |   |
 96.46754 | -54.64750 |  6.517E+13 |  1.000E+00 |  1.307E-13 |  2.655E-14 |   55482.00 |   55482.00 |   |
 96.46754 | -54.64750 |  8.817E+13 |  1.000E+00 |  6.718E-14 |  1.900E-14 |   55482.27 |   55482.27 |   |
 96.46754 | -54.64750 |  6.517E+13 |  1.000E+00 |  1.413E-13 |  2.820E-14 |   55482.27 |   55482.27 |   |
 96.46754 | -54.64750 |  8.817E+13 |  1.000E+00 |  1.031E-13 |  2.141E-14 |   55482.27 |   55482.27 |   |
 96.46754 | -54.64750 |  6.517E+13 |  1.000E+00 |  1.248E-13 |  3.067E-14 |   55482.27 |   55482.27 |   |
 96.46754 | -54.64750 |  8.817E+13 |  1.000E+00 |  5.655E-14 |  2.389E-14 |   55482.40 |   55482.40 |   |
 96.46754 | -54.64750 |  6.517E+13 |  1.000E+00 |  1.335E-13 |  2.700E-14 |   55482.40 |   55482.40 |   |
 96.46754 | -54.64750 |  8.817E+13 |  1.000E+00 |  8.591E-14 |  1.818E-14 |   55482.53 |   55482.53 |   |
 96.46754 | -54.64750 |  6.517E+13 |  1.000E+00 |  1.232E-13 |  2.712E-14 |   55482.53 |   55482.53 |   |
 96.46754 | -54.64750 |  8.817E+13 |  1.000E+00 |  1.199E-13 |  2.199E-14 |   55287.80 |   55287.80 |   |
 96.46754 | -54.64750 |  6.517E+13 |  1.000E+00 |  1.009E-13 |  2.988E-14 |   55287.80 |   55287.80 |   |
 96.46754 | -54.64750 |  2.498E+13 |  1.000E+00 |  3.182E-13 |  1.028E-13 |   55287.80 |   55287.80 |   |
 96.46754 | -54.64750 |  1.363E+13 |  1.000E+00 |  1.104E-12 |  0.000E+00 |   55287.80 |   55287.80 | UL|
 96.46754 | -54.64750 |  8.817E+13 |  1.000E+00 |  5.297E-14 |  2.117E-14 |   55287.86 |   55287.86 |   |
 96.46754 | -54.64750 |  6.517E+13 |  1.000E+00 |  6.840E-14 |  3.339E-14 |   55287.86 |   55287.86 |   |
 96.46754 | -54.64750 |  2.498E+13 |  1.000E+00 |  3.753E-13 |  9.570E-14 |   55287.86 |   55287.86 |   |
 96.46754 | -54.64750 |  1.363E+13 |  1.000E+00 |  1.757E-12 |  0.000E+00 |   55287.86 |   55287.86 | UL|
 96.46754 | -54.64750 |  8.817E+13 |  1.000E+00 |  9.551E-14 |  2.126E-14 |   55287.93 |   55287.93 |   |
 96.46754 | -54.64750 |  6.517E+13 |  1.000E+00 |  1.403E-13 |  2.730E-14 |   55287.93 |   55287.93 |   |
 96.46754 | -54.64750 |  2.498E+13 |  1.000E+00 |  2.337E-13 |  9.520E-14 |   55287.93 |   55287.93 |   |
 96.46754 | -54.64750 |  1.363E+13 |  1.000E+00 |  8.789E-13 |  3.810E-13 |   55287.93 |   55287.93 |   |
 96.46754 | -54.64750 |  8.817E+13 |  1.000E+00 |  1.008E-13 |  2.040E-14 |   55288.00 |   55288.00 |   |
 96.46754 | -54.64750 |  6.517E+13 |  1.000E+00 |  1.495E-13 |  3.050E-14 |   55288.00 |   55288.00 |   |
 96.46754 | -54.64750 |  2.498E+13 |  1.000E+00 |  2.836E-13 |  0.000E+00 |   55288.00 |   55288.00 | UL|
 96.46754 | -54.64750 |  1.363E+13 |  1.000E+00 |  8.928E-13 |  0.000E+00 |   55288.00 |   55288.00 | UL|
 96.46754 | -54.64750 |  8.817E+13 |  1.000E+00 |  4.822E-14 |  1.913E-14 |   55288.20 |   55288.20 |   |
 96.46754 | -54.64750 |  6.517E+13 |  1.000E+00 |  1.547E-13 |  3.110E-14 |   55288.20 |   55288.20 |   |
 96.46754 | -54.64750 |  2.498E+13 |  1.000E+00 |  3.930E-13 |  0.000E+00 |   55288.20 |   55288.20 | UL|
 96.46754 | -54.64750 |  1.363E+13 |  1.000E+00 |  1.482E-12 |  0.000E+00 |   55288.20 |   55288.20 | UL|
 96.46754 | -54.64750 |  8.817E+13 |  1.000E+00 |  4.614E-14 |  2.210E-14 |   55288.26 |   55288.26 |   |
 96.46754 | -54.64750 |  6.517E+13 |  1.000E+00 |  9.494E-14 |  2.574E-14 |   55288.26 |   55288.26 |   |
 96.46754 | -54.64750 |  2.498E+13 |  1.000E+00 |  2.916E-13 |  9.680E-14 |   55288.26 |   55288.26 |   |
 96.46754 | -54.64750 |  1.363E+13 |  1.000E+00 |  1.269E-12 |  0.000E+00 |   55288.26 |   55288.26 | UL|
 96.46754 | -54.64750 |  8.817E+13 |  1.000E+00 |  5.125E-14 |  2.007E-14 |   55287.20 |   55287.20 |   |
 96.46754 | -54.64750 |  6.517E+13 |  1.000E+00 |  1.494E-13 |  2.965E-14 |   55287.20 |   55287.20 |   |
 96.46754 | -54.64750 |  2.498E+13 |  1.000E+00 |  2.654E-13 |  1.061E-13 |   55287.20 |   55287.20 |   |
 96.46754 | -54.64750 |  1.363E+13 |  1.000E+00 |  8.534E-13 |  0.000E+00 |   55287.20 |   55287.20 | UL|
 96.46754 | -54.64750 |  8.817E+13 |  1.000E+00 |  4.488E-14 |  1.928E-14 |   55287.34 |   55287.34 |   |
 96.46754 | -54.64750 |  6.517E+13 |  1.000E+00 |  1.413E-13 |  2.615E-14 |   55287.34 |   55287.34 |   |
 96.46754 | -54.64750 |  2.498E+13 |  1.000E+00 |  3.345E-13 |  1.039E-13 |   55287.34 |   55287.34 |   |
 96.46754 | -54.64750 |  1.363E+13 |  1.000E+00 |  8.944E-13 |  0.000E+00 |   55287.34 |   55287.34 | UL|
 96.46754 | -54.64750 |  8.817E+13 |  1.000E+00 |  9.983E-14 |  2.065E-14 |   55287.54 |   55287.54 |   |
 96.46754 | -54.64750 |  6.517E+13 |  1.000E+00 |  1.707E-13 |  3.145E-14 |   55287.54 |   55287.54 |   |
 96.46754 | -54.64750 |  2.498E+13 |  1.000E+00 |  3.259E-13 |  9.185E-14 |   55287.54 |   55287.54 |   |
 96.46754 | -54.64750 |  1.363E+13 |  1.000E+00 |  7.691E-13 |  0.000E+00 |   55287.54 |   55287.54 | UL|
 96.46754 | -54.64750 |  8.817E+13 |  1.000E+00 |  6.428E-14 |  0.000E+00 |   55287.60 |   55287.60 | UL|
 96.46754 | -54.64750 |  6.517E+13 |  1.000E+00 |  1.090E-13 |  2.916E-14 |   55287.60 |   55287.60 |   |
 96.46754 | -54.64750 |  2.498E+13 |  1.000E+00 |  3.977E-13 |  0.000E+00 |   55287.60 |   55287.60 | UL|
 96.46754 | -54.64750 |  1.363E+13 |  1.000E+00 |  1.115E-12 |  0.000E+00 |   55287.60 |   55287.60 | UL|
 96.46754 | -54.64750 |  8.817E+13 |  1.000E+00 |  1.197E-13 |  2.015E-14 |   55287.66 |   55287.66 |   |
 96.46754 | -54.64750 |  6.517E+13 |  1.000E+00 |  1.121E-13 |  2.839E-14 |   55287.66 |   55287.66 |   |
 96.46754 | -54.64750 |  2.498E+13 |  1.000E+00 |  2.721E-13 |  1.074E-13 |   55287.66 |   55287.66 |   |
 96.46754 | -54.64750 |  1.363E+13 |  1.000E+00 |  8.701E-13 |  3.465E-13 |   55287.66 |   55287.66 |   |
 96.46754 | -54.64750 |  8.817E+13 |  1.000E+00 |  6.015E-14 |  1.909E-14 |   55287.73 |   55287.73 |   |
 96.46754 | -54.64750 |  6.517E+13 |  1.000E+00 |  1.567E-13 |  3.495E-14 |   55287.73 |   55287.73 |   |
 96.46754 | -54.64750 |  2.498E+13 |  1.000E+00 |  3.357E-13 |  0.000E+00 |   55287.73 |   55287.73 | UL|
 96.46754 | -54.64750 |  1.363E+13 |  1.000E+00 |  6.886E-13 |  0.000E+00 |   55287.73 |   55287.73 | UL|
 96.46754 | -54.64750 |  8.817E+13 |  1.000E+00 |  8.296E-14 |  2.244E-14 |   55288.39 |   55288.39 |   |
 96.46754 | -54.64750 |  6.517E+13 |  1.000E+00 |  1.110E-13 |  2.799E-14 |   55288.39 |   55288.39 |   |
 96.46754 | -54.64750 |  2.498E+13 |  1.000E+00 |  2.284E-13 |  9.675E-14 |   55288.39 |   55288.39 |   |
 96.46754 | -54.64750 |  1.363E+13 |  1.000E+00 |  8.978E-13 |  0.000E+00 |   55288.39 |   55288.39 | UL|
 96.46754 | -54.64750 |  8.817E+13 |  1.000E+00 |  1.217E-13 |  2.220E-14 |   55288.33 |   55288.33 |   |
 96.46754 | -54.64750 |  6.517E+13 |  1.000E+00 |  7.322E-14 |  3.285E-14 |   55288.33 |   55288.33 |   |
 96.46754 | -54.64750 |  2.498E+13 |  1.000E+00 |  2.509E-13 |  9.455E-14 |   55288.33 |   55288.33 |   |
 96.46754 | -54.64750 |  1.363E+13 |  1.000E+00 |  1.112E-12 |  0.000E+00 |   55288.33 |   55288.33 | UL|
 96.46754 | -54.64750 |  8.817E+13 |  1.000E+00 |  9.675E-14 |  1.918E-14 |   55288.53 |   55288.53 |   |
 96.46754 | -54.64750 |  6.517E+13 |  1.000E+00 |  1.051E-13 |  2.701E-14 |   55288.53 |   55288.53 |   |
 96.46754 | -54.64750 |  2.498E+13 |  1.000E+00 |  2.790E-13 |  0.000E+00 |   55288.53 |   55288.53 | UL|
 96.46754 | -54.64750 |  1.363E+13 |  1.000E+00 |  7.683E-13 |  0.000E+00 |   55288.53 |   55288.53 | UL|
 96.46754 | -54.64750 |  8.817E+13 |  1.000E+00 |  4.431E-14 |  0.000E+00 |   55288.59 |   55288.59 | UL|
 96.46754 | -54.64750 |  6.517E+13 |  1.000E+00 |  2.193E-13 |  3.755E-14 |   55288.59 |   55288.59 |   |
 96.46754 | -54.64750 |  2.498E+13 |  1.000E+00 |  2.452E-13 |  9.845E-14 |   55288.59 |   55288.59 |   |
 96.46754 | -54.64750 |  1.363E+13 |  1.000E+00 |  9.709E-13 |  0.000E+00 |   55288.59 |   55288.59 | UL|
 96.46754 | -54.64750 |  8.817E+13 |  1.000E+00 |  7.952E-14 |  2.778E-14 |   55288.66 |   55288.66 |   |
 96.46754 | -54.64750 |  6.517E+13 |  1.000E+00 |  2.024E-13 |  3.560E-14 |   55288.66 |   55288.66 |   |
 96.46754 | -54.64750 |  2.498E+13 |  1.000E+00 |  2.992E-13 |  1.054E-13 |   55288.66 |   55288.66 |   |
 96.46754 | -54.64750 |  1.363E+13 |  1.000E+00 |  1.393E-12 |  0.000E+00 |   55288.66 |   55288.66 | UL|
 96.46754 | -54.64750 |  8.817E+13 |  1.000E+00 |  4.139E-14 |  0.000E+00 |   55288.72 |   55288.72 | UL|
 96.46754 | -54.64750 |  6.517E+13 |  1.000E+00 |  1.287E-13 |  2.830E-14 |   55288.72 |   55288.72 |   |
 96.46754 | -54.64750 |  2.498E+13 |  1.000E+00 |  3.587E-13 |  0.000E+00 |   55288.72 |   55288.72 | UL|
 96.46754 | -54.64750 |  1.363E+13 |  1.000E+00 |  1.016E-12 |  0.000E+00 |   55288.72 |   55288.72 | UL|
 96.46754 | -54.64750 |  8.817E+13 |  1.000E+00 |  9.992E-14 |  2.031E-14 |   55288.79 |   55288.79 |   |
 96.46754 | -54.64750 |  6.517E+13 |  1.000E+00 |  1.380E-13 |  3.455E-14 |   55288.79 |   55288.79 |   |
 96.46754 | -54.64750 |  2.498E+13 |  1.000E+00 |  4.149E-13 |  1.232E-13 |   55288.79 |   55288.79 |   |
 96.46754 | -54.64750 |  1.363E+13 |  1.000E+00 |  1.211E-12 |  0.000E+00 |   55288.79 |   55288.79 | UL|
 96.46754 | -54.64750 |  8.817E+13 |  1.000E+00 |  8.296E-14 |  2.118E-14 |   55288.86 |   55288.86 |   |
 96.46754 | -54.64750 |  6.517E+13 |  1.000E+00 |  1.794E-13 |  3.525E-14 |   55288.86 |   55288.86 |   |
 96.46754 | -54.64750 |  2.498E+13 |  1.000E+00 |  2.432E-13 |  1.015E-13 |   55288.86 |   55288.86 |   |
 96.46754 | -54.64750 |  1.363E+13 |  1.000E+00 |  1.236E-12 |  0.000E+00 |   55288.86 |   55288.86 | UL|
 96.46754 | -54.64750 |  8.817E+13 |  1.000E+00 |  7.959E-14 |  2.098E-14 |   55288.92 |   55288.92 |   |
 96.46754 | -54.64750 |  6.517E+13 |  1.000E+00 |  1.372E-13 |  2.980E-14 |   55288.92 |   55288.92 |   |
 96.46754 | -54.64750 |  2.498E+13 |  1.000E+00 |  3.087E-13 |  0.000E+00 |   55288.92 |   55288.92 | UL|
 96.46754 | -54.64750 |  1.363E+13 |  1.000E+00 |  6.918E-13 |  0.000E+00 |   55288.92 |   55288.92 | UL|
 96.46754 | -54.64750 |  8.817E+13 |  1.000E+00 |  7.106E-14 |  2.311E-14 |   55288.99 |   55288.99 |   |
 96.46754 | -54.64750 |  6.517E+13 |  1.000E+00 |  1.066E-13 |  3.057E-14 |   55288.99 |   55288.99 |   |
 96.46754 | -54.64750 |  2.498E+13 |  1.000E+00 |  3.156E-13 |  1.020E-13 |   55288.99 |   55288.99 |   |
 96.46754 | -54.64750 |  1.363E+13 |  1.000E+00 |  7.040E-13 |  0.000E+00 |   55288.99 |   55288.99 | UL|
 96.46754 | -54.64750 |  8.817E+13 |  1.000E+00 |  9.783E-14 |  2.061E-14 |   55288.99 |   55288.99 |   |
 96.46754 | -54.64750 |  6.517E+13 |  1.000E+00 |  1.720E-13 |  2.925E-14 |   55288.99 |   55288.99 |   |
 96.46754 | -54.64750 |  2.498E+13 |  1.000E+00 |  2.204E-13 |  9.510E-14 |   55288.99 |   55288.99 |   |
 96.46754 | -54.64750 |  1.363E+13 |  1.000E+00 |  1.440E-12 |  0.000E+00 |   55288.99 |   55288.99 | UL|
 96.46754 | -54.64750 |  8.817E+13 |  1.000E+00 |  8.743E-14 |  1.984E-14 |   55289.05 |   55289.05 |   |
 96.46754 | -54.64750 |  6.517E+13 |  1.000E+00 |  1.239E-13 |  2.773E-14 |   55289.05 |   55289.05 |   |
 96.46754 | -54.64750 |  2.498E+13 |  1.000E+00 |  4.164E-13 |  0.000E+00 |   55289.05 |   55289.05 | UL|
 96.46754 | -54.64750 |  1.363E+13 |  1.000E+00 |  9.880E-13 |  4.253E-13 |   55289.05 |   55289.05 |   |
 96.46754 | -54.64750 |  8.817E+13 |  1.000E+00 |  8.711E-14 |  1.951E-14 |   55289.12 |   55289.12 |   |
 96.46754 | -54.64750 |  6.517E+13 |  1.000E+00 |  9.184E-14 |  2.563E-14 |   55289.12 |   55289.12 |   |
 96.46754 | -54.64750 |  2.498E+13 |  1.000E+00 |  4.825E-13 |  9.845E-14 |   55289.12 |   55289.12 |   |
 96.46754 | -54.64750 |  1.363E+13 |  1.000E+00 |  1.360E-12 |  0.000E+00 |   55289.12 |   55289.12 | UL|
 96.46754 | -54.64750 |  8.817E+13 |  1.000E+00 |  1.064E-13 |  2.172E-14 |   55289.19 |   55289.19 |   |
 96.46754 | -54.64750 |  6.517E+13 |  1.000E+00 |  1.426E-13 |  2.775E-14 |   55289.19 |   55289.19 |   |
 96.46754 | -54.64750 |  2.498E+13 |  1.000E+00 |  2.512E-13 |  9.515E-14 |   55289.19 |   55289.19 |   |
 96.46754 | -54.64750 |  1.363E+13 |  1.000E+00 |  7.020E-13 |  0.000E+00 |   55289.19 |   55289.19 | UL|
 96.46754 | -54.64750 |  8.817E+13 |  1.000E+00 |  8.319E-14 |  2.132E-14 |   55289.25 |   55289.25 |   |
 96.46754 | -54.64750 |  6.517E+13 |  1.000E+00 |  7.992E-14 |  3.061E-14 |   55289.25 |   55289.25 |   |
 96.46754 | -54.64750 |  2.498E+13 |  1.000E+00 |  3.162E-13 |  0.000E+00 |   55289.25 |   55289.25 | UL|
 96.46754 | -54.64750 |  1.363E+13 |  1.000E+00 |  1.194E-12 |  4.125E-13 |   55289.25 |   55289.25 |   |
 96.46754 | -54.64750 |  8.817E+13 |  1.000E+00 |  9.481E-14 |  2.336E-14 |   55289.32 |   55289.32 |   |
 96.46754 | -54.64750 |  6.517E+13 |  1.000E+00 |  1.041E-13 |  3.105E-14 |   55289.32 |   55289.32 |   |
 96.46754 | -54.64750 |  2.498E+13 |  1.000E+00 |  3.422E-13 |  9.705E-14 |   55289.32 |   55289.32 |   |
 96.46754 | -54.64750 |  1.363E+13 |  1.000E+00 |  8.944E-13 |  0.000E+00 |   55289.32 |   55289.32 | UL|
 96.46754 | -54.64750 |  8.817E+13 |  1.000E+00 |  9.071E-14 |  2.040E-14 |   55289.39 |   55289.39 |   |
 96.46754 | -54.64750 |  6.517E+13 |  1.000E+00 |  1.228E-13 |  3.590E-14 |   55289.39 |   55289.39 |   |
 96.46754 | -54.64750 |  2.498E+13 |  1.000E+00 |  3.551E-13 |  0.000E+00 |   55289.39 |   55289.39 | UL|
 96.46754 | -54.64750 |  1.363E+13 |  1.000E+00 |  9.170E-13 |  0.000E+00 |   55289.39 |   55289.39 | UL|
 96.46754 | -54.64750 |  8.817E+13 |  1.000E+00 |  4.177E-14 |  0.000E+00 |   55289.52 |   55289.52 | UL|
 96.46754 | -54.64750 |  6.517E+13 |  1.000E+00 |  1.005E-13 |  3.063E-14 |   55289.52 |   55289.52 |   |
 96.46754 | -54.64750 |  2.498E+13 |  1.000E+00 |  2.691E-13 |  9.925E-14 |   55289.52 |   55289.52 |   |
 96.46754 | -54.64750 |  1.363E+13 |  1.000E+00 |  7.053E-13 |  0.000E+00 |   55289.52 |   55289.52 | UL|
 96.46754 | -54.64750 |  8.817E+13 |  1.000E+00 |  6.590E-14 |  2.129E-14 |   55289.59 |   55289.59 |   |
 96.46754 | -54.64750 |  6.517E+13 |  1.000E+00 |  1.397E-13 |  2.865E-14 |   55289.59 |   55289.59 |   |
 96.46754 | -54.64750 |  8.817E+13 |  1.000E+00 |  6.334E-14 |  0.000E+00 |   55289.59 |   55289.59 | UL|
 96.46754 | -54.64750 |  6.517E+13 |  1.000E+00 |  1.341E-13 |  2.940E-14 |   55289.59 |   55289.59 |   |
 96.46754 | -54.64750 |  8.817E+13 |  1.000E+00 |  6.235E-14 |  1.931E-14 |   55289.65 |   55289.65 |   |
 96.46754 | -54.64750 |  6.517E+13 |  1.000E+00 |  1.106E-13 |  3.373E-14 |   55289.65 |   55289.65 |   |
 96.46754 | -54.64750 |  2.498E+13 |  1.000E+00 |  2.997E-13 |  9.570E-14 |   55289.65 |   55289.65 |   |
 96.46754 | -54.64750 |  1.363E+13 |  1.000E+00 |  7.726E-13 |  0.000E+00 |   55289.65 |   55289.65 | UL|
 96.46754 | -54.64750 |  8.817E+13 |  1.000E+00 |  1.378E-13 |  1.960E-14 |   55289.72 |   55289.72 |   |
 96.46754 | -54.64750 |  6.517E+13 |  1.000E+00 |  1.436E-13 |  2.970E-14 |   55289.72 |   55289.72 |   |
 96.46754 | -54.64750 |  2.498E+13 |  1.000E+00 |  3.147E-13 |  9.075E-14 |   55289.72 |   55289.72 |   |
 96.46754 | -54.64750 |  1.363E+13 |  1.000E+00 |  1.418E-12 |  0.000E+00 |   55289.72 |   55289.72 | UL|
 96.46754 | -54.64750 |  8.817E+13 |  1.000E+00 |  9.928E-14 |  1.986E-14 |   55289.78 |   55289.78 |   |
 96.46754 | -54.64750 |  6.517E+13 |  1.000E+00 |  1.077E-13 |  3.006E-14 |   55289.78 |   55289.78 |   |
 96.46754 | -54.64750 |  2.498E+13 |  1.000E+00 |  2.310E-13 |  9.550E-14 |   55289.78 |   55289.78 |   |
 96.46754 | -54.64750 |  1.363E+13 |  1.000E+00 |  1.091E-12 |  0.000E+00 |   55289.78 |   55289.78 | UL|
 96.46754 | -54.64750 |  8.817E+13 |  1.000E+00 |  6.894E-14 |  0.000E+00 |   55289.85 |   55289.85 | UL|
 96.46754 | -54.64750 |  6.517E+13 |  1.000E+00 |  9.050E-14 |  2.812E-14 |   55289.85 |   55289.85 |   |
 96.46754 | -54.64750 |  2.498E+13 |  1.000E+00 |  2.333E-13 |  9.250E-14 |   55289.85 |   55289.85 |   |
 96.46754 | -54.64750 |  1.363E+13 |  1.000E+00 |  7.826E-13 |  0.000E+00 |   55289.85 |   55289.85 | UL|
 96.46754 | -54.64750 |  8.817E+13 |  1.000E+00 |  6.932E-14 |  2.449E-14 |   55289.91 |   55289.91 |   |
 96.46754 | -54.64750 |  6.517E+13 |  1.000E+00 |  1.728E-13 |  3.250E-14 |   55289.91 |   55289.91 |   |
 96.46754 | -54.64750 |  2.498E+13 |  1.000E+00 |  3.554E-13 |  0.000E+00 |   55289.91 |   55289.91 | UL|
 96.46754 | -54.64750 |  1.363E+13 |  1.000E+00 |  1.283E-12 |  3.544E-13 |   55289.91 |   55289.91 |   |
 96.46754 | -54.64750 |  8.817E+13 |  1.000E+00 |  6.105E-14 |  2.175E-14 |   55289.98 |   55289.98 |   |
 96.46754 | -54.64750 |  6.517E+13 |  1.000E+00 |  1.305E-13 |  2.905E-14 |   55289.98 |   55289.98 |   |
 96.46754 | -54.64750 |  2.498E+13 |  1.000E+00 |  3.705E-13 |  0.000E+00 |   55289.98 |   55289.98 | UL|
 96.46754 | -54.64750 |  1.363E+13 |  1.000E+00 |  1.279E-12 |  0.000E+00 |   55289.98 |   55289.98 | UL|
 96.46754 | -54.64750 |  8.817E+13 |  1.000E+00 |  6.996E-14 |  2.126E-14 |   55290.05 |   55290.05 |   |
 96.46754 | -54.64750 |  6.517E+13 |  1.000E+00 |  1.898E-13 |  2.875E-14 |   55290.05 |   55290.05 |   |
 96.46754 | -54.64750 |  2.498E+13 |  1.000E+00 |  2.097E-13 |  9.530E-14 |   55290.05 |   55290.05 |   |
 96.46754 | -54.64750 |  1.363E+13 |  1.000E+00 |  8.363E-13 |  0.000E+00 |   55290.05 |   55290.05 | UL|
 96.46754 | -54.64750 |  8.817E+13 |  1.000E+00 |  6.650E-14 |  2.233E-14 |   55288.39 |   55288.39 |   |
 96.46754 | -54.64750 |  6.517E+13 |  1.000E+00 |  1.496E-13 |  0.000E+00 |   55288.39 |   55288.39 | UL|
 96.46754 | -54.64750 |  2.498E+13 |  1.000E+00 |  3.773E-13 |  0.000E+00 |   55288.39 |   55288.39 | UL|
 96.46754 | -54.64750 |  1.363E+13 |  1.000E+00 |  9.011E-13 |  0.000E+00 |   55288.39 |   55288.39 | UL|
 96.46754 | -54.64750 |  4.455E+14 |  1.000E+00 |  4.179E-13 |  0.000E+00 |   55000.00 |   55000.00 |   |
 96.46754 | -54.64750 |  1.295E+15 |  1.000E+00 |  1.487E-13 |  7.934E-14 |   55000.00 |   55000.00 |   |
 96.46754 | -54.64750 |  8.563E+14 |  1.000E+00 |  6.511E-13 |  3.750E-14 |   55000.00 |   55000.00 |   |
 96.46754 | -54.64750 |  6.925E+14 |  1.000E+00 |  6.700E-13 |  4.530E-14 |   55000.00 |   55000.00 |   |
 96.46754 | -54.64750 |  5.550E+14 |  1.000E+00 |  6.029E-13 |  5.870E-14 |   55000.00 |   55000.00 |   |
 96.46754 | -54.64750 |  1.138E+15 |  1.000E+00 |  5.150E-13 |  3.305E-14 |   55000.00 |   55000.00 |   |
 96.46754 | -54.64750 |  1.344E+15 |  1.000E+00 |  2.674E-13 |  2.635E-14 |   55000.00 |   55000.00 |   |
 96.46754 | -54.64750 |  1.477E+15 |  1.000E+00 |  8.555E-14 |  1.160E-14 |   55000.00 |   55000.00 |   |
 96.46754 | -54.64750 |  2.418E+23 |  1.000E+00 |  8.009E-13 |  2.203E-13 |   55000.00 |   55000.00 |   |
 96.46754 | -54.64750 |  4.835E+22 |  1.000E+00 |  3.717E-12 |  5.810E-13 |   55000.00 |   55000.00 |   |
 96.46754 | -54.64750 |  1.451E+23 |  1.000E+00 |  9.870E-13 |  2.704E-13 |   55000.00 |   55000.00 |   |
 96.46754 | -54.64750 |  4.835E+23 |  1.000E+00 |  4.181E-13 |  1.664E-13 |   55000.00 |   55000.00 |   |
 96.46754 | -54.64750 |  1.451E+24 |  1.000E+00 |  2.417E-13 |  1.447E-13 |   55000.00 |   55000.00 |   |
 96.46754 | -54.64750 |  1.451E+25 |  1.000E+00 |  2.817E-13 |  0.000E+00 |   55000.00 |   55000.00 | UL|
 96.46754 | -54.64750 |  2.418E+23 |  1.000E+00 |  5.581E-13 |  8.710E-14 |   55000.00 |   55000.00 |   |
 96.46754 | -54.64750 |  1.813E+22 |  1.000E+00 |  7.932E-12 |  0.000E+00 |   55000.00 |   55000.00 | UL|
 96.46754 | -54.64750 |  4.835E+22 |  1.000E+00 |  2.186E-12 |  3.905E-13 |   55000.00 |   55000.00 |   |
 96.46754 | -54.64750 |  1.451E+23 |  1.000E+00 |  8.726E-13 |  1.348E-13 |   55000.00 |   55000.00 |   |
 96.46754 | -54.64750 |  4.835E+23 |  1.000E+00 |  3.030E-13 |  7.415E-14 |   55000.00 |   55000.00 |   |
 96.46754 | -54.64750 |  1.451E+24 |  1.000E+00 |  1.865E-13 |  7.075E-14 |   55000.00 |   55000.00 |   |
 96.46754 | -54.64750 |  4.835E+24 |  1.000E+00 |  1.701E-13 |  0.000E+00 |   55000.00 |   55000.00 | UL|
 96.46754 | -54.64750 |  1.451E+25 |  1.000E+00 |  4.713E-13 |  0.000E+00 |   55000.00 |   55000.00 | UL|
 96.46754 | -54.64750 |  1.451E+26 |  1.000E+00 |  5.158E-13 |  0.000E+00 |   55000.00 |   55000.00 | UL|
