142.76133 | -10.22364 |  1.400E+09 |  1.000E+00 |  9.674E-16 |  2.940E-17 |   55000.00 |   55000.00 |   |
142.76133 | -10.22364 |  3.000E+09 |  1.000E+00 |  1.903E-15 |  1.000E-17 |   55000.00 |   55000.00 |   |
142.76133 | -10.22364 |  1.500E+08 |  1.000E+00 |  2.295E-16 |  2.370E-17 |   55000.00 |   55000.00 |   |
142.76133 | -10.22364 |  2.000E+10 |  1.000E+00 |  1.920E-14 |  1.000E-15 |   55000.00 |   55000.00 |   |
142.76133 | -10.22364 |  8.400E+09 |  1.000E+00 |  8.551E-15 |  0.000E+00 |   55000.00 |   55000.00 |   |
142.76133 | -10.22364 |  4.800E+09 |  1.000E+00 |  7.536E-15 |  6.240E-16 |   55000.00 |   55000.00 |   |
142.76133 | -10.22364 |  2.850E+11 |  1.000E+00 |  2.080E-13 |  1.995E-14 |   57025.00 |   57025.00 |   |
142.76133 | -10.22364 |  9.506E+10 |  1.000E+00 |  9.791E-14 |  9.495E-15 |   57025.00 |   57025.00 |   |
142.76133 | -10.22364 |  1.000E+11 |  1.000E+00 |  3.030E-13 |  5.435E-14 |   55000.00 |   55000.00 |   |
142.76133 | -10.22364 |  2.170E+11 |  1.000E+00 |  3.456E-13 |  6.215E-14 |   55000.00 |   55000.00 |   |
142.76133 | -10.22364 |  1.389E+14 |  1.000E+00 |  1.381E-12 |  1.110E-13 |   55000.00 |   55000.00 |   |
142.76133 | -10.22364 |  1.804E+14 |  1.000E+00 |  1.143E-12 |  1.435E-13 |   55000.00 |   55000.00 |   |
142.76133 | -10.22364 |  2.427E+14 |  1.000E+00 |  1.056E-12 |  1.208E-13 |   55000.00 |   55000.00 |   |
142.76133 | -10.22364 |  8.817E+13 |  1.000E+00 |  8.971E-13 |  2.150E-14 |   55000.00 |   55000.00 |   |
142.76133 | -10.22364 |  6.517E+13 |  1.000E+00 |  8.477E-13 |  1.955E-14 |   55000.00 |   55000.00 |   |
142.76133 | -10.22364 |  2.498E+13 |  1.000E+00 |  6.109E-13 |  4.050E-14 |   55000.00 |   55000.00 |   |
142.76133 | -10.22364 |  1.363E+13 |  1.000E+00 |  7.351E-13 |  1.341E-13 |   55000.00 |   55000.00 |   |
142.76133 | -10.22364 |  8.817E+13 |  1.000E+00 |  5.527E-13 |  3.515E-14 |   55330.02 |   55330.02 |   |
142.76133 | -10.22364 |  6.517E+13 |  1.000E+00 |  5.349E-13 |  5.080E-14 |   55330.02 |   55330.02 |   |
142.76133 | -10.22364 |  2.498E+13 |  1.000E+00 |  5.370E-13 |  1.070E-13 |   55330.02 |   55330.02 |   |
142.76133 | -10.22364 |  1.363E+13 |  1.000E+00 |  1.069E-12 |  0.000E+00 |   55330.02 |   55330.02 | UL|
142.76133 | -10.22364 |  8.817E+13 |  1.000E+00 |  5.537E-13 |  3.470E-14 |   55330.08 |   55330.08 |   |
142.76133 | -10.22364 |  6.517E+13 |  1.000E+00 |  5.189E-13 |  4.305E-14 |   55330.08 |   55330.08 |   |
142.76133 | -10.22364 |  8.817E+13 |  1.000E+00 |  5.573E-13 |  3.905E-14 |   55330.15 |   55330.15 |   |
142.76133 | -10.22364 |  6.517E+13 |  1.000E+00 |  6.024E-13 |  5.110E-14 |   55330.15 |   55330.15 |   |
142.76133 | -10.22364 |  2.498E+13 |  1.000E+00 |  7.790E-13 |  1.057E-13 |   55330.15 |   55330.15 |   |
142.76133 | -10.22364 |  1.363E+13 |  1.000E+00 |  8.781E-13 |  4.287E-13 |   55330.15 |   55330.15 |   |
142.76133 | -10.22364 |  8.817E+13 |  1.000E+00 |  5.521E-13 |  3.615E-14 |   55330.21 |   55330.21 |   |
142.76133 | -10.22364 |  6.517E+13 |  1.000E+00 |  5.364E-13 |  3.955E-14 |   55330.21 |   55330.21 |   |
142.76133 | -10.22364 |  2.498E+13 |  1.000E+00 |  6.723E-13 |  1.076E-13 |   55330.21 |   55330.21 |   |
142.76133 | -10.22364 |  1.363E+13 |  1.000E+00 |  1.051E-12 |  4.158E-13 |   55330.21 |   55330.21 |   |
142.76133 | -10.22364 |  8.817E+13 |  1.000E+00 |  5.268E-13 |  3.495E-14 |   55329.95 |   55329.95 |   |
142.76133 | -10.22364 |  6.517E+13 |  1.000E+00 |  5.251E-13 |  4.405E-14 |   55329.95 |   55329.95 |   |
142.76133 | -10.22364 |  2.498E+13 |  1.000E+00 |  5.754E-13 |  1.125E-13 |   55329.95 |   55329.95 |   |
142.76133 | -10.22364 |  1.363E+13 |  1.000E+00 |  1.449E-12 |  0.000E+00 |   55329.95 |   55329.95 | UL|
142.76133 | -10.22364 |  8.817E+13 |  1.000E+00 |  5.426E-13 |  3.750E-14 |   55330.41 |   55330.41 |   |
142.76133 | -10.22364 |  6.517E+13 |  1.000E+00 |  5.398E-13 |  4.280E-14 |   55330.41 |   55330.41 |   |
142.76133 | -10.22364 |  2.498E+13 |  1.000E+00 |  6.943E-13 |  1.306E-13 |   55330.41 |   55330.41 |   |
142.76133 | -10.22364 |  1.363E+13 |  1.000E+00 |  9.664E-13 |  4.110E-13 |   55330.41 |   55330.41 |   |
142.76133 | -10.22364 |  8.817E+13 |  1.000E+00 |  5.068E-13 |  3.600E-14 |   55329.55 |   55329.55 |   |
142.76133 | -10.22364 |  6.517E+13 |  1.000E+00 |  4.697E-13 |  3.680E-14 |   55329.55 |   55329.55 |   |
142.76133 | -10.22364 |  8.817E+13 |  1.000E+00 |  5.900E-13 |  3.590E-14 |   55329.68 |   55329.68 |   |
142.76133 | -10.22364 |  6.517E+13 |  1.000E+00 |  5.117E-13 |  4.200E-14 |   55329.68 |   55329.68 |   |
142.76133 | -10.22364 |  2.498E+13 |  1.000E+00 |  5.540E-13 |  1.126E-13 |   55329.68 |   55329.68 |   |
142.76133 | -10.22364 |  1.363E+13 |  1.000E+00 |  7.950E-13 |  0.000E+00 |   55329.68 |   55329.68 | UL|
142.76133 | -10.22364 |  8.817E+13 |  1.000E+00 |  5.771E-13 |  3.455E-14 |   55329.82 |   55329.82 |   |
142.76133 | -10.22364 |  6.517E+13 |  1.000E+00 |  4.548E-13 |  4.110E-14 |   55329.82 |   55329.82 |   |
142.76133 | -10.22364 |  2.498E+13 |  1.000E+00 |  4.630E-13 |  1.145E-13 |   55329.82 |   55329.82 |   |
142.76133 | -10.22364 |  1.363E+13 |  1.000E+00 |  1.141E-12 |  3.942E-13 |   55329.82 |   55329.82 |   |
142.76133 | -10.22364 |  8.817E+13 |  1.000E+00 |  5.254E-13 |  3.535E-14 |   55330.28 |   55330.28 |   |
142.76133 | -10.22364 |  6.517E+13 |  1.000E+00 |  5.314E-13 |  4.310E-14 |   55330.28 |   55330.28 |   |
142.76133 | -10.22364 |  2.498E+13 |  1.000E+00 |  5.770E-13 |  1.085E-13 |   55330.28 |   55330.28 |   |
142.76133 | -10.22364 |  1.363E+13 |  1.000E+00 |  1.512E-12 |  0.000E+00 |   55330.28 |   55330.28 | UL|
142.76133 | -10.22364 |  8.817E+13 |  1.000E+00 |  1.151E-12 |  3.900E-14 |   55520.68 |   55520.68 |   |
142.76133 | -10.22364 |  6.517E+13 |  1.000E+00 |  1.147E-12 |  4.550E-14 |   55520.68 |   55520.68 |   |
142.76133 | -10.22364 |  8.817E+13 |  1.000E+00 |  1.107E-12 |  4.250E-14 |   55520.61 |   55520.61 |   |
142.76133 | -10.22364 |  6.517E+13 |  1.000E+00 |  1.110E-12 |  4.950E-14 |   55520.61 |   55520.61 |   |
142.76133 | -10.22364 |  8.817E+13 |  1.000E+00 |  1.234E-12 |  4.250E-14 |   55520.81 |   55520.81 |   |
142.76133 | -10.22364 |  6.517E+13 |  1.000E+00 |  1.216E-12 |  5.250E-14 |   55520.81 |   55520.81 |   |
142.76133 | -10.22364 |  8.817E+13 |  1.000E+00 |  1.215E-12 |  4.050E-14 |   55520.88 |   55520.88 |   |
142.76133 | -10.22364 |  6.517E+13 |  1.000E+00 |  1.210E-12 |  4.650E-14 |   55520.88 |   55520.88 |   |
142.76133 | -10.22364 |  8.817E+13 |  1.000E+00 |  1.223E-12 |  4.050E-14 |   55521.01 |   55521.01 |   |
142.76133 | -10.22364 |  6.517E+13 |  1.000E+00 |  1.247E-12 |  4.800E-14 |   55521.01 |   55521.01 |   |
142.76133 | -10.22364 |  8.817E+13 |  1.000E+00 |  1.367E-12 |  4.550E-14 |   55521.14 |   55521.14 |   |
142.76133 | -10.22364 |  6.517E+13 |  1.000E+00 |  1.303E-12 |  4.600E-14 |   55521.14 |   55521.14 |   |
142.76133 | -10.22364 |  8.817E+13 |  1.000E+00 |  1.309E-12 |  4.250E-14 |   55521.27 |   55521.27 |   |
142.76133 | -10.22364 |  6.517E+13 |  1.000E+00 |  1.301E-12 |  4.550E-14 |   55521.27 |   55521.27 |   |
142.76133 | -10.22364 |  8.817E+13 |  1.000E+00 |  1.381E-12 |  5.700E-14 |   55528.68 |   55528.68 |   |
142.76133 | -10.22364 |  8.817E+13 |  1.000E+00 |  1.471E-12 |  4.750E-14 |   55528.68 |   55528.68 |   |
142.76133 | -10.22364 |  8.817E+13 |  1.000E+00 |  5.841E-13 |  3.820E-14 |   55330.54 |   55330.54 |   |
142.76133 | -10.22364 |  6.517E+13 |  1.000E+00 |  5.241E-13 |  4.255E-14 |   55330.54 |   55330.54 |   |
142.76133 | -10.22364 |  2.498E+13 |  1.000E+00 |  6.841E-13 |  1.051E-13 |   55330.54 |   55330.54 |   |
142.76133 | -10.22364 |  1.363E+13 |  1.000E+00 |  8.347E-13 |  4.307E-13 |   55330.54 |   55330.54 |   |
142.76133 | -10.22364 |  8.817E+13 |  1.000E+00 |  5.900E-13 |  4.620E-14 |   55330.68 |   55330.68 |   |
142.76133 | -10.22364 |  6.517E+13 |  1.000E+00 |  6.119E-13 |  4.115E-14 |   55330.68 |   55330.68 |   |
142.76133 | -10.22364 |  2.498E+13 |  1.000E+00 |  6.332E-13 |  1.037E-13 |   55330.68 |   55330.68 |   |
142.76133 | -10.22364 |  1.363E+13 |  1.000E+00 |  1.298E-12 |  4.017E-13 |   55330.68 |   55330.68 |   |
142.76133 | -10.22364 |  8.817E+13 |  1.000E+00 |  5.401E-13 |  3.930E-14 |   55337.23 |   55337.23 |   |
142.76133 | -10.22364 |  2.498E+13 |  1.000E+00 |  5.711E-13 |  1.074E-13 |   55337.23 |   55337.23 |   |
142.76133 | -10.22364 |  1.363E+13 |  1.000E+00 |  1.305E-12 |  0.000E+00 |   55337.23 |   55337.23 | UL|
142.76133 | -10.22364 |  8.817E+13 |  1.000E+00 |  1.076E-12 |  3.850E-14 |   55520.15 |   55520.15 |   |
142.76133 | -10.22364 |  6.517E+13 |  1.000E+00 |  1.013E-12 |  4.460E-14 |   55520.15 |   55520.15 |   |
142.76133 | -10.22364 |  8.817E+13 |  1.000E+00 |  1.017E-12 |  3.935E-14 |   55520.28 |   55520.28 |   |
142.76133 | -10.22364 |  6.517E+13 |  1.000E+00 |  1.022E-12 |  4.415E-14 |   55520.28 |   55520.28 |   |
142.76133 | -10.22364 |  8.817E+13 |  1.000E+00 |  1.111E-12 |  4.100E-14 |   55520.41 |   55520.41 |   |
142.76133 | -10.22364 |  6.517E+13 |  1.000E+00 |  1.048E-12 |  4.550E-14 |   55520.41 |   55520.41 |   |
142.76133 | -10.22364 |  8.817E+13 |  1.000E+00 |  1.084E-12 |  4.100E-14 |   55520.55 |   55520.55 |   |
142.76133 | -10.22364 |  6.517E+13 |  1.000E+00 |  1.059E-12 |  4.500E-14 |   55520.55 |   55520.55 |   |
142.76133 | -10.22364 |  8.817E+13 |  1.000E+00 |  1.191E-12 |  4.500E-14 |   55520.75 |   55520.75 |   |
142.76133 | -10.22364 |  6.517E+13 |  1.000E+00 |  1.200E-12 |  4.650E-14 |   55520.75 |   55520.75 |   |
142.76133 | -10.22364 |  4.455E+14 |  1.000E+00 |  1.498E-13 |  0.000E+00 |   55000.00 |   55000.00 |   |
142.76133 | -10.22364 |  6.813E+14 |  1.000E+00 |  2.966E-13 |  1.313E-13 |   55000.00 |   55000.00 |   |
142.76133 | -10.22364 |  6.233E+14 |  1.000E+00 |  3.504E-13 |  2.180E-14 |   55000.00 |   55000.00 |   |
142.76133 | -10.22364 |  4.859E+14 |  1.000E+00 |  4.535E-13 |  4.005E-14 |   55000.00 |   55000.00 |   |
142.76133 | -10.22364 |  3.987E+14 |  1.000E+00 |  3.424E-13 |  2.355E-14 |   55000.00 |   55000.00 |   |
142.76133 | -10.22364 |  3.462E+14 |  1.000E+00 |  4.234E-13 |  2.865E-14 |   55000.00 |   55000.00 |   |
142.76133 | -10.22364 |  3.116E+14 |  1.000E+00 |  4.600E-13 |  2.845E-14 |   55000.00 |   55000.00 |   |
142.76133 | -10.22364 |  1.948E+15 |  1.000E+00 |  1.862E-13 |  5.640E-14 |   55000.00 |   55000.00 |   |
142.76133 | -10.22364 |  1.295E+15 |  1.000E+00 |  2.241E-13 |  4.020E-14 |   55000.00 |   55000.00 |   |
142.76133 | -10.22364 |  2.418E+23 |  1.000E+00 |  6.788E-13 |  8.745E-14 |   55000.00 |   55000.00 |   |
142.76133 | -10.22364 |  1.813E+22 |  1.000E+00 |  3.933E-12 |  0.000E+00 |   55000.00 |   55000.00 | UL|
142.76133 | -10.22364 |  4.835E+22 |  1.000E+00 |  5.354E-13 |  2.852E-13 |   55000.00 |   55000.00 |   |
142.76133 | -10.22364 |  1.451E+23 |  1.000E+00 |  8.006E-13 |  1.345E-13 |   55000.00 |   55000.00 |   |
142.76133 | -10.22364 |  4.835E+23 |  1.000E+00 |  5.929E-13 |  9.770E-14 |   55000.00 |   55000.00 |   |
142.76133 | -10.22364 |  1.451E+24 |  1.000E+00 |  2.300E-13 |  8.310E-14 |   55000.00 |   55000.00 |   |
142.76133 | -10.22364 |  4.835E+24 |  1.000E+00 |  1.367E-13 |  9.610E-14 |   55000.00 |   55000.00 |   |
142.76133 | -10.22364 |  1.451E+25 |  1.000E+00 |  6.908E-13 |  0.000E+00 |   55000.00 |   55000.00 | UL|
142.76133 | -10.22364 |  1.451E+26 |  1.000E+00 |  1.125E-12 |  0.000E+00 |   55000.00 |   55000.00 | UL|
