155.05738 |  62.83614 |  3.000E+09 |  1.000E+00 |  7.721E-16 |  6.800E-18 |   55000.00 |   55000.00 |   |
155.05738 |  62.83614 |  2.418E+17 |  1.000E+00 |  9.243E-14 |  2.786E-14 |   54844.30 |   54844.30 |   |
155.05738 |  62.83614 |  7.253E+17 |  1.000E+00 |  1.199E-13 |  2.441E-14 |   55000.00 |   55000.00 |   |
155.05738 |  62.83614 |  1.209E+17 |  1.000E+00 |  9.738E-14 |  2.720E-14 |   54844.30 |   54844.30 |   |
155.05738 |  62.83614 |  3.627E+17 |  1.000E+00 |  8.748E-14 |  2.851E-14 |   54844.30 |   54844.30 |   |
155.05738 |  62.83614 |  7.253E+17 |  1.000E+00 |  9.515E-14 |  1.936E-14 |   54844.30 |   54844.30 |   |
155.05738 |  62.83614 |  1.088E+18 |  1.000E+00 |  1.576E-13 |  0.000E+00 |   54844.30 |   54844.30 | UL|
155.05738 |  62.83614 |  1.209E+17 |  1.000E+00 |  1.506E-13 |  4.075E-14 |   55000.00 |   55000.00 |   |
155.05738 |  62.83614 |  3.627E+17 |  1.000E+00 |  1.071E-13 |  3.558E-14 |   55000.00 |   55000.00 |   |
155.05738 |  62.83614 |  1.088E+18 |  1.000E+00 |  2.603E-14 |  2.585E-14 |   55000.00 |   55000.00 |   |
155.05738 |  62.83614 |  1.400E+09 |  1.000E+00 |  4.666E-16 |  1.950E-18 |   55000.00 |   55000.00 |   |
155.05738 |  62.83614 |  1.400E+09 |  1.000E+00 |  4.172E-16 |  1.400E-17 |   55000.00 |   55000.00 |   |
155.05738 |  62.83614 |  1.500E+08 |  1.000E+00 |  7.305E-17 |  8.250E-18 |   55000.00 |   55000.00 |   |
155.05738 |  62.83614 |  4.800E+09 |  1.000E+00 |  1.248E-15 |  2.400E-16 |   55000.00 |   55000.00 |   |
155.05738 |  62.83614 |  1.389E+14 |  1.000E+00 |  1.175E-12 |  1.440E-13 |   55000.00 |   55000.00 |   |
155.05738 |  62.83614 |  1.804E+14 |  1.000E+00 |  1.138E-12 |  1.524E-13 |   55000.00 |   55000.00 |   |
155.05738 |  62.83614 |  2.427E+14 |  1.000E+00 |  1.513E-12 |  1.495E-13 |   55000.00 |   55000.00 |   |
155.05738 |  62.83614 |  8.817E+13 |  1.000E+00 |  6.583E-13 |  1.515E-14 |   55000.00 |   55000.00 |   |
155.05738 |  62.83614 |  6.517E+13 |  1.000E+00 |  4.009E-13 |  1.075E-14 |   55000.00 |   55000.00 |   |
155.05738 |  62.83614 |  2.498E+13 |  1.000E+00 |  8.781E-14 |  3.068E-14 |   55000.00 |   55000.00 |   |
155.05738 |  62.83614 |  1.363E+13 |  1.000E+00 |  4.073E-13 |  0.000E+00 |   55000.00 |   55000.00 | UL|
155.05738 |  62.83614 |  8.817E+13 |  1.000E+00 |  1.677E-13 |  0.000E+00 |   55499.04 |   55499.04 | UL|
155.05738 |  62.83614 |  6.517E+13 |  1.000E+00 |  9.733E-14 |  0.000E+00 |   55499.04 |   55499.04 | UL|
155.05738 |  62.83614 |  8.817E+13 |  1.000E+00 |  1.299E-13 |  0.000E+00 |   55499.11 |   55499.11 | UL|
155.05738 |  62.83614 |  6.517E+13 |  1.000E+00 |  1.699E-13 |  0.000E+00 |   55499.11 |   55499.11 | UL|
155.05738 |  62.83614 |  8.817E+13 |  1.000E+00 |  6.310E-13 |  7.985E-14 |   55309.85 |   55309.85 |   |
155.05738 |  62.83614 |  6.517E+13 |  1.000E+00 |  3.397E-13 |  7.185E-14 |   55309.85 |   55309.85 |   |
155.05738 |  62.83614 |  2.498E+13 |  1.000E+00 |  3.610E-13 |  0.000E+00 |   55309.85 |   55309.85 | UL|
155.05738 |  62.83614 |  1.363E+13 |  1.000E+00 |  8.503E-13 |  0.000E+00 |   55309.85 |   55309.85 | UL|
155.05738 |  62.83614 |  8.817E+13 |  1.000E+00 |  1.426E-13 |  0.000E+00 |   55499.17 |   55499.17 | UL|
155.05738 |  62.83614 |  6.517E+13 |  1.000E+00 |  1.544E-13 |  0.000E+00 |   55499.17 |   55499.17 | UL|
155.05738 |  62.83614 |  8.817E+13 |  1.000E+00 |  5.537E-13 |  5.105E-14 |   55499.24 |   55499.24 |   |
155.05738 |  62.83614 |  6.517E+13 |  1.000E+00 |  2.934E-13 |  5.465E-14 |   55499.24 |   55499.24 |   |
155.05738 |  62.83614 |  8.817E+13 |  1.000E+00 |  1.426E-13 |  0.000E+00 |   55501.22 |   55501.22 | UL|
155.05738 |  62.83614 |  6.517E+13 |  1.000E+00 |  1.213E-13 |  0.000E+00 |   55501.22 |   55501.22 | UL|
155.05738 |  62.83614 |  8.817E+13 |  1.000E+00 |  9.873E-14 |  0.000E+00 |   55501.36 |   55501.36 | UL|
155.05738 |  62.83614 |  6.517E+13 |  1.000E+00 |  1.726E-13 |  5.640E-14 |   55501.36 |   55501.36 |   |
155.05738 |  62.83614 |  8.817E+13 |  1.000E+00 |  1.677E-13 |  0.000E+00 |   55501.49 |   55501.49 | UL|
155.05738 |  62.83614 |  6.517E+13 |  1.000E+00 |  9.424E-14 |  0.000E+00 |   55501.49 |   55501.49 | UL|
155.05738 |  62.83614 |  8.817E+13 |  1.000E+00 |  5.603E-13 |  5.220E-14 |   55501.49 |   55501.49 |   |
155.05738 |  62.83614 |  6.517E+13 |  1.000E+00 |  3.728E-13 |  5.375E-14 |   55501.49 |   55501.49 |   |
155.05738 |  62.83614 |  8.817E+13 |  1.000E+00 |  9.756E-14 |  0.000E+00 |   55501.55 |   55501.55 | UL|
155.05738 |  62.83614 |  6.517E+13 |  1.000E+00 |  1.028E-13 |  0.000E+00 |   55501.55 |   55501.55 | UL|
155.05738 |  62.83614 |  8.817E+13 |  1.000E+00 |  6.571E-13 |  4.605E-14 |   55501.62 |   55501.62 |   |
155.05738 |  62.83614 |  6.517E+13 |  1.000E+00 |  2.693E-13 |  4.255E-14 |   55501.62 |   55501.62 |   |
155.05738 |  62.83614 |  8.817E+13 |  1.000E+00 |  6.133E-13 |  4.350E-14 |   55501.69 |   55501.69 |   |
155.05738 |  62.83614 |  6.517E+13 |  1.000E+00 |  3.202E-13 |  5.155E-14 |   55501.69 |   55501.69 |   |
155.05738 |  62.83614 |  8.817E+13 |  1.000E+00 |  6.077E-13 |  4.815E-14 |   55501.75 |   55501.75 |   |
155.05738 |  62.83614 |  6.517E+13 |  1.000E+00 |  3.078E-13 |  7.470E-14 |   55501.75 |   55501.75 |   |
155.05738 |  62.83614 |  8.817E+13 |  1.000E+00 |  9.801E-14 |  0.000E+00 |   55501.82 |   55501.82 | UL|
155.05738 |  62.83614 |  6.517E+13 |  1.000E+00 |  1.031E-13 |  0.000E+00 |   55501.82 |   55501.82 | UL|
155.05738 |  62.83614 |  8.817E+13 |  1.000E+00 |  5.745E-13 |  5.300E-14 |   55501.88 |   55501.88 |   |
155.05738 |  62.83614 |  6.517E+13 |  1.000E+00 |  2.305E-13 |  4.595E-14 |   55501.88 |   55501.88 |   |
155.05738 |  62.83614 |  8.817E+13 |  1.000E+00 |  4.889E-13 |  3.790E-14 |   55501.95 |   55501.95 |   |
155.05738 |  62.83614 |  6.517E+13 |  1.000E+00 |  3.011E-13 |  5.775E-14 |   55501.95 |   55501.95 |   |
155.05738 |  62.83614 |  8.817E+13 |  1.000E+00 |  5.177E-13 |  4.155E-14 |   55502.02 |   55502.02 |   |
155.05738 |  62.83614 |  6.517E+13 |  1.000E+00 |  2.346E-13 |  5.715E-14 |   55502.02 |   55502.02 |   |
155.05738 |  62.83614 |  8.817E+13 |  1.000E+00 |  5.254E-13 |  3.975E-14 |   55502.21 |   55502.21 |   |
155.05738 |  62.83614 |  6.517E+13 |  1.000E+00 |  3.089E-13 |  5.925E-14 |   55502.21 |   55502.21 |   |
155.05738 |  62.83614 |  8.817E+13 |  1.000E+00 |  5.916E-13 |  4.690E-14 |   55502.35 |   55502.35 |   |
155.05738 |  62.83614 |  6.517E+13 |  1.000E+00 |  3.403E-13 |  4.150E-14 |   55502.35 |   55502.35 |   |
155.05738 |  62.83614 |  8.817E+13 |  1.000E+00 |  9.334E-14 |  0.000E+00 |   55502.48 |   55502.48 | UL|
155.05738 |  62.83614 |  6.517E+13 |  1.000E+00 |  2.052E-13 |  0.000E+00 |   55502.48 |   55502.48 | UL|
155.05738 |  62.83614 |  8.817E+13 |  1.000E+00 |  6.224E-13 |  1.054E-13 |   55309.98 |   55309.98 |   |
155.05738 |  62.83614 |  6.517E+13 |  1.000E+00 |  4.072E-13 |  5.305E-14 |   55309.98 |   55309.98 |   |
155.05738 |  62.83614 |  2.498E+13 |  1.000E+00 |  6.779E-13 |  0.000E+00 |   55309.98 |   55309.98 | UL|
155.05738 |  62.83614 |  1.363E+13 |  1.000E+00 |  7.747E-13 |  0.000E+00 |   55309.98 |   55309.98 | UL|
155.05738 |  62.83614 |  8.817E+13 |  1.000E+00 |  5.676E-13 |  7.710E-14 |   55309.98 |   55309.98 |   |
155.05738 |  62.83614 |  6.517E+13 |  1.000E+00 |  3.680E-13 |  6.440E-14 |   55309.98 |   55309.98 |   |
155.05738 |  62.83614 |  2.498E+13 |  1.000E+00 |  5.675E-13 |  0.000E+00 |   55309.98 |   55309.98 | UL|
155.05738 |  62.83614 |  1.363E+13 |  1.000E+00 |  9.488E-13 |  4.238E-13 |   55309.98 |   55309.98 |   |
155.05738 |  62.83614 |  8.817E+13 |  1.000E+00 |  5.263E-13 |  7.590E-14 |   55310.12 |   55310.12 |   |
155.05738 |  62.83614 |  6.517E+13 |  1.000E+00 |  4.035E-13 |  7.245E-14 |   55310.12 |   55310.12 |   |
155.05738 |  62.83614 |  2.498E+13 |  1.000E+00 |  5.669E-13 |  0.000E+00 |   55310.12 |   55310.12 | UL|
155.05738 |  62.83614 |  1.363E+13 |  1.000E+00 |  8.669E-13 |  0.000E+00 |   55310.12 |   55310.12 | UL|
155.05738 |  62.83614 |  8.817E+13 |  1.000E+00 |  6.241E-13 |  6.390E-14 |   55310.18 |   55310.18 |   |
155.05738 |  62.83614 |  6.517E+13 |  1.000E+00 |  3.620E-13 |  5.960E-14 |   55310.18 |   55310.18 |   |
155.05738 |  62.83614 |  2.498E+13 |  1.000E+00 |  3.749E-13 |  0.000E+00 |   55310.18 |   55310.18 | UL|
155.05738 |  62.83614 |  1.363E+13 |  1.000E+00 |  1.512E-12 |  0.000E+00 |   55310.18 |   55310.18 | UL|
155.05738 |  62.83614 |  8.817E+13 |  1.000E+00 |  6.469E-13 |  1.017E-13 |   55310.32 |   55310.32 |   |
155.05738 |  62.83614 |  6.517E+13 |  1.000E+00 |  3.780E-13 |  7.640E-14 |   55310.32 |   55310.32 |   |
155.05738 |  62.83614 |  2.498E+13 |  1.000E+00 |  4.417E-13 |  0.000E+00 |   55310.32 |   55310.32 | UL|
155.05738 |  62.83614 |  1.363E+13 |  1.000E+00 |  1.087E-12 |  0.000E+00 |   55310.32 |   55310.32 | UL|
155.05738 |  62.83614 |  8.817E+13 |  1.000E+00 |  6.049E-13 |  7.375E-14 |   55310.38 |   55310.38 |   |
155.05738 |  62.83614 |  6.517E+13 |  1.000E+00 |  3.994E-13 |  6.015E-14 |   55310.38 |   55310.38 |   |
155.05738 |  62.83614 |  2.498E+13 |  1.000E+00 |  4.579E-13 |  0.000E+00 |   55310.38 |   55310.38 | UL|
155.05738 |  62.83614 |  1.363E+13 |  1.000E+00 |  1.209E-12 |  0.000E+00 |   55310.38 |   55310.38 | UL|
155.05738 |  62.83614 |  8.817E+13 |  1.000E+00 |  5.988E-13 |  8.915E-14 |   55310.45 |   55310.45 |   |
155.05738 |  62.83614 |  6.517E+13 |  1.000E+00 |  3.596E-13 |  7.270E-14 |   55310.45 |   55310.45 |   |
155.05738 |  62.83614 |  2.498E+13 |  1.000E+00 |  5.133E-13 |  0.000E+00 |   55310.45 |   55310.45 | UL|
155.05738 |  62.83614 |  1.363E+13 |  1.000E+00 |  1.359E-12 |  0.000E+00 |   55310.45 |   55310.45 | UL|
155.05738 |  62.83614 |  8.817E+13 |  1.000E+00 |  5.361E-13 |  9.230E-14 |   55310.51 |   55310.51 |   |
155.05738 |  62.83614 |  6.517E+13 |  1.000E+00 |  3.593E-13 |  6.490E-14 |   55310.51 |   55310.51 |   |
155.05738 |  62.83614 |  2.498E+13 |  1.000E+00 |  2.836E-13 |  0.000E+00 |   55310.51 |   55310.51 | UL|
155.05738 |  62.83614 |  1.363E+13 |  1.000E+00 |  1.169E-12 |  0.000E+00 |   55310.51 |   55310.51 | UL|
155.05738 |  62.83614 |  8.817E+13 |  1.000E+00 |  6.138E-13 |  9.825E-14 |   55310.58 |   55310.58 |   |
155.05738 |  62.83614 |  6.517E+13 |  1.000E+00 |  3.943E-13 |  5.870E-14 |   55310.58 |   55310.58 |   |
155.05738 |  62.83614 |  2.498E+13 |  1.000E+00 |  5.592E-13 |  0.000E+00 |   55310.58 |   55310.58 | UL|
155.05738 |  62.83614 |  1.363E+13 |  1.000E+00 |  9.593E-13 |  0.000E+00 |   55310.58 |   55310.58 | UL|
155.05738 |  62.83614 |  8.817E+13 |  1.000E+00 |  5.676E-13 |  8.075E-14 |   55310.64 |   55310.64 |   |
155.05738 |  62.83614 |  6.517E+13 |  1.000E+00 |  3.428E-13 |  6.540E-14 |   55310.64 |   55310.64 |   |
155.05738 |  62.83614 |  2.498E+13 |  1.000E+00 |  5.053E-13 |  0.000E+00 |   55310.64 |   55310.64 | UL|
155.05738 |  62.83614 |  1.363E+13 |  1.000E+00 |  1.759E-12 |  0.000E+00 |   55310.64 |   55310.64 | UL|
155.05738 |  62.83614 |  8.817E+13 |  1.000E+00 |  5.481E-13 |  7.955E-14 |   55310.71 |   55310.71 |   |
155.05738 |  62.83614 |  6.517E+13 |  1.000E+00 |  4.167E-13 |  6.085E-14 |   55310.71 |   55310.71 |   |
155.05738 |  62.83614 |  2.498E+13 |  1.000E+00 |  4.915E-13 |  0.000E+00 |   55310.71 |   55310.71 | UL|
155.05738 |  62.83614 |  1.363E+13 |  1.000E+00 |  7.921E-13 |  0.000E+00 |   55310.71 |   55310.71 | UL|
155.05738 |  62.83614 |  8.817E+13 |  1.000E+00 |  5.583E-13 |  7.165E-14 |   55310.84 |   55310.84 |   |
155.05738 |  62.83614 |  6.517E+13 |  1.000E+00 |  2.886E-13 |  6.400E-14 |   55310.84 |   55310.84 |   |
155.05738 |  62.83614 |  2.498E+13 |  1.000E+00 |  4.130E-13 |  0.000E+00 |   55310.84 |   55310.84 | UL|
155.05738 |  62.83614 |  1.363E+13 |  1.000E+00 |  1.355E-12 |  0.000E+00 |   55310.84 |   55310.84 | UL|
155.05738 |  62.83614 |  8.817E+13 |  1.000E+00 |  5.527E-13 |  1.019E-13 |   55311.11 |   55311.11 |   |
155.05738 |  62.83614 |  6.517E+13 |  1.000E+00 |  3.295E-13 |  5.055E-14 |   55311.11 |   55311.11 |   |
155.05738 |  62.83614 |  2.498E+13 |  1.000E+00 |  4.369E-13 |  0.000E+00 |   55311.11 |   55311.11 | UL|
155.05738 |  62.83614 |  1.363E+13 |  1.000E+00 |  1.826E-12 |  0.000E+00 |   55311.11 |   55311.11 | UL|
155.05738 |  62.83614 |  8.817E+13 |  1.000E+00 |  4.783E-13 |  7.475E-14 |   55311.11 |   55311.11 |   |
155.05738 |  62.83614 |  6.517E+13 |  1.000E+00 |  3.673E-13 |  6.770E-14 |   55311.11 |   55311.11 |   |
155.05738 |  62.83614 |  2.498E+13 |  1.000E+00 |  3.218E-13 |  0.000E+00 |   55311.11 |   55311.11 | UL|
155.05738 |  62.83614 |  1.363E+13 |  1.000E+00 |  9.246E-13 |  0.000E+00 |   55311.11 |   55311.11 | UL|
155.05738 |  62.83614 |  8.817E+13 |  1.000E+00 |  4.827E-13 |  4.095E-14 |   55498.71 |   55498.71 |   |
155.05738 |  62.83614 |  6.517E+13 |  1.000E+00 |  2.584E-13 |  5.295E-14 |   55498.71 |   55498.71 |   |
155.05738 |  62.83614 |  8.817E+13 |  1.000E+00 |  1.294E-13 |  0.000E+00 |   55498.84 |   55498.84 | UL|
155.05738 |  62.83614 |  6.517E+13 |  1.000E+00 |  1.099E-13 |  0.000E+00 |   55498.84 |   55498.84 | UL|
155.05738 |  62.83614 |  8.817E+13 |  1.000E+00 |  1.708E-13 |  0.000E+00 |   55498.98 |   55498.98 | UL|
155.05738 |  62.83614 |  6.517E+13 |  1.000E+00 |  1.644E-13 |  0.000E+00 |   55498.98 |   55498.98 | UL|
155.05738 |  62.83614 |  8.817E+13 |  1.000E+00 |  5.603E-13 |  3.875E-14 |   55307.34 |   55307.34 |   |
155.05738 |  62.83614 |  6.517E+13 |  1.000E+00 |  5.611E-13 |  5.280E-14 |   55307.34 |   55307.34 |   |
155.05738 |  62.83614 |  1.363E+13 |  1.000E+00 |  1.240E-12 |  0.000E+00 |   55307.34 |   55307.34 | UL|
155.05738 |  62.83614 |  8.817E+13 |  1.000E+00 |  5.441E-13 |  8.705E-14 |   55307.47 |   55307.47 |   |
155.05738 |  62.83614 |  6.517E+13 |  1.000E+00 |  3.518E-13 |  6.845E-14 |   55307.47 |   55307.47 |   |
155.05738 |  62.83614 |  2.498E+13 |  1.000E+00 |  3.502E-13 |  0.000E+00 |   55307.47 |   55307.47 | UL|
155.05738 |  62.83614 |  1.363E+13 |  1.000E+00 |  7.698E-13 |  0.000E+00 |   55307.47 |   55307.47 | UL|
155.05738 |  62.83614 |  8.817E+13 |  1.000E+00 |  6.386E-13 |  8.855E-14 |   55307.60 |   55307.60 |   |
155.05738 |  62.83614 |  6.517E+13 |  1.000E+00 |  4.156E-13 |  7.075E-14 |   55307.60 |   55307.60 |   |
155.05738 |  62.83614 |  2.498E+13 |  1.000E+00 |  3.667E-13 |  1.816E-13 |   55307.60 |   55307.60 |   |
155.05738 |  62.83614 |  1.363E+13 |  1.000E+00 |  7.790E-13 |  0.000E+00 |   55307.60 |   55307.60 | UL|
155.05738 |  62.83614 |  8.817E+13 |  1.000E+00 |  5.878E-13 |  8.915E-14 |   55307.60 |   55307.60 |   |
155.05738 |  62.83614 |  6.517E+13 |  1.000E+00 |  4.237E-13 |  7.450E-14 |   55307.60 |   55307.60 |   |
155.05738 |  62.83614 |  2.498E+13 |  1.000E+00 |  3.933E-13 |  0.000E+00 |   55307.60 |   55307.60 | UL|
155.05738 |  62.83614 |  1.363E+13 |  1.000E+00 |  1.329E-12 |  0.000E+00 |   55307.60 |   55307.60 | UL|
155.05738 |  62.83614 |  8.817E+13 |  1.000E+00 |  6.590E-13 |  1.196E-13 |   55307.73 |   55307.73 |   |
155.05738 |  62.83614 |  6.517E+13 |  1.000E+00 |  4.183E-13 |  7.435E-14 |   55307.73 |   55307.73 |   |
155.05738 |  62.83614 |  2.498E+13 |  1.000E+00 |  2.951E-13 |  0.000E+00 |   55307.73 |   55307.73 | UL|
155.05738 |  62.83614 |  1.363E+13 |  1.000E+00 |  1.336E-12 |  0.000E+00 |   55307.73 |   55307.73 | UL|
155.05738 |  62.83614 |  8.817E+13 |  1.000E+00 |  6.638E-13 |  6.735E-14 |   55307.80 |   55307.80 |   |
155.05738 |  62.83614 |  6.517E+13 |  1.000E+00 |  3.489E-13 |  5.320E-14 |   55307.80 |   55307.80 |   |
155.05738 |  62.83614 |  2.498E+13 |  1.000E+00 |  3.457E-13 |  0.000E+00 |   55307.80 |   55307.80 | UL|
155.05738 |  62.83614 |  1.363E+13 |  1.000E+00 |  8.511E-13 |  0.000E+00 |   55307.80 |   55307.80 | UL|
155.05738 |  62.83614 |  8.817E+13 |  1.000E+00 |  5.851E-13 |  6.805E-14 |   55309.72 |   55309.72 |   |
155.05738 |  62.83614 |  6.517E+13 |  1.000E+00 |  4.599E-13 |  6.975E-14 |   55309.72 |   55309.72 |   |
155.05738 |  62.83614 |  2.498E+13 |  1.000E+00 |  4.720E-13 |  0.000E+00 |   55309.72 |   55309.72 | UL|
155.05738 |  62.83614 |  1.363E+13 |  1.000E+00 |  1.330E-12 |  0.000E+00 |   55309.72 |   55309.72 | UL|
155.05738 |  62.83614 |  8.817E+13 |  1.000E+00 |  6.189E-13 |  3.250E-14 |   55307.34 |   55307.34 |   |
155.05738 |  62.83614 |  6.517E+13 |  1.000E+00 |  4.502E-13 |  3.280E-14 |   55307.34 |   55307.34 |   |
155.05738 |  62.83614 |  1.363E+13 |  1.000E+00 |  1.396E-12 |  0.000E+00 |   55307.34 |   55307.34 | UL|
155.05738 |  62.83614 |  8.817E+13 |  1.000E+00 |  6.824E-13 |  3.520E-14 |   55307.47 |   55307.47 |   |
155.05738 |  62.83614 |  6.517E+13 |  1.000E+00 |  3.864E-13 |  3.420E-14 |   55307.47 |   55307.47 |   |
155.05738 |  62.83614 |  2.498E+13 |  1.000E+00 |  2.144E-13 |  0.000E+00 |   55307.47 |   55307.47 | UL|
155.05738 |  62.83614 |  1.363E+13 |  1.000E+00 |  9.069E-13 |  0.000E+00 |   55307.47 |   55307.47 | UL|
155.05738 |  62.83614 |  8.817E+13 |  1.000E+00 |  7.035E-13 |  3.305E-14 |   55307.73 |   55307.73 |   |
155.05738 |  62.83614 |  6.517E+13 |  1.000E+00 |  3.976E-13 |  3.560E-14 |   55307.73 |   55307.73 |   |
155.05738 |  62.83614 |  2.498E+13 |  1.000E+00 |  2.194E-13 |  0.000E+00 |   55307.73 |   55307.73 | UL|
155.05738 |  62.83614 |  1.363E+13 |  1.000E+00 |  1.143E-12 |  0.000E+00 |   55307.73 |   55307.73 | UL|
155.05738 |  62.83614 |  8.817E+13 |  1.000E+00 |  6.189E-13 |  3.365E-14 |   55502.35 |   55502.35 |   |
155.05738 |  62.83614 |  6.517E+13 |  1.000E+00 |  3.735E-13 |  3.235E-14 |   55502.35 |   55502.35 |   |
155.05738 |  62.83614 |  8.817E+13 |  1.000E+00 |  6.178E-13 |  3.415E-14 |   55502.21 |   55502.21 |   |
155.05738 |  62.83614 |  6.517E+13 |  1.000E+00 |  3.790E-13 |  3.915E-14 |   55502.21 |   55502.21 |   |
155.05738 |  62.83614 |  8.817E+13 |  1.000E+00 |  6.363E-13 |  3.515E-14 |   55502.02 |   55502.02 |   |
155.05738 |  62.83614 |  6.517E+13 |  1.000E+00 |  3.593E-13 |  3.510E-14 |   55502.02 |   55502.02 |   |
155.05738 |  62.83614 |  8.817E+13 |  1.000E+00 |  6.212E-13 |  3.205E-14 |   55501.95 |   55501.95 |   |
155.05738 |  62.83614 |  6.517E+13 |  1.000E+00 |  3.307E-13 |  3.845E-14 |   55501.95 |   55501.95 |   |
155.05738 |  62.83614 |  8.817E+13 |  1.000E+00 |  6.487E-13 |  3.645E-14 |   55501.88 |   55501.88 |   |
155.05738 |  62.83614 |  6.517E+13 |  1.000E+00 |  3.250E-13 |  3.450E-14 |   55501.88 |   55501.88 |   |
155.05738 |  62.83614 |  8.817E+13 |  1.000E+00 |  7.048E-13 |  3.180E-14 |   55501.82 |   55501.82 |   |
155.05738 |  62.83614 |  6.517E+13 |  1.000E+00 |  4.061E-13 |  3.445E-14 |   55501.82 |   55501.82 |   |
155.05738 |  62.83614 |  8.817E+13 |  1.000E+00 |  6.620E-13 |  3.840E-14 |   55501.75 |   55501.75 |   |
155.05738 |  62.83614 |  6.517E+13 |  1.000E+00 |  3.643E-13 |  4.370E-14 |   55501.75 |   55501.75 |   |
155.05738 |  62.83614 |  8.817E+13 |  1.000E+00 |  5.841E-13 |  3.555E-14 |   55501.69 |   55501.69 |   |
155.05738 |  62.83614 |  6.517E+13 |  1.000E+00 |  4.009E-13 |  3.440E-14 |   55501.69 |   55501.69 |   |
155.05738 |  62.83614 |  8.817E+13 |  1.000E+00 |  5.916E-13 |  3.435E-14 |   55501.69 |   55501.69 |   |
155.05738 |  62.83614 |  6.517E+13 |  1.000E+00 |  3.914E-13 |  3.500E-14 |   55501.69 |   55501.69 |   |
155.05738 |  62.83614 |  8.817E+13 |  1.000E+00 |  6.144E-13 |  3.110E-14 |   55501.62 |   55501.62 |   |
155.05738 |  62.83614 |  6.517E+13 |  1.000E+00 |  3.412E-13 |  3.210E-14 |   55501.62 |   55501.62 |   |
155.05738 |  62.83614 |  8.817E+13 |  1.000E+00 |  6.932E-13 |  3.255E-14 |   55501.55 |   55501.55 |   |
155.05738 |  62.83614 |  6.517E+13 |  1.000E+00 |  4.416E-13 |  3.420E-14 |   55501.55 |   55501.55 |   |
155.05738 |  62.83614 |  8.817E+13 |  1.000E+00 |  6.799E-13 |  3.445E-14 |   55501.49 |   55501.49 |   |
155.05738 |  62.83614 |  6.517E+13 |  1.000E+00 |  3.839E-13 |  3.325E-14 |   55501.49 |   55501.49 |   |
155.05738 |  62.83614 |  8.817E+13 |  1.000E+00 |  6.375E-13 |  3.230E-14 |   55501.36 |   55501.36 |   |
155.05738 |  62.83614 |  6.517E+13 |  1.000E+00 |  4.408E-13 |  4.105E-14 |   55501.36 |   55501.36 |   |
155.05738 |  62.83614 |  8.817E+13 |  1.000E+00 |  6.875E-13 |  3.230E-14 |   55501.22 |   55501.22 |   |
155.05738 |  62.83614 |  6.517E+13 |  1.000E+00 |  4.296E-13 |  3.325E-14 |   55501.22 |   55501.22 |   |
155.05738 |  62.83614 |  8.817E+13 |  1.000E+00 |  6.428E-13 |  3.260E-14 |   55310.84 |   55310.84 |   |
155.05738 |  62.83614 |  6.517E+13 |  1.000E+00 |  3.839E-13 |  3.790E-14 |   55310.84 |   55310.84 |   |
155.05738 |  62.83614 |  2.498E+13 |  1.000E+00 |  3.253E-13 |  0.000E+00 |   55310.84 |   55310.84 | UL|
155.05738 |  62.83614 |  1.363E+13 |  1.000E+00 |  1.402E-12 |  0.000E+00 |   55310.84 |   55310.84 | UL|
155.05738 |  62.83614 |  8.817E+13 |  1.000E+00 |  7.414E-13 |  3.210E-14 |   55310.71 |   55310.71 |   |
155.05738 |  62.83614 |  6.517E+13 |  1.000E+00 |  4.874E-13 |  3.545E-14 |   55310.71 |   55310.71 |   |
155.05738 |  62.83614 |  2.498E+13 |  1.000E+00 |  3.451E-13 |  0.000E+00 |   55310.71 |   55310.71 | UL|
155.05738 |  62.83614 |  1.363E+13 |  1.000E+00 |  8.355E-13 |  0.000E+00 |   55310.71 |   55310.71 | UL|
155.05738 |  62.83614 |  8.817E+13 |  1.000E+00 |  6.663E-13 |  3.195E-14 |   55310.64 |   55310.64 |   |
155.05738 |  62.83614 |  6.517E+13 |  1.000E+00 |  3.882E-13 |  3.510E-14 |   55310.64 |   55310.64 |   |
155.05738 |  62.83614 |  2.498E+13 |  1.000E+00 |  3.247E-13 |  0.000E+00 |   55310.64 |   55310.64 | UL|
155.05738 |  62.83614 |  1.363E+13 |  1.000E+00 |  1.709E-12 |  0.000E+00 |   55310.64 |   55310.64 | UL|
155.05738 |  62.83614 |  8.817E+13 |  1.000E+00 |  7.048E-13 |  3.440E-14 |   55310.58 |   55310.58 |   |
155.05738 |  62.83614 |  6.517E+13 |  1.000E+00 |  4.245E-13 |  3.525E-14 |   55310.58 |   55310.58 |   |
155.05738 |  62.83614 |  2.498E+13 |  1.000E+00 |  3.376E-13 |  0.000E+00 |   55310.58 |   55310.58 | UL|
155.05738 |  62.83614 |  1.363E+13 |  1.000E+00 |  8.464E-13 |  0.000E+00 |   55310.58 |   55310.58 | UL|
155.05738 |  62.83614 |  8.817E+13 |  1.000E+00 |  6.541E-13 |  3.190E-14 |   55310.51 |   55310.51 |   |
155.05738 |  62.83614 |  6.517E+13 |  1.000E+00 |  4.028E-13 |  3.490E-14 |   55310.51 |   55310.51 |   |
155.05738 |  62.83614 |  2.498E+13 |  1.000E+00 |  2.202E-13 |  0.000E+00 |   55310.51 |   55310.51 | UL|
155.05738 |  62.83614 |  1.363E+13 |  1.000E+00 |  1.390E-12 |  0.000E+00 |   55310.51 |   55310.51 | UL|
155.05738 |  62.83614 |  8.817E+13 |  1.000E+00 |  7.139E-13 |  3.355E-14 |   55307.60 |   55307.60 |   |
155.05738 |  62.83614 |  6.517E+13 |  1.000E+00 |  4.175E-13 |  3.615E-14 |   55307.60 |   55307.60 |   |
155.05738 |  62.83614 |  2.498E+13 |  1.000E+00 |  2.228E-13 |  1.038E-13 |   55307.60 |   55307.60 |   |
155.05738 |  62.83614 |  1.363E+13 |  1.000E+00 |  7.412E-13 |  0.000E+00 |   55307.60 |   55307.60 | UL|
155.05738 |  62.83614 |  8.817E+13 |  1.000E+00 |  6.167E-13 |  3.750E-14 |   55311.11 |   55311.11 |   |
155.05738 |  62.83614 |  6.517E+13 |  1.000E+00 |  4.280E-13 |  3.355E-14 |   55311.11 |   55311.11 |   |
155.05738 |  62.83614 |  2.498E+13 |  1.000E+00 |  2.070E-13 |  0.000E+00 |   55311.11 |   55311.11 | UL|
155.05738 |  62.83614 |  1.363E+13 |  1.000E+00 |  7.906E-13 |  4.104E-13 |   55311.11 |   55311.11 |   |
155.05738 |  62.83614 |  8.817E+13 |  1.000E+00 |  6.762E-13 |  3.550E-14 |   55311.11 |   55311.11 |   |
155.05738 |  62.83614 |  6.517E+13 |  1.000E+00 |  4.103E-13 |  3.405E-14 |   55311.11 |   55311.11 |   |
155.05738 |  62.83614 |  2.498E+13 |  1.000E+00 |  3.096E-13 |  0.000E+00 |   55311.11 |   55311.11 | UL|
155.05738 |  62.83614 |  1.363E+13 |  1.000E+00 |  7.419E-13 |  0.000E+00 |   55311.11 |   55311.11 | UL|
155.05738 |  62.83614 |  8.817E+13 |  1.000E+00 |  6.099E-13 |  3.260E-14 |   55498.71 |   55498.71 |   |
155.05738 |  62.83614 |  6.517E+13 |  1.000E+00 |  3.347E-13 |  3.245E-14 |   55498.71 |   55498.71 |   |
155.05738 |  62.83614 |  8.817E+13 |  1.000E+00 |  6.440E-13 |  3.085E-14 |   55498.84 |   55498.84 |   |
155.05738 |  62.83614 |  6.517E+13 |  1.000E+00 |  3.633E-13 |  3.685E-14 |   55498.84 |   55498.84 |   |
155.05738 |  62.83614 |  8.817E+13 |  1.000E+00 |  6.906E-13 |  3.180E-14 |   55498.98 |   55498.98 |   |
155.05738 |  62.83614 |  6.517E+13 |  1.000E+00 |  3.790E-13 |  4.340E-14 |   55498.98 |   55498.98 |   |
155.05738 |  62.83614 |  8.817E+13 |  1.000E+00 |  7.035E-13 |  3.565E-14 |   55499.04 |   55499.04 |   |
155.05738 |  62.83614 |  6.517E+13 |  1.000E+00 |  4.272E-13 |  3.465E-14 |   55499.04 |   55499.04 |   |
155.05738 |  62.83614 |  8.817E+13 |  1.000E+00 |  6.218E-13 |  4.125E-14 |   55499.11 |   55499.11 |   |
155.05738 |  62.83614 |  6.517E+13 |  1.000E+00 |  4.118E-13 |  3.570E-14 |   55499.11 |   55499.11 |   |
155.05738 |  62.83614 |  8.817E+13 |  1.000E+00 |  6.195E-13 |  3.080E-14 |   55499.17 |   55499.17 |   |
155.05738 |  62.83614 |  6.517E+13 |  1.000E+00 |  4.312E-13 |  4.100E-14 |   55499.17 |   55499.17 |   |
155.05738 |  62.83614 |  8.817E+13 |  1.000E+00 |  6.224E-13 |  3.325E-14 |   55499.24 |   55499.24 |   |
155.05738 |  62.83614 |  6.517E+13 |  1.000E+00 |  3.822E-13 |  3.455E-14 |   55499.24 |   55499.24 |   |
155.05738 |  62.83614 |  8.817E+13 |  1.000E+00 |  7.531E-13 |  3.260E-14 |   55307.60 |   55307.60 |   |
155.05738 |  62.83614 |  6.517E+13 |  1.000E+00 |  4.202E-13 |  3.990E-14 |   55307.60 |   55307.60 |   |
155.05738 |  62.83614 |  2.498E+13 |  1.000E+00 |  2.120E-13 |  0.000E+00 |   55307.60 |   55307.60 | UL|
155.05738 |  62.83614 |  1.363E+13 |  1.000E+00 |  1.128E-12 |  0.000E+00 |   55307.60 |   55307.60 | UL|
155.05738 |  62.83614 |  8.817E+13 |  1.000E+00 |  6.299E-13 |  3.305E-14 |   55502.48 |   55502.48 |   |
155.05738 |  62.83614 |  6.517E+13 |  1.000E+00 |  4.035E-13 |  3.425E-14 |   55502.48 |   55502.48 |   |
155.05738 |  62.83614 |  8.817E+13 |  1.000E+00 |  6.535E-13 |  3.130E-14 |   55307.80 |   55307.80 |   |
155.05738 |  62.83614 |  6.517E+13 |  1.000E+00 |  3.972E-13 |  3.225E-14 |   55307.80 |   55307.80 |   |
155.05738 |  62.83614 |  2.498E+13 |  1.000E+00 |  2.076E-13 |  0.000E+00 |   55307.80 |   55307.80 | UL|
155.05738 |  62.83614 |  1.363E+13 |  1.000E+00 |  7.921E-13 |  0.000E+00 |   55307.80 |   55307.80 | UL|
155.05738 |  62.83614 |  8.817E+13 |  1.000E+00 |  6.015E-13 |  3.440E-14 |   55309.72 |   55309.72 |   |
155.05738 |  62.83614 |  6.517E+13 |  1.000E+00 |  4.428E-13 |  3.675E-14 |   55309.72 |   55309.72 |   |
155.05738 |  62.83614 |  2.498E+13 |  1.000E+00 |  2.387E-13 |  0.000E+00 |   55309.72 |   55309.72 | UL|
155.05738 |  62.83614 |  1.363E+13 |  1.000E+00 |  1.131E-12 |  0.000E+00 |   55309.72 |   55309.72 | UL|
155.05738 |  62.83614 |  8.817E+13 |  1.000E+00 |  6.868E-13 |  3.290E-14 |   55309.85 |   55309.85 |   |
155.05738 |  62.83614 |  6.517E+13 |  1.000E+00 |  3.505E-13 |  3.625E-14 |   55309.85 |   55309.85 |   |
155.05738 |  62.83614 |  2.498E+13 |  1.000E+00 |  3.473E-13 |  0.000E+00 |   55309.85 |   55309.85 | UL|
155.05738 |  62.83614 |  1.363E+13 |  1.000E+00 |  7.578E-13 |  0.000E+00 |   55309.85 |   55309.85 | UL|
155.05738 |  62.83614 |  8.817E+13 |  1.000E+00 |  6.529E-13 |  3.305E-14 |   55309.85 |   55309.85 |   |
155.05738 |  62.83614 |  6.517E+13 |  1.000E+00 |  3.936E-13 |  3.520E-14 |   55309.85 |   55309.85 |   |
155.05738 |  62.83614 |  2.498E+13 |  1.000E+00 |  4.794E-13 |  0.000E+00 |   55309.85 |   55309.85 | UL|
155.05738 |  62.83614 |  1.363E+13 |  1.000E+00 |  2.482E-12 |  0.000E+00 |   55309.85 |   55309.85 | UL|
155.05738 |  62.83614 |  8.817E+13 |  1.000E+00 |  6.577E-13 |  3.815E-14 |   55309.98 |   55309.98 |   |
155.05738 |  62.83614 |  6.517E+13 |  1.000E+00 |  4.249E-13 |  3.410E-14 |   55309.98 |   55309.98 |   |
155.05738 |  62.83614 |  2.498E+13 |  1.000E+00 |  3.206E-13 |  9.960E-14 |   55309.98 |   55309.98 |   |
155.05738 |  62.83614 |  1.363E+13 |  1.000E+00 |  7.317E-13 |  0.000E+00 |   55309.98 |   55309.98 | UL|
155.05738 |  62.83614 |  8.817E+13 |  1.000E+00 |  6.906E-13 |  3.375E-14 |   55309.98 |   55309.98 |   |
155.05738 |  62.83614 |  6.517E+13 |  1.000E+00 |  4.031E-13 |  3.680E-14 |   55309.98 |   55309.98 |   |
155.05738 |  62.83614 |  2.498E+13 |  1.000E+00 |  3.376E-13 |  0.000E+00 |   55309.98 |   55309.98 | UL|
155.05738 |  62.83614 |  1.363E+13 |  1.000E+00 |  8.685E-13 |  3.977E-13 |   55309.98 |   55309.98 |   |
155.05738 |  62.83614 |  8.817E+13 |  1.000E+00 |  6.398E-13 |  3.245E-14 |   55310.12 |   55310.12 |   |
155.05738 |  62.83614 |  6.517E+13 |  1.000E+00 |  4.198E-13 |  3.605E-14 |   55310.12 |   55310.12 |   |
155.05738 |  62.83614 |  2.498E+13 |  1.000E+00 |  3.107E-13 |  0.000E+00 |   55310.12 |   55310.12 | UL|
155.05738 |  62.83614 |  1.363E+13 |  1.000E+00 |  8.173E-13 |  0.000E+00 |   55310.12 |   55310.12 | UL|
155.05738 |  62.83614 |  8.817E+13 |  1.000E+00 |  7.133E-13 |  3.355E-14 |   55310.18 |   55310.18 |   |
155.05738 |  62.83614 |  6.517E+13 |  1.000E+00 |  4.557E-13 |  3.445E-14 |   55310.18 |   55310.18 |   |
155.05738 |  62.83614 |  2.498E+13 |  1.000E+00 |  2.390E-13 |  0.000E+00 |   55310.18 |   55310.18 | UL|
155.05738 |  62.83614 |  1.363E+13 |  1.000E+00 |  1.346E-12 |  0.000E+00 |   55310.18 |   55310.18 | UL|
155.05738 |  62.83614 |  8.817E+13 |  1.000E+00 |  6.596E-13 |  3.280E-14 |   55310.32 |   55310.32 |   |
155.05738 |  62.83614 |  6.517E+13 |  1.000E+00 |  4.332E-13 |  3.715E-14 |   55310.32 |   55310.32 |   |
155.05738 |  62.83614 |  2.498E+13 |  1.000E+00 |  3.614E-13 |  0.000E+00 |   55310.32 |   55310.32 | UL|
155.05738 |  62.83614 |  1.363E+13 |  1.000E+00 |  8.806E-13 |  0.000E+00 |   55310.32 |   55310.32 | UL|
155.05738 |  62.83614 |  8.817E+13 |  1.000E+00 |  6.189E-13 |  3.365E-14 |   55310.38 |   55310.38 |   |
155.05738 |  62.83614 |  6.517E+13 |  1.000E+00 |  4.183E-13 |  3.625E-14 |   55310.38 |   55310.38 |   |
155.05738 |  62.83614 |  2.498E+13 |  1.000E+00 |  2.575E-13 |  0.000E+00 |   55310.38 |   55310.38 | UL|
155.05738 |  62.83614 |  1.363E+13 |  1.000E+00 |  1.178E-12 |  0.000E+00 |   55310.38 |   55310.38 | UL|
155.05738 |  62.83614 |  8.817E+13 |  1.000E+00 |  6.553E-13 |  3.200E-14 |   55310.45 |   55310.45 |   |
155.05738 |  62.83614 |  6.517E+13 |  1.000E+00 |  3.717E-13 |  3.810E-14 |   55310.45 |   55310.45 |   |
155.05738 |  62.83614 |  2.498E+13 |  1.000E+00 |  2.679E-13 |  0.000E+00 |   55310.45 |   55310.45 | UL|
155.05738 |  62.83614 |  1.363E+13 |  1.000E+00 |  1.070E-12 |  0.000E+00 |   55310.45 |   55310.45 | UL|
155.05738 |  62.83614 |  8.817E+13 |  1.000E+00 |  6.155E-13 |  3.405E-14 |   55310.38 |   55310.38 |   |
155.05738 |  62.83614 |  6.517E+13 |  1.000E+00 |  4.183E-13 |  3.625E-14 |   55310.38 |   55310.38 |   |
155.05738 |  62.83614 |  2.498E+13 |  1.000E+00 |  2.372E-13 |  0.000E+00 |   55310.38 |   55310.38 | UL|
155.05738 |  62.83614 |  1.363E+13 |  1.000E+00 |  1.196E-12 |  0.000E+00 |   55310.38 |   55310.38 | UL|
155.05738 |  62.83614 |  8.817E+13 |  1.000E+00 |  6.602E-13 |  3.285E-14 |   55310.32 |   55310.32 |   |
155.05738 |  62.83614 |  6.517E+13 |  1.000E+00 |  4.340E-13 |  3.440E-14 |   55310.32 |   55310.32 |   |
155.05738 |  62.83614 |  2.498E+13 |  1.000E+00 |  3.791E-13 |  0.000E+00 |   55310.32 |   55310.32 | UL|
155.05738 |  62.83614 |  1.363E+13 |  1.000E+00 |  9.019E-13 |  0.000E+00 |   55310.32 |   55310.32 | UL|
155.05738 |  62.83614 |  8.817E+13 |  1.000E+00 |  6.724E-13 |  3.220E-14 |   55310.51 |   55310.51 |   |
155.05738 |  62.83614 |  6.517E+13 |  1.000E+00 |  4.069E-13 |  3.490E-14 |   55310.51 |   55310.51 |   |
155.05738 |  62.83614 |  2.498E+13 |  1.000E+00 |  2.448E-13 |  0.000E+00 |   55310.51 |   55310.51 | UL|
155.05738 |  62.83614 |  1.363E+13 |  1.000E+00 |  1.359E-12 |  0.000E+00 |   55310.51 |   55310.51 | UL|
155.05738 |  62.83614 |  8.817E+13 |  1.000E+00 |  7.067E-13 |  3.385E-14 |   55310.58 |   55310.58 |   |
155.05738 |  62.83614 |  6.517E+13 |  1.000E+00 |  4.241E-13 |  3.520E-14 |   55310.58 |   55310.58 |   |
155.05738 |  62.83614 |  2.498E+13 |  1.000E+00 |  3.230E-13 |  0.000E+00 |   55310.58 |   55310.58 | UL|
155.05738 |  62.83614 |  1.363E+13 |  1.000E+00 |  7.935E-13 |  0.000E+00 |   55310.58 |   55310.58 | UL|
155.05738 |  62.83614 |  8.817E+13 |  1.000E+00 |  6.657E-13 |  3.190E-14 |   55310.64 |   55310.64 |   |
155.05738 |  62.83614 |  6.517E+13 |  1.000E+00 |  3.889E-13 |  3.515E-14 |   55310.64 |   55310.64 |   |
155.05738 |  62.83614 |  2.498E+13 |  1.000E+00 |  3.209E-13 |  0.000E+00 |   55310.64 |   55310.64 | UL|
155.05738 |  62.83614 |  1.363E+13 |  1.000E+00 |  1.412E-12 |  0.000E+00 |   55310.64 |   55310.64 | UL|
155.05738 |  62.83614 |  8.817E+13 |  1.000E+00 |  6.799E-13 |  3.260E-14 |   55310.71 |   55310.71 |   |
155.05738 |  62.83614 |  6.517E+13 |  1.000E+00 |  4.901E-13 |  3.565E-14 |   55310.71 |   55310.71 |   |
155.05738 |  62.83614 |  2.498E+13 |  1.000E+00 |  3.467E-13 |  0.000E+00 |   55310.71 |   55310.71 | UL|
155.05738 |  62.83614 |  1.363E+13 |  1.000E+00 |  8.456E-13 |  0.000E+00 |   55310.71 |   55310.71 | UL|
155.05738 |  62.83614 |  8.817E+13 |  1.000E+00 |  6.511E-13 |  3.300E-14 |   55310.84 |   55310.84 |   |
155.05738 |  62.83614 |  6.517E+13 |  1.000E+00 |  3.846E-13 |  3.725E-14 |   55310.84 |   55310.84 |   |
155.05738 |  62.83614 |  2.498E+13 |  1.000E+00 |  3.419E-13 |  0.000E+00 |   55310.84 |   55310.84 | UL|
155.05738 |  62.83614 |  1.363E+13 |  1.000E+00 |  1.048E-12 |  0.000E+00 |   55310.84 |   55310.84 | UL|
155.05738 |  62.83614 |  8.817E+13 |  1.000E+00 |  6.299E-13 |  3.770E-14 |   55311.11 |   55311.11 |   |
155.05738 |  62.83614 |  6.517E+13 |  1.000E+00 |  4.284E-13 |  3.360E-14 |   55311.11 |   55311.11 |   |
155.05738 |  62.83614 |  2.498E+13 |  1.000E+00 |  2.163E-13 |  0.000E+00 |   55311.11 |   55311.11 | UL|
155.05738 |  62.83614 |  1.363E+13 |  1.000E+00 |  8.210E-13 |  3.935E-13 |   55311.11 |   55311.11 |   |
155.05738 |  62.83614 |  8.817E+13 |  1.000E+00 |  6.755E-13 |  3.550E-14 |   55311.11 |   55311.11 |   |
155.05738 |  62.83614 |  6.517E+13 |  1.000E+00 |  4.087E-13 |  3.430E-14 |   55311.11 |   55311.11 |   |
155.05738 |  62.83614 |  2.498E+13 |  1.000E+00 |  3.121E-13 |  0.000E+00 |   55311.11 |   55311.11 | UL|
155.05738 |  62.83614 |  1.363E+13 |  1.000E+00 |  7.433E-13 |  0.000E+00 |   55311.11 |   55311.11 | UL|
155.05738 |  62.83614 |  8.817E+13 |  1.000E+00 |  6.138E-13 |  3.280E-14 |   55498.71 |   55498.71 |   |
155.05738 |  62.83614 |  6.517E+13 |  1.000E+00 |  3.415E-13 |  3.245E-14 |   55498.71 |   55498.71 |   |
155.05738 |  62.83614 |  8.817E+13 |  1.000E+00 |  6.743E-13 |  3.230E-14 |   55307.34 |   55307.34 |   |
155.05738 |  62.83614 |  6.517E+13 |  1.000E+00 |  4.498E-13 |  3.275E-14 |   55307.34 |   55307.34 |   |
155.05738 |  62.83614 |  1.363E+13 |  1.000E+00 |  1.907E-12 |  0.000E+00 |   55307.34 |   55307.34 | UL|
155.05738 |  62.83614 |  8.817E+13 |  1.000E+00 |  7.106E-13 |  3.535E-14 |   55307.47 |   55307.47 |   |
155.05738 |  62.83614 |  6.517E+13 |  1.000E+00 |  3.896E-13 |  3.415E-14 |   55307.47 |   55307.47 |   |
155.05738 |  62.83614 |  2.498E+13 |  1.000E+00 |  2.226E-13 |  0.000E+00 |   55307.47 |   55307.47 | UL|
155.05738 |  62.83614 |  1.363E+13 |  1.000E+00 |  9.789E-13 |  0.000E+00 |   55307.47 |   55307.47 | UL|
155.05738 |  62.83614 |  8.817E+13 |  1.000E+00 |  6.694E-13 |  3.390E-14 |   55307.60 |   55307.60 |   |
155.05738 |  62.83614 |  6.517E+13 |  1.000E+00 |  4.210E-13 |  3.495E-14 |   55307.60 |   55307.60 |   |
155.05738 |  62.83614 |  2.498E+13 |  1.000E+00 |  4.357E-13 |  0.000E+00 |   55307.60 |   55307.60 | UL|
155.05738 |  62.83614 |  1.363E+13 |  1.000E+00 |  7.399E-13 |  0.000E+00 |   55307.60 |   55307.60 | UL|
155.05738 |  62.83614 |  8.817E+13 |  1.000E+00 |  7.524E-13 |  3.260E-14 |   55307.60 |   55307.60 |   |
155.05738 |  62.83614 |  6.517E+13 |  1.000E+00 |  4.206E-13 |  3.920E-14 |   55307.60 |   55307.60 |   |
155.05738 |  62.83614 |  2.498E+13 |  1.000E+00 |  2.104E-13 |  0.000E+00 |   55307.60 |   55307.60 | UL|
155.05738 |  62.83614 |  1.363E+13 |  1.000E+00 |  1.122E-12 |  0.000E+00 |   55307.60 |   55307.60 | UL|
155.05738 |  62.83614 |  8.817E+13 |  1.000E+00 |  7.212E-13 |  3.325E-14 |   55307.73 |   55307.73 |   |
155.05738 |  62.83614 |  6.517E+13 |  1.000E+00 |  3.940E-13 |  3.160E-14 |   55307.73 |   55307.73 |   |
155.05738 |  62.83614 |  2.498E+13 |  1.000E+00 |  2.486E-13 |  0.000E+00 |   55307.73 |   55307.73 | UL|
155.05738 |  62.83614 |  1.363E+13 |  1.000E+00 |  1.015E-12 |  0.000E+00 |   55307.73 |   55307.73 | UL|
155.05738 |  62.83614 |  8.817E+13 |  1.000E+00 |  6.875E-13 |  3.170E-14 |   55307.80 |   55307.80 |   |
155.05738 |  62.83614 |  6.517E+13 |  1.000E+00 |  3.947E-13 |  3.200E-14 |   55307.80 |   55307.80 |   |
155.05738 |  62.83614 |  2.498E+13 |  1.000E+00 |  1.942E-13 |  0.000E+00 |   55307.80 |   55307.80 | UL|
155.05738 |  62.83614 |  1.363E+13 |  1.000E+00 |  7.957E-13 |  0.000E+00 |   55307.80 |   55307.80 | UL|
155.05738 |  62.83614 |  8.817E+13 |  1.000E+00 |  6.316E-13 |  3.550E-14 |   55309.72 |   55309.72 |   |
155.05738 |  62.83614 |  6.517E+13 |  1.000E+00 |  4.449E-13 |  3.735E-14 |   55309.72 |   55309.72 |   |
155.05738 |  62.83614 |  2.498E+13 |  1.000E+00 |  2.589E-13 |  0.000E+00 |   55309.72 |   55309.72 | UL|
155.05738 |  62.83614 |  1.363E+13 |  1.000E+00 |  1.141E-12 |  0.000E+00 |   55309.72 |   55309.72 | UL|
155.05738 |  62.83614 |  8.817E+13 |  1.000E+00 |  6.669E-13 |  3.320E-14 |   55309.85 |   55309.85 |   |
155.05738 |  62.83614 |  6.517E+13 |  1.000E+00 |  3.557E-13 |  3.610E-14 |   55309.85 |   55309.85 |   |
155.05738 |  62.83614 |  2.498E+13 |  1.000E+00 |  3.711E-13 |  0.000E+00 |   55309.85 |   55309.85 | UL|
155.05738 |  62.83614 |  1.363E+13 |  1.000E+00 |  9.409E-13 |  0.000E+00 |   55309.85 |   55309.85 | UL|
155.05738 |  62.83614 |  8.817E+13 |  1.000E+00 |  6.787E-13 |  3.315E-14 |   55309.85 |   55309.85 |   |
155.05738 |  62.83614 |  6.517E+13 |  1.000E+00 |  3.980E-13 |  3.380E-14 |   55309.85 |   55309.85 |   |
155.05738 |  62.83614 |  2.498E+13 |  1.000E+00 |  4.600E-13 |  0.000E+00 |   55309.85 |   55309.85 | UL|
155.05738 |  62.83614 |  1.363E+13 |  1.000E+00 |  9.584E-13 |  4.133E-13 |   55309.85 |   55309.85 |   |
155.05738 |  62.83614 |  8.817E+13 |  1.000E+00 |  6.571E-13 |  3.875E-14 |   55309.98 |   55309.98 |   |
155.05738 |  62.83614 |  6.517E+13 |  1.000E+00 |  4.229E-13 |  3.550E-14 |   55309.98 |   55309.98 |   |
155.05738 |  62.83614 |  2.498E+13 |  1.000E+00 |  2.427E-13 |  1.148E-13 |   55309.98 |   55309.98 |   |
155.05738 |  62.83614 |  1.363E+13 |  1.000E+00 |  7.870E-13 |  0.000E+00 |   55309.98 |   55309.98 | UL|
155.05738 |  62.83614 |  8.817E+13 |  1.000E+00 |  6.862E-13 |  3.350E-14 |   55309.98 |   55309.98 |   |
155.05738 |  62.83614 |  6.517E+13 |  1.000E+00 |  4.031E-13 |  3.680E-14 |   55309.98 |   55309.98 |   |
155.05738 |  62.83614 |  2.498E+13 |  1.000E+00 |  3.551E-13 |  0.000E+00 |   55309.98 |   55309.98 | UL|
155.05738 |  62.83614 |  1.363E+13 |  1.000E+00 |  8.464E-13 |  4.236E-13 |   55309.98 |   55309.98 |   |
155.05738 |  62.83614 |  8.817E+13 |  1.000E+00 |  6.363E-13 |  3.225E-14 |   55310.12 |   55310.12 |   |
155.05738 |  62.83614 |  6.517E+13 |  1.000E+00 |  4.179E-13 |  3.625E-14 |   55310.12 |   55310.12 |   |
155.05738 |  62.83614 |  2.498E+13 |  1.000E+00 |  3.227E-13 |  0.000E+00 |   55310.12 |   55310.12 | UL|
155.05738 |  62.83614 |  1.363E+13 |  1.000E+00 |  1.090E-12 |  0.000E+00 |   55310.12 |   55310.12 | UL|
155.05738 |  62.83614 |  8.817E+13 |  1.000E+00 |  6.856E-13 |  3.350E-14 |   55310.18 |   55310.18 |   |
155.05738 |  62.83614 |  6.517E+13 |  1.000E+00 |  4.544E-13 |  3.475E-14 |   55310.18 |   55310.18 |   |
155.05738 |  62.83614 |  2.498E+13 |  1.000E+00 |  2.556E-13 |  0.000E+00 |   55310.18 |   55310.18 | UL|
155.05738 |  62.83614 |  1.363E+13 |  1.000E+00 |  1.254E-12 |  0.000E+00 |   55310.18 |   55310.18 | UL|
155.05738 |  62.83614 |  8.817E+13 |  1.000E+00 |  6.571E-13 |  3.150E-14 |   55310.45 |   55310.45 |   |
155.05738 |  62.83614 |  6.517E+13 |  1.000E+00 |  3.707E-13 |  3.795E-14 |   55310.45 |   55310.45 |   |
155.05738 |  62.83614 |  2.498E+13 |  1.000E+00 |  3.262E-13 |  0.000E+00 |   55310.45 |   55310.45 | UL|
155.05738 |  62.83614 |  1.363E+13 |  1.000E+00 |  1.075E-12 |  0.000E+00 |   55310.45 |   55310.45 | UL|
155.05738 |  62.83614 |  8.817E+13 |  1.000E+00 |  6.184E-13 |  3.245E-14 |   55501.95 |   55501.95 |   |
155.05738 |  62.83614 |  6.517E+13 |  1.000E+00 |  3.280E-13 |  3.845E-14 |   55501.95 |   55501.95 |   |
155.05738 |  62.83614 |  8.817E+13 |  1.000E+00 |  6.054E-13 |  3.570E-14 |   55502.02 |   55502.02 |   |
155.05738 |  62.83614 |  6.517E+13 |  1.000E+00 |  3.567E-13 |  3.485E-14 |   55502.02 |   55502.02 |   |
155.05738 |  62.83614 |  8.817E+13 |  1.000E+00 |  6.983E-13 |  3.155E-14 |   55501.82 |   55501.82 |   |
155.05738 |  62.83614 |  6.517E+13 |  1.000E+00 |  4.114E-13 |  3.455E-14 |   55501.82 |   55501.82 |   |
155.05738 |  62.83614 |  8.817E+13 |  1.000E+00 |  6.583E-13 |  3.825E-14 |   55501.75 |   55501.75 |   |
155.05738 |  62.83614 |  6.517E+13 |  1.000E+00 |  3.636E-13 |  4.400E-14 |   55501.75 |   55501.75 |   |
155.05738 |  62.83614 |  8.817E+13 |  1.000E+00 |  6.150E-13 |  3.570E-14 |   55501.69 |   55501.69 |   |
155.05738 |  62.83614 |  6.517E+13 |  1.000E+00 |  3.991E-13 |  3.460E-14 |   55501.69 |   55501.69 |   |
155.05738 |  62.83614 |  8.817E+13 |  1.000E+00 |  5.933E-13 |  3.445E-14 |   55501.69 |   55501.69 |   |
155.05738 |  62.83614 |  6.517E+13 |  1.000E+00 |  3.896E-13 |  3.485E-14 |   55501.69 |   55501.69 |   |
155.05738 |  62.83614 |  8.817E+13 |  1.000E+00 |  6.565E-13 |  3.145E-14 |   55501.62 |   55501.62 |   |
155.05738 |  62.83614 |  6.517E+13 |  1.000E+00 |  3.434E-13 |  3.200E-14 |   55501.62 |   55501.62 |   |
155.05738 |  62.83614 |  8.817E+13 |  1.000E+00 |  6.553E-13 |  3.260E-14 |   55501.55 |   55501.55 |   |
155.05738 |  62.83614 |  6.517E+13 |  1.000E+00 |  4.400E-13 |  3.410E-14 |   55501.55 |   55501.55 |   |
155.05738 |  62.83614 |  8.817E+13 |  1.000E+00 |  7.166E-13 |  3.365E-14 |   55501.49 |   55501.49 |   |
155.05738 |  62.83614 |  6.517E+13 |  1.000E+00 |  3.811E-13 |  3.340E-14 |   55501.49 |   55501.49 |   |
155.05738 |  62.83614 |  8.817E+13 |  1.000E+00 |  6.386E-13 |  3.235E-14 |   55501.36 |   55501.36 |   |
155.05738 |  62.83614 |  6.517E+13 |  1.000E+00 |  4.461E-13 |  4.115E-14 |   55501.36 |   55501.36 |   |
155.05738 |  62.83614 |  8.817E+13 |  1.000E+00 |  6.583E-13 |  3.275E-14 |   55501.22 |   55501.22 |   |
155.05738 |  62.83614 |  6.517E+13 |  1.000E+00 |  4.320E-13 |  3.345E-14 |   55501.22 |   55501.22 |   |
155.05738 |  62.83614 |  8.817E+13 |  1.000E+00 |  6.230E-13 |  3.330E-14 |   55499.24 |   55499.24 |   |
155.05738 |  62.83614 |  6.517E+13 |  1.000E+00 |  3.780E-13 |  3.450E-14 |   55499.24 |   55499.24 |   |
155.05738 |  62.83614 |  8.817E+13 |  1.000E+00 |  5.873E-13 |  3.080E-14 |   55499.17 |   55499.17 |   |
155.05738 |  62.83614 |  6.517E+13 |  1.000E+00 |  4.316E-13 |  4.100E-14 |   55499.17 |   55499.17 |   |
155.05738 |  62.83614 |  8.817E+13 |  1.000E+00 |  6.230E-13 |  4.135E-14 |   55499.11 |   55499.11 |   |
155.05738 |  62.83614 |  6.517E+13 |  1.000E+00 |  4.137E-13 |  3.550E-14 |   55499.11 |   55499.11 |   |
155.05738 |  62.83614 |  8.817E+13 |  1.000E+00 |  7.015E-13 |  3.555E-14 |   55499.04 |   55499.04 |   |
155.05738 |  62.83614 |  6.517E+13 |  1.000E+00 |  4.268E-13 |  3.465E-14 |   55499.04 |   55499.04 |   |
155.05738 |  62.83614 |  8.817E+13 |  1.000E+00 |  6.887E-13 |  3.175E-14 |   55498.98 |   55498.98 |   |
155.05738 |  62.83614 |  6.517E+13 |  1.000E+00 |  3.780E-13 |  4.325E-14 |   55498.98 |   55498.98 |   |
155.05738 |  62.83614 |  8.817E+13 |  1.000E+00 |  6.440E-13 |  3.085E-14 |   55498.84 |   55498.84 |   |
155.05738 |  62.83614 |  6.517E+13 |  1.000E+00 |  3.666E-13 |  3.690E-14 |   55498.84 |   55498.84 |   |
155.05738 |  62.83614 |  8.817E+13 |  1.000E+00 |  6.380E-13 |  3.290E-14 |   55502.48 |   55502.48 |   |
155.05738 |  62.83614 |  6.517E+13 |  1.000E+00 |  4.043E-13 |  3.430E-14 |   55502.48 |   55502.48 |   |
155.05738 |  62.83614 |  8.817E+13 |  1.000E+00 |  6.172E-13 |  3.355E-14 |   55502.35 |   55502.35 |   |
155.05738 |  62.83614 |  6.517E+13 |  1.000E+00 |  3.738E-13 |  3.240E-14 |   55502.35 |   55502.35 |   |
155.05738 |  62.83614 |  8.817E+13 |  1.000E+00 |  6.253E-13 |  3.460E-14 |   55502.21 |   55502.21 |   |
155.05738 |  62.83614 |  6.517E+13 |  1.000E+00 |  3.801E-13 |  3.895E-14 |   55502.21 |   55502.21 |   |
155.05738 |  62.83614 |  8.817E+13 |  1.000E+00 |  6.369E-13 |  3.695E-14 |   55501.88 |   55501.88 |   |
155.05738 |  62.83614 |  6.517E+13 |  1.000E+00 |  3.244E-13 |  3.475E-14 |   55501.88 |   55501.88 |   |
155.05738 |  62.83614 |  4.455E+14 |  1.000E+00 |  4.324E-13 |  0.000E+00 |   55000.00 |   55000.00 |   |
155.05738 |  62.83614 |  6.813E+14 |  1.000E+00 |  5.390E-13 |  2.142E-13 |   55000.00 |   55000.00 |   |
155.05738 |  62.83614 |  5.451E+14 |  1.000E+00 |  1.363E-12 |  5.001E-13 |   55000.00 |   55000.00 |   |
155.05738 |  62.83614 |  6.233E+14 |  1.000E+00 |  5.246E-13 |  8.950E-15 |   55000.00 |   55000.00 |   |
155.05738 |  62.83614 |  4.859E+14 |  1.000E+00 |  8.606E-13 |  1.460E-14 |   55000.00 |   55000.00 |   |
155.05738 |  62.83614 |  3.987E+14 |  1.000E+00 |  1.104E-12 |  1.300E-14 |   55000.00 |   55000.00 |   |
155.05738 |  62.83614 |  3.462E+14 |  1.000E+00 |  8.744E-13 |  2.555E-14 |   55000.00 |   55000.00 |   |
155.05738 |  62.83614 |  3.116E+14 |  1.000E+00 |  1.141E-12 |  3.200E-14 |   55000.00 |   55000.00 |   |
155.05738 |  62.83614 |  8.402E+14 |  1.000E+00 |  6.344E-13 |  2.850E-14 |   55000.00 |   55000.00 |   |
155.05738 |  62.83614 |  6.443E+14 |  1.000E+00 |  9.369E-13 |  9.000E-15 |   55000.00 |   55000.00 |   |
155.05738 |  62.83614 |  4.876E+14 |  1.000E+00 |  1.560E-12 |  1.050E-14 |   55000.00 |   55000.00 |   |
155.05738 |  62.83614 |  4.014E+14 |  1.000E+00 |  1.855E-12 |  1.300E-14 |   55000.00 |   55000.00 |   |
155.05738 |  62.83614 |  3.382E+14 |  1.000E+00 |  2.085E-12 |  3.350E-14 |   55000.00 |   55000.00 |   |
155.05738 |  62.83614 |  1.295E+15 |  1.000E+00 |  5.395E-13 |  1.900E-14 |   55000.00 |   55000.00 |   |
155.05738 |  62.83614 |  8.563E+14 |  1.000E+00 |  5.474E-13 |  3.900E-14 |   55000.00 |   55000.00 |   |
155.05738 |  62.83614 |  5.550E+14 |  1.000E+00 |  1.219E-12 |  1.075E-13 |   55000.00 |   55000.00 |   |
155.05738 |  62.83614 |  1.477E+15 |  1.000E+00 |  5.833E-13 |  5.275E-14 |   55000.00 |   55000.00 |   |
155.05738 |  62.83614 |  8.563E+14 |  1.000E+00 |  4.004E-13 |  2.545E-14 |   55000.00 |   55000.00 |   |
155.05738 |  62.83614 |  5.550E+14 |  1.000E+00 |  1.150E-12 |  5.900E-14 |   55000.00 |   55000.00 |   |
155.05738 |  62.83614 |  1.477E+15 |  1.000E+00 |  3.685E-13 |  2.445E-14 |   55000.00 |   55000.00 |   |
155.05738 |  62.83614 |  2.418E+17 |  1.000E+00 |  1.123E-13 |  5.699E-14 |   54919.80 |   54919.90 |   |
155.05738 |  62.83614 |  3.627E+17 |  1.000E+00 |  8.740E-14 |  5.519E-14 |   54919.80 |   54919.90 |   |
155.05738 |  62.83614 |  7.253E+17 |  1.000E+00 |  1.137E-13 |  3.989E-14 |   54919.80 |   54919.90 |   |
155.05738 |  62.83614 |  2.418E+17 |  1.000E+00 |  7.766E-14 |  2.946E-14 |   54844.30 |   54844.70 |   |
155.05738 |  62.83614 |  3.627E+17 |  1.000E+00 |  8.271E-14 |  3.251E-14 |   54844.30 |   54844.70 |   |
155.05738 |  62.83614 |  7.253E+17 |  1.000E+00 |  8.034E-14 |  2.048E-14 |   54844.30 |   54844.70 |   |
