159.31700 | -29.56744 |  1.400E+09 |  1.000E+00 |  1.558E-14 |  4.700E-16 |   55000.00 |   55000.00 |   |
159.31700 | -29.56744 |  2.418E+17 |  1.000E+00 |  8.729E-13 |  1.941E-13 |   55000.00 |   55000.00 |   |
159.31700 | -29.56744 |  2.418E+17 |  1.000E+00 |  9.066E-13 |  5.425E-14 |   55000.00 |   55000.00 |   |
159.31700 | -29.56744 |  2.418E+17 |  1.000E+00 |  6.776E-13 |  4.400E-14 |   54672.40 |   54672.40 |   |
159.31700 | -29.56744 |  7.253E+17 |  1.000E+00 |  9.300E-13 |  3.395E-14 |   55000.00 |   55000.00 |   |
159.31700 | -29.56744 |  2.418E+17 |  1.000E+00 |  5.138E-13 |  7.855E-14 |   55000.00 |   55000.00 |   |
159.31700 | -29.56744 |  1.209E+17 |  1.000E+00 |  6.133E-13 |  4.050E-14 |   54672.40 |   54672.40 |   |
159.31700 | -29.56744 |  3.627E+17 |  1.000E+00 |  7.420E-13 |  4.760E-14 |   54672.40 |   54672.40 |   |
159.31700 | -29.56744 |  7.253E+17 |  1.000E+00 |  9.246E-13 |  3.680E-14 |   54672.40 |   54672.40 |   |
159.31700 | -29.56744 |  1.088E+18 |  1.000E+00 |  1.066E-12 |  7.720E-14 |   54672.40 |   54672.40 |   |
159.31700 | -29.56744 |  1.209E+17 |  1.000E+00 |  6.867E-13 |  4.540E-14 |   55000.00 |   55000.00 |   |
159.31700 | -29.56744 |  3.627E+17 |  1.000E+00 |  8.225E-13 |  4.935E-14 |   55000.00 |   55000.00 |   |
159.31700 | -29.56744 |  1.088E+18 |  1.000E+00 |  1.134E-12 |  7.750E-14 |   55000.00 |   55000.00 |   |
159.31700 | -29.56744 |  1.500E+08 |  1.000E+00 |  4.573E-16 |  4.605E-17 |   55000.00 |   55000.00 |   |
159.31700 | -29.56744 |  5.000E+09 |  1.000E+00 |  1.006E-13 |  5.000E-15 |   55000.00 |   55000.00 |   |
159.31700 | -29.56744 |  8.000E+09 |  1.000E+00 |  2.010E-13 |  1.045E-14 |   55000.00 |   55000.00 |   |
159.31700 | -29.56744 |  2.000E+10 |  1.000E+00 |  5.362E-13 |  3.520E-14 |   55000.00 |   55000.00 |   |
159.31700 | -29.56744 |  8.400E+09 |  1.000E+00 |  1.226E-13 |  0.000E+00 |   55000.00 |   55000.00 |   |
159.31700 | -29.56744 |  3.140E+10 |  1.000E+00 |  6.060E-13 |  3.140E-14 |   55000.00 |   55000.00 |   |
159.31700 | -29.56744 |  1.480E+09 |  1.000E+00 |  1.628E-14 |  8.900E-16 |   55000.00 |   55000.00 |   |
159.31700 | -29.56744 |  2.700E+09 |  1.000E+00 |  2.970E-14 |  1.890E-15 |   55000.00 |   55000.00 |   |
159.31700 | -29.56744 |  5.009E+09 |  1.000E+00 |  7.564E-14 |  4.005E-15 |   55000.00 |   55000.00 |   |
159.31700 | -29.56744 |  4.900E+09 |  1.000E+00 |  9.310E-14 |  4.900E-15 |   55000.00 |   55000.00 |   |
159.31700 | -29.56744 |  2.700E+09 |  1.000E+00 |  3.591E-14 |  2.160E-15 |   55000.00 |   55000.00 |   |
159.31700 | -29.56744 |  8.960E+10 |  1.000E+00 |  1.084E-12 |  2.329E-13 |   55000.00 |   55000.00 |   |
159.31700 | -29.56744 |  8.085E+09 |  1.000E+00 |  1.649E-13 |  2.345E-14 |   55000.00 |   55000.00 |   |
159.31700 | -29.56744 |  1.097E+11 |  1.000E+00 |  1.712E-12 |  8.800E-14 |   56165.00 |   56165.00 |   |
159.31700 | -29.56744 |  9.821E+10 |  1.000E+00 |  1.611E-12 |  8.850E-14 |   56165.00 |   56165.00 |   |
159.31700 | -29.56744 |  9.920E+10 |  1.000E+00 |  1.448E-12 |  6.950E-14 |   56206.00 |   56206.00 |   |
159.31700 | -29.56744 |  1.088E+11 |  1.000E+00 |  1.457E-12 |  7.650E-14 |   56206.00 |   56206.00 |   |
159.31700 | -29.56744 |  2.210E+11 |  1.000E+00 |  1.834E-12 |  8.850E-14 |   56206.00 |   56206.00 |   |
159.31700 | -29.56744 |  3.433E+11 |  1.000E+00 |  2.025E-12 |  1.030E-13 |   56206.00 |   56206.00 |   |
159.31700 | -29.56744 |  9.821E+10 |  1.000E+00 |  1.404E-12 |  2.950E-14 |   56246.00 |   56246.00 |   |
159.31700 | -29.56744 |  1.097E+11 |  1.000E+00 |  1.449E-12 |  4.350E-14 |   56246.00 |   56246.00 |   |
159.31700 | -29.56744 |  3.433E+11 |  1.000E+00 |  1.922E-12 |  1.375E-13 |   56248.00 |   56248.00 |   |
159.31700 | -29.56744 |  3.433E+11 |  1.000E+00 |  1.922E-12 |  1.375E-13 |   56249.00 |   56249.00 |   |
159.31700 | -29.56744 |  1.097E+11 |  1.000E+00 |  1.492E-12 |  7.650E-14 |   56252.00 |   56252.00 |   |
159.31700 | -29.56744 |  9.821E+10 |  1.000E+00 |  1.454E-12 |  6.850E-14 |   56252.00 |   56252.00 |   |
159.31700 | -29.56744 |  1.097E+11 |  1.000E+00 |  1.284E-12 |  4.400E-14 |   56264.00 |   56264.00 |   |
159.31700 | -29.56744 |  9.821E+10 |  1.000E+00 |  1.306E-12 |  3.900E-14 |   56278.00 |   56278.00 |   |
159.31700 | -29.56744 |  1.097E+11 |  1.000E+00 |  1.405E-12 |  5.500E-14 |   56278.00 |   56278.00 |   |
159.31700 | -29.56744 |  9.821E+10 |  1.000E+00 |  1.208E-12 |  7.900E-14 |   56342.00 |   56342.00 |   |
159.31700 | -29.56744 |  3.433E+11 |  1.000E+00 |  1.854E-12 |  1.375E-13 |   56399.00 |   56399.00 |   |
159.31700 | -29.56744 |  1.097E+11 |  1.000E+00 |  1.196E-12 |  4.400E-14 |   56404.00 |   56404.00 |   |
159.31700 | -29.56744 |  9.821E+10 |  1.000E+00 |  1.090E-12 |  3.900E-14 |   56404.00 |   56404.00 |   |
159.31700 | -29.56744 |  1.097E+11 |  1.000E+00 |  7.353E-13 |  3.295E-14 |   56478.00 |   56478.00 |   |
159.31700 | -29.56744 |  9.821E+10 |  1.000E+00 |  6.776E-13 |  1.965E-14 |   56478.00 |   56478.00 |   |
159.31700 | -29.56744 |  9.146E+10 |  1.000E+00 |  6.585E-13 |  2.740E-14 |   56571.00 |   56571.00 |   |
159.31700 | -29.56744 |  1.035E+11 |  1.000E+00 |  7.348E-13 |  3.105E-14 |   56571.00 |   56571.00 |   |
159.31700 | -29.56744 |  3.435E+11 |  1.000E+00 |  1.168E-12 |  1.030E-13 |   56584.00 |   56584.00 |   |
159.31700 | -29.56744 |  1.035E+11 |  1.000E+00 |  8.900E-13 |  3.105E-14 |   56591.00 |   56591.00 |   |
159.31700 | -29.56744 |  9.146E+10 |  1.000E+00 |  8.048E-13 |  1.825E-14 |   56591.00 |   56591.00 |   |
159.31700 | -29.56744 |  2.218E+11 |  1.000E+00 |  1.397E-12 |  7.000E-14 |   56597.43 |   56597.43 |   |
159.31700 | -29.56744 |  2.218E+11 |  1.000E+00 |  1.477E-12 |  7.400E-14 |   56598.46 |   56598.46 |   |
159.31700 | -29.56744 |  3.435E+11 |  1.000E+00 |  1.717E-12 |  1.375E-13 |   56599.00 |   56599.00 |   |
159.31700 | -29.56744 |  2.974E+11 |  1.000E+00 |  1.651E-12 |  1.485E-13 |   56610.00 |   56610.00 |   |
159.31700 | -29.56744 |  1.035E+11 |  1.000E+00 |  9.521E-13 |  4.140E-14 |   56610.00 |   56610.00 |   |
159.31700 | -29.56744 |  9.146E+10 |  1.000E+00 |  8.414E-13 |  2.745E-14 |   56610.00 |   56610.00 |   |
159.31700 | -29.56744 |  3.435E+11 |  1.000E+00 |  1.855E-12 |  1.375E-13 |   56610.00 |   56610.00 |   |
159.31700 | -29.56744 |  2.974E+11 |  1.000E+00 |  1.651E-12 |  8.300E-14 |   56610.41 |   56610.41 |   |
159.31700 | -29.56744 |  2.962E+11 |  1.000E+00 |  1.813E-12 |  9.100E-14 |   56611.41 |   56611.41 |   |
159.31700 | -29.56744 |  1.075E+11 |  1.000E+00 |  5.256E-13 |  2.620E-14 |   56612.39 |   56612.39 |   |
159.31700 | -29.56744 |  1.075E+11 |  1.000E+00 |  8.881E-13 |  4.440E-14 |   56613.39 |   56613.39 |   |
159.31700 | -29.56744 |  2.972E+11 |  1.000E+00 |  1.581E-12 |  1.430E-13 |   56614.00 |   56614.00 |   |
159.31700 | -29.56744 |  2.972E+11 |  1.000E+00 |  1.574E-12 |  7.850E-14 |   56614.37 |   56614.37 |   |
159.31700 | -29.56744 |  1.075E+11 |  1.000E+00 |  9.948E-13 |  5.000E-14 |   56614.38 |   56614.38 |   |
159.31700 | -29.56744 |  2.220E+11 |  1.000E+00 |  2.254E-12 |  1.130E-13 |   56617.41 |   56617.41 |   |
159.31700 | -29.56744 |  9.146E+10 |  1.000E+00 |  8.414E-13 |  2.745E-14 |   56624.00 |   56624.00 |   |
159.31700 | -29.56744 |  1.035E+11 |  1.000E+00 |  9.521E-13 |  4.140E-14 |   56624.00 |   56624.00 |   |
159.31700 | -29.56744 |  3.435E+11 |  1.000E+00 |  1.786E-12 |  1.370E-13 |   56624.00 |   56624.00 |   |
159.31700 | -29.56744 |  3.435E+11 |  1.000E+00 |  1.923E-12 |  1.375E-13 |   56637.00 |   56637.00 |   |
159.31700 | -29.56744 |  1.035E+11 |  1.000E+00 |  1.056E-12 |  6.225E-14 |   56637.00 |   56637.00 |   |
159.31700 | -29.56744 |  9.146E+10 |  1.000E+00 |  1.006E-12 |  3.675E-14 |   56637.00 |   56637.00 |   |
159.31700 | -29.56744 |  1.040E+11 |  1.000E+00 |  9.556E-13 |  4.755E-14 |   56643.32 |   56643.32 |   |
159.31700 | -29.56744 |  9.146E+10 |  1.000E+00 |  9.960E-13 |  3.010E-14 |   56647.00 |   56647.00 |   |
159.31700 | -29.56744 |  1.035E+11 |  1.000E+00 |  1.036E-12 |  3.100E-14 |   56647.00 |   56647.00 |   |
159.31700 | -29.56744 |  2.330E+11 |  1.000E+00 |  1.575E-12 |  8.600E-14 |   56647.00 |   56647.00 |   |
159.31700 | -29.56744 |  3.435E+11 |  1.000E+00 |  1.848E-12 |  2.710E-13 |   56647.00 |   56647.00 |   |
159.31700 | -29.56744 |  9.251E+10 |  1.000E+00 |  1.031E-12 |  5.145E-14 |   56653.29 |   56653.29 |   |
159.31700 | -29.56744 |  9.146E+10 |  1.000E+00 |  9.969E-13 |  1.820E-14 |   56656.00 |   56656.00 |   |
159.31700 | -29.56744 |  1.035E+11 |  1.000E+00 |  1.035E-12 |  2.100E-14 |   56656.00 |   56656.00 |   |
159.31700 | -29.56744 |  1.035E+11 |  1.000E+00 |  1.056E-12 |  8.260E-14 |   56667.00 |   56667.00 |   |
159.31700 | -29.56744 |  9.146E+10 |  1.000E+00 |  9.420E-13 |  7.305E-14 |   56667.00 |   56667.00 |   |
159.31700 | -29.56744 |  3.435E+11 |  1.000E+00 |  1.717E-12 |  1.715E-13 |   56668.00 |   56668.00 |   |
159.31700 | -29.56744 |  2.218E+11 |  1.000E+00 |  1.585E-12 |  7.900E-14 |   56686.18 |   56686.18 |   |
159.31700 | -29.56744 |  9.146E+10 |  1.000E+00 |  9.146E-13 |  8.230E-14 |   56691.00 |   56691.00 |   |
159.31700 | -29.56744 |  1.035E+11 |  1.000E+00 |  1.045E-12 |  1.036E-13 |   56691.00 |   56691.00 |   |
159.31700 | -29.56744 |  3.435E+11 |  1.000E+00 |  2.198E-12 |  1.375E-13 |   56709.00 |   56709.00 |   |
159.31700 | -29.56744 |  2.350E+11 |  1.000E+00 |  1.716E-12 |  8.550E-14 |   56713.12 |   56713.12 |   |
159.31700 | -29.56744 |  9.146E+10 |  1.000E+00 |  1.088E-12 |  2.750E-14 |   56723.00 |   56723.00 |   |
159.31700 | -29.56744 |  1.035E+11 |  1.000E+00 |  1.211E-12 |  7.250E-14 |   56723.00 |   56723.00 |   |
159.31700 | -29.56744 |  1.078E+11 |  1.000E+00 |  1.159E-12 |  5.800E-14 |   56723.10 |   56723.10 |   |
159.31700 | -29.56744 |  2.330E+11 |  1.000E+00 |  1.841E-12 |  1.165E-13 |   56725.00 |   56725.00 |   |
159.31700 | -29.56744 |  9.146E+10 |  1.000E+00 |  1.134E-12 |  4.600E-14 |   56736.00 |   56736.00 |   |
159.31700 | -29.56744 |  1.035E+11 |  1.000E+00 |  1.283E-12 |  5.150E-14 |   56736.00 |   56736.00 |   |
159.31700 | -29.56744 |  3.435E+11 |  1.000E+00 |  2.164E-12 |  2.060E-13 |   56736.00 |   56736.00 |   |
159.31700 | -29.56744 |  9.146E+10 |  1.000E+00 |  1.171E-12 |  5.500E-14 |   56750.00 |   56750.00 |   |
159.31700 | -29.56744 |  1.035E+11 |  1.000E+00 |  1.325E-12 |  7.250E-14 |   56750.00 |   56750.00 |   |
159.31700 | -29.56744 |  3.435E+11 |  1.000E+00 |  2.095E-12 |  2.750E-13 |   56756.00 |   56756.00 |   |
159.31700 | -29.56744 |  3.435E+11 |  1.000E+00 |  2.267E-12 |  3.090E-13 |   56772.00 |   56772.00 |   |
159.31700 | -29.56744 |  1.035E+11 |  1.000E+00 |  1.294E-12 |  3.100E-14 |   56773.00 |   56773.00 |   |
159.31700 | -29.56744 |  9.146E+10 |  1.000E+00 |  1.162E-12 |  2.750E-14 |   56773.00 |   56773.00 |   |
159.31700 | -29.56744 |  2.330E+11 |  1.000E+00 |  2.027E-12 |  1.165E-13 |   56775.00 |   56775.00 |   |
159.31700 | -29.56744 |  3.435E+11 |  1.000E+00 |  2.370E-12 |  2.060E-13 |   56776.00 |   56776.00 |   |
159.31700 | -29.56744 |  9.146E+10 |  1.000E+00 |  1.143E-12 |  2.750E-14 |   56777.00 |   56777.00 |   |
159.31700 | -29.56744 |  1.035E+11 |  1.000E+00 |  1.273E-12 |  3.100E-14 |   56777.00 |   56777.00 |   |
159.31700 | -29.56744 |  2.330E+11 |  1.000E+00 |  2.097E-12 |  1.165E-13 |   56780.00 |   56780.00 |   |
159.31700 | -29.56744 |  9.146E+10 |  1.000E+00 |  1.162E-12 |  2.750E-14 |   56792.00 |   56792.00 |   |
159.31700 | -29.56744 |  1.035E+11 |  1.000E+00 |  1.294E-12 |  4.150E-14 |   56792.00 |   56792.00 |   |
159.31700 | -29.56744 |  3.435E+11 |  1.000E+00 |  2.267E-12 |  2.750E-13 |   56792.00 |   56792.00 |   |
159.31700 | -29.56744 |  1.035E+11 |  1.000E+00 |  1.232E-12 |  3.150E-14 |   56805.00 |   56805.00 |   |
159.31700 | -29.56744 |  9.146E+10 |  1.000E+00 |  1.107E-12 |  2.750E-14 |   56805.00 |   56805.00 |   |
159.31700 | -29.56744 |  3.435E+11 |  1.000E+00 |  2.164E-12 |  2.405E-13 |   56811.00 |   56811.00 |   |
159.31700 | -29.56744 |  1.035E+11 |  1.000E+00 |  1.325E-12 |  5.150E-14 |   56816.00 |   56816.00 |   |
159.31700 | -29.56744 |  3.435E+11 |  1.000E+00 |  1.820E-12 |  2.065E-13 |   56836.00 |   56836.00 |   |
159.31700 | -29.56744 |  9.146E+10 |  1.000E+00 |  1.033E-12 |  2.750E-14 |   56837.00 |   56837.00 |   |
159.31700 | -29.56744 |  1.035E+11 |  1.000E+00 |  1.138E-12 |  4.150E-14 |   56837.00 |   56837.00 |   |
159.31700 | -29.56744 |  3.435E+11 |  1.000E+00 |  1.786E-12 |  1.720E-13 |   56844.00 |   56844.00 |   |
159.31700 | -29.56744 |  9.146E+10 |  1.000E+00 |  1.015E-12 |  2.760E-14 |   56857.00 |   56857.00 |   |
159.31700 | -29.56744 |  1.035E+11 |  1.000E+00 |  1.169E-12 |  4.150E-14 |   56857.00 |   56857.00 |   |
159.31700 | -29.56744 |  2.353E+11 |  1.000E+00 |  1.542E-12 |  7.700E-14 |   56859.93 |   56859.93 |   |
159.31700 | -29.56744 |  2.330E+11 |  1.000E+00 |  1.305E-12 |  9.300E-14 |   56864.00 |   56864.00 |   |
159.31700 | -29.56744 |  3.435E+11 |  1.000E+00 |  1.580E-12 |  2.400E-13 |   56864.00 |   56864.00 |   |
159.31700 | -29.56744 |  3.435E+11 |  1.000E+00 |  1.683E-12 |  3.090E-13 |   56885.00 |   56885.00 |   |
159.31700 | -29.56744 |  1.035E+11 |  1.000E+00 |  9.004E-13 |  4.140E-14 |   56885.00 |   56885.00 |   |
159.31700 | -29.56744 |  9.146E+10 |  1.000E+00 |  8.414E-13 |  2.745E-14 |   56885.00 |   56885.00 |   |
159.31700 | -29.56744 |  9.146E+10 |  1.000E+00 |  8.780E-13 |  3.660E-14 |   56900.00 |   56900.00 |   |
159.31700 | -29.56744 |  9.146E+10 |  1.000E+00 |  8.780E-13 |  3.660E-14 |   56900.00 |   56900.00 |   |
159.31700 | -29.56744 |  1.035E+11 |  1.000E+00 |  9.728E-13 |  4.130E-14 |   56900.00 |   56900.00 |   |
159.31700 | -29.56744 |  9.146E+10 |  1.000E+00 |  8.689E-13 |  1.830E-14 |   56991.00 |   56991.00 |   |
159.31700 | -29.56744 |  1.035E+11 |  1.000E+00 |  9.625E-13 |  3.105E-14 |   56991.00 |   56991.00 |   |
159.31700 | -29.56744 |  3.435E+11 |  1.000E+00 |  1.614E-12 |  2.060E-13 |   56991.00 |   56991.00 |   |
159.31700 | -29.56744 |  1.035E+11 |  1.000E+00 |  9.314E-13 |  3.105E-14 |   56992.00 |   56992.00 |   |
159.31700 | -29.56744 |  9.146E+10 |  1.000E+00 |  8.323E-13 |  2.745E-14 |   56992.00 |   56992.00 |   |
159.31700 | -29.56744 |  1.035E+11 |  1.000E+00 |  9.211E-13 |  3.105E-14 |   56992.00 |   56992.00 |   |
159.31700 | -29.56744 |  9.146E+10 |  1.000E+00 |  8.323E-13 |  1.830E-14 |   56992.00 |   56992.00 |   |
159.31700 | -29.56744 |  2.330E+11 |  1.000E+00 |  1.375E-12 |  4.650E-14 |   56992.00 |   56992.00 |   |
159.31700 | -29.56744 |  1.141E+11 |  1.000E+00 |  1.122E-12 |  5.600E-14 |   56997.29 |   56997.29 |   |
159.31700 | -29.56744 |  1.142E+11 |  1.000E+00 |  1.030E-12 |  5.135E-14 |   56997.35 |   56997.35 |   |
159.31700 | -29.56744 |  1.076E+11 |  1.000E+00 |  1.057E-12 |  5.300E-14 |   56998.35 |   56998.35 |   |
159.31700 | -29.56744 |  3.435E+11 |  1.000E+00 |  1.752E-12 |  2.750E-13 |   56999.00 |   56999.00 |   |
159.31700 | -29.56744 |  2.230E+11 |  1.000E+00 |  1.419E-12 |  7.100E-14 |   56999.35 |   56999.35 |   |
159.31700 | -29.56744 |  1.035E+11 |  1.000E+00 |  1.066E-12 |  3.100E-14 |   57001.00 |   57001.00 |   |
159.31700 | -29.56744 |  9.146E+10 |  1.000E+00 |  9.329E-13 |  2.740E-14 |   57001.00 |   57001.00 |   |
159.31700 | -29.56744 |  2.351E+11 |  1.000E+00 |  1.560E-12 |  7.800E-14 |   57001.31 |   57001.31 |   |
159.31700 | -29.56744 |  2.351E+11 |  1.000E+00 |  1.561E-12 |  7.800E-14 |   57001.34 |   57001.34 |   |
159.31700 | -29.56744 |  3.435E+11 |  1.000E+00 |  1.978E-12 |  1.995E-13 |   57003.00 |   57003.00 |   |
159.31700 | -29.56744 |  3.435E+11 |  1.000E+00 |  1.962E-12 |  9.850E-14 |   57003.27 |   57003.27 |   |
159.31700 | -29.56744 |  3.435E+11 |  1.000E+00 |  1.996E-12 |  1.000E-13 |   57003.32 |   57003.32 |   |
159.31700 | -29.56744 |  6.517E+11 |  1.000E+00 |  2.300E-12 |  1.155E-13 |   57003.39 |   57003.39 |   |
159.31700 | -29.56744 |  3.435E+11 |  1.000E+00 |  1.820E-12 |  1.715E-13 |   57005.00 |   57005.00 |   |
159.31700 | -29.56744 |  2.256E+11 |  1.000E+00 |  1.476E-12 |  7.350E-14 |   57005.30 |   57005.30 |   |
159.31700 | -29.56744 |  9.146E+10 |  1.000E+00 |  8.689E-13 |  3.660E-14 |   57009.00 |   57009.00 |   |
159.31700 | -29.56744 |  1.035E+11 |  1.000E+00 |  9.728E-13 |  3.110E-14 |   57009.00 |   57009.00 |   |
159.31700 | -29.56744 |  3.435E+11 |  1.000E+00 |  1.855E-12 |  2.060E-13 |   57012.00 |   57012.00 |   |
159.31700 | -29.56744 |  3.657E+11 |  1.000E+00 |  1.929E-12 |  9.650E-14 |   57015.27 |   57015.27 |   |
159.31700 | -29.56744 |  3.353E+11 |  1.000E+00 |  1.882E-12 |  9.400E-14 |   57015.41 |   57015.41 |   |
159.31700 | -29.56744 |  3.657E+11 |  1.000E+00 |  1.842E-12 |  9.200E-14 |   57017.50 |   57017.50 |   |
159.31700 | -29.56744 |  2.256E+11 |  1.000E+00 |  1.656E-12 |  8.300E-14 |   57018.31 |   57018.31 |   |
159.31700 | -29.56744 |  2.400E+11 |  1.000E+00 |  1.589E-12 |  7.900E-14 |   57021.28 |   57021.28 |   |
159.31700 | -29.56744 |  3.448E+11 |  1.000E+00 |  1.936E-12 |  9.650E-14 |   57022.31 |   57022.31 |   |
159.31700 | -29.56744 |  3.181E+11 |  1.000E+00 |  1.833E-12 |  9.150E-14 |   57022.35 |   57022.35 |   |
159.31700 | -29.56744 |  3.114E+11 |  1.000E+00 |  1.835E-12 |  9.200E-14 |   57024.44 |   57024.44 |   |
159.31700 | -29.56744 |  3.435E+11 |  1.000E+00 |  1.992E-12 |  2.060E-13 |   57025.00 |   57025.00 |   |
159.31700 | -29.56744 |  2.262E+11 |  1.000E+00 |  2.077E-12 |  1.035E-13 |   57036.24 |   57036.24 |   |
159.31700 | -29.56744 |  2.330E+11 |  1.000E+00 |  1.934E-12 |  1.630E-13 |   57040.00 |   57040.00 |   |
159.31700 | -29.56744 |  2.291E+11 |  1.000E+00 |  1.960E-12 |  9.800E-14 |   57040.31 |   57040.31 |   |
159.31700 | -29.56744 |  9.146E+10 |  1.000E+00 |  1.180E-12 |  3.650E-14 |   57046.00 |   57046.00 |   |
159.31700 | -29.56744 |  9.146E+10 |  1.000E+00 |  1.116E-12 |  3.650E-14 |   57051.00 |   57051.00 |   |
159.31700 | -29.56744 |  9.146E+10 |  1.000E+00 |  1.098E-12 |  4.550E-14 |   57052.00 |   57052.00 |   |
159.31700 | -29.56744 |  1.035E+11 |  1.000E+00 |  1.252E-12 |  5.200E-14 |   57052.00 |   57052.00 |   |
159.31700 | -29.56744 |  9.146E+10 |  1.000E+00 |  1.098E-12 |  6.450E-14 |   57090.00 |   57090.00 |   |
159.31700 | -29.56744 |  9.146E+10 |  1.000E+00 |  1.180E-12 |  1.800E-14 |   57115.00 |   57115.00 |   |
159.31700 | -29.56744 |  1.035E+11 |  1.000E+00 |  1.335E-12 |  3.100E-14 |   57115.00 |   57115.00 |   |
159.31700 | -29.56744 |  3.435E+11 |  1.000E+00 |  2.233E-12 |  2.060E-13 |   57115.00 |   57115.00 |   |
159.31700 | -29.56744 |  3.353E+11 |  1.000E+00 |  2.388E-12 |  1.195E-13 |   57116.14 |   57116.14 |   |
159.31700 | -29.56744 |  3.353E+11 |  1.000E+00 |  2.354E-12 |  1.180E-13 |   57116.19 |   57116.19 |   |
159.31700 | -29.56744 |  2.636E+11 |  1.000E+00 |  1.949E-12 |  9.750E-14 |   57133.97 |   57133.97 |   |
159.31700 | -29.56744 |  9.146E+10 |  1.000E+00 |  1.098E-12 |  2.750E-14 |   57134.00 |   57134.00 |   |
159.31700 | -29.56744 |  1.035E+11 |  1.000E+00 |  1.263E-12 |  3.100E-14 |   57134.00 |   57134.00 |   |
159.31700 | -29.56744 |  2.330E+11 |  1.000E+00 |  1.758E-12 |  8.800E-14 |   57134.94 |   57134.94 |   |
159.31700 | -29.56744 |  1.040E+11 |  1.000E+00 |  1.264E-12 |  6.350E-14 |   57139.95 |   57139.95 |   |
159.31700 | -29.56744 |  3.656E+11 |  1.000E+00 |  2.280E-12 |  1.140E-13 |   57142.07 |   57142.07 |   |
159.31700 | -29.56744 |  3.656E+11 |  1.000E+00 |  2.259E-12 |  1.130E-13 |   57142.07 |   57142.07 |   |
159.31700 | -29.56744 |  2.330E+11 |  1.000E+00 |  1.766E-12 |  8.800E-14 |   57144.91 |   57144.91 |   |
159.31700 | -29.56744 |  2.260E+11 |  1.000E+00 |  1.816E-12 |  9.050E-14 |   57145.92 |   57145.92 |   |
159.31700 | -29.56744 |  3.435E+11 |  1.000E+00 |  1.992E-12 |  2.060E-13 |   57156.00 |   57156.00 |   |
159.31700 | -29.56744 |  1.035E+11 |  1.000E+00 |  1.138E-12 |  3.100E-14 |   57156.00 |   57156.00 |   |
159.31700 | -29.56744 |  3.305E+11 |  1.000E+00 |  2.116E-12 |  1.055E-13 |   57156.11 |   57156.11 |   |
159.31700 | -29.56744 |  9.654E+10 |  1.000E+00 |  1.079E-12 |  5.400E-14 |   57159.89 |   57159.89 |   |
159.31700 | -29.56744 |  1.450E+11 |  1.000E+00 |  1.334E-12 |  6.650E-14 |   57160.02 |   57160.02 |   |
159.31700 | -29.56744 |  1.450E+11 |  1.000E+00 |  1.337E-12 |  6.700E-14 |   57160.02 |   57160.02 |   |
159.31700 | -29.56744 |  3.355E+11 |  1.000E+00 |  1.974E-12 |  9.850E-14 |   57162.01 |   57162.01 |   |
159.31700 | -29.56744 |  3.355E+11 |  1.000E+00 |  1.962E-12 |  9.800E-14 |   57162.01 |   57162.01 |   |
159.31700 | -29.56744 |  3.355E+11 |  1.000E+00 |  1.988E-12 |  9.950E-14 |   57162.99 |   57162.99 |   |
159.31700 | -29.56744 |  3.355E+11 |  1.000E+00 |  1.975E-12 |  9.900E-14 |   57162.99 |   57162.99 |   |
159.31700 | -29.56744 |  3.220E+11 |  1.000E+00 |  1.717E-12 |  8.600E-14 |   57163.97 |   57163.97 |   |
159.31700 | -29.56744 |  2.330E+11 |  1.000E+00 |  1.561E-12 |  9.300E-14 |   57166.00 |   57166.00 |   |
159.31700 | -29.56744 |  9.750E+10 |  1.000E+00 |  9.555E-13 |  2.920E-14 |   57173.00 |   57173.00 |   |
159.31700 | -29.56744 |  3.435E+11 |  1.000E+00 |  1.752E-12 |  6.900E-14 |   57173.00 |   57173.00 |   |
159.31700 | -29.56744 |  2.330E+11 |  1.000E+00 |  1.514E-12 |  4.650E-14 |   57173.00 |   57173.00 |   |
159.31700 | -29.56744 |  9.146E+10 |  1.000E+00 |  8.872E-13 |  4.575E-14 |   57175.00 |   57175.00 |   |
159.31700 | -29.56744 |  3.435E+11 |  1.000E+00 |  1.683E-12 |  1.720E-13 |   57175.00 |   57175.00 |   |
159.31700 | -29.56744 |  1.035E+11 |  1.000E+00 |  9.935E-13 |  4.145E-14 |   57175.00 |   57175.00 |   |
159.31700 | -29.56744 |  9.329E+10 |  1.000E+00 |  9.012E-13 |  4.510E-14 |   57179.83 |   57179.83 |   |
159.31700 | -29.56744 |  2.872E+11 |  1.000E+00 |  1.492E-12 |  7.450E-14 |   57184.02 |   57184.02 |   |
159.31700 | -29.56744 |  2.429E+11 |  1.000E+00 |  1.293E-12 |  6.500E-14 |   57185.88 |   57185.88 |   |
159.31700 | -29.56744 |  2.353E+11 |  1.000E+00 |  1.297E-12 |  6.500E-14 |   57185.91 |   57185.91 |   |
159.31700 | -29.56744 |  9.146E+10 |  1.000E+00 |  7.957E-13 |  1.830E-14 |   57188.00 |   57188.00 |   |
159.31700 | -29.56744 |  3.447E+11 |  1.000E+00 |  1.381E-12 |  6.900E-14 |   57188.92 |   57188.92 |   |
159.31700 | -29.56744 |  3.435E+11 |  1.000E+00 |  1.305E-12 |  1.375E-13 |   57197.00 |   57197.00 |   |
159.31700 | -29.56744 |  1.035E+11 |  1.000E+00 |  8.383E-13 |  3.105E-14 |   57201.00 |   57201.00 |   |
159.31700 | -29.56744 |  1.035E+11 |  1.000E+00 |  8.590E-13 |  3.105E-14 |   57207.00 |   57207.00 |   |
159.31700 | -29.56744 |  1.035E+11 |  1.000E+00 |  8.486E-13 |  3.105E-14 |   57221.00 |   57221.00 |   |
159.31700 | -29.56744 |  9.146E+10 |  1.000E+00 |  7.500E-13 |  2.745E-14 |   57221.00 |   57221.00 |   |
159.31700 | -29.56744 |  3.435E+11 |  1.000E+00 |  1.546E-12 |  2.060E-13 |   57222.00 |   57222.00 |   |
159.31700 | -29.56744 |  3.435E+11 |  1.000E+00 |  1.511E-12 |  1.375E-13 |   57228.00 |   57228.00 |   |
159.31700 | -29.56744 |  1.035E+11 |  1.000E+00 |  8.693E-13 |  2.070E-14 |   57229.00 |   57229.00 |   |
159.31700 | -29.56744 |  3.435E+11 |  1.000E+00 |  1.683E-12 |  1.370E-13 |   57249.00 |   57249.00 |   |
159.31700 | -29.56744 |  9.146E+10 |  1.000E+00 |  8.140E-13 |  2.740E-14 |   57249.00 |   57249.00 |   |
159.31700 | -29.56744 |  1.035E+11 |  1.000E+00 |  9.107E-13 |  3.105E-14 |   57249.00 |   57249.00 |   |
159.31700 | -29.56744 |  3.435E+11 |  1.000E+00 |  1.786E-12 |  1.720E-13 |   57263.00 |   57263.00 |   |
159.31700 | -29.56744 |  1.035E+11 |  1.000E+00 |  9.832E-13 |  3.095E-14 |   57264.00 |   57264.00 |   |
159.31700 | -29.56744 |  9.146E+10 |  1.000E+00 |  8.780E-13 |  4.570E-14 |   57270.00 |   57270.00 |   |
159.31700 | -29.56744 |  2.583E+11 |  1.000E+00 |  1.574E-12 |  7.900E-14 |   57270.59 |   57270.59 |   |
159.31700 | -29.56744 |  9.146E+10 |  1.000E+00 |  8.780E-13 |  3.660E-14 |   57284.00 |   57284.00 |   |
159.31700 | -29.56744 |  1.035E+11 |  1.000E+00 |  9.935E-13 |  4.145E-14 |   57284.00 |   57284.00 |   |
159.31700 | -29.56744 |  3.435E+11 |  1.000E+00 |  1.855E-12 |  2.060E-13 |   57291.00 |   57291.00 |   |
159.31700 | -29.56744 |  2.583E+11 |  1.000E+00 |  1.718E-12 |  8.600E-14 |   57291.48 |   57291.48 |   |
159.31700 | -29.56744 |  2.583E+11 |  1.000E+00 |  1.721E-12 |  8.600E-14 |   57291.65 |   57291.65 |   |
159.31700 | -29.56744 |  2.429E+11 |  1.000E+00 |  1.606E-12 |  8.000E-14 |   57291.74 |   57291.74 |   |
159.31700 | -29.56744 |  2.429E+11 |  1.000E+00 |  1.666E-12 |  8.350E-14 |   57291.74 |   57291.74 |   |
159.31700 | -29.56744 |  9.146E+10 |  1.000E+00 |  9.055E-13 |  2.745E-14 |   57292.00 |   57292.00 |   |
159.31700 | -29.56744 |  1.035E+11 |  1.000E+00 |  1.035E-12 |  3.100E-14 |   57292.00 |   57292.00 |   |
159.31700 | -29.56744 |  3.435E+11 |  1.000E+00 |  2.164E-12 |  1.370E-13 |   57310.00 |   57310.00 |   |
159.31700 | -29.56744 |  2.330E+11 |  1.000E+00 |  1.654E-12 |  1.630E-13 |   57310.00 |   57310.00 |   |
159.31700 | -29.56744 |  9.146E+10 |  1.000E+00 |  9.512E-13 |  2.745E-14 |   57327.00 |   57327.00 |   |
159.31700 | -29.56744 |  3.435E+11 |  1.000E+00 |  1.889E-12 |  1.720E-13 |   57327.00 |   57327.00 |   |
159.31700 | -29.56744 |  9.146E+10 |  1.000E+00 |  8.506E-13 |  2.745E-14 |   57331.00 |   57331.00 |   |
159.31700 | -29.56744 |  1.035E+11 |  1.000E+00 |  9.625E-13 |  4.145E-14 |   57331.00 |   57331.00 |   |
159.31700 | -29.56744 |  3.435E+11 |  1.000E+00 |  1.786E-12 |  1.030E-13 |   57336.00 |   57336.00 |   |
159.31700 | -29.56744 |  2.410E+11 |  1.000E+00 |  1.615E-12 |  7.250E-14 |   57336.00 |   57336.00 |   |
159.31700 | -29.56744 |  2.330E+11 |  1.000E+00 |  1.654E-12 |  1.165E-13 |   57341.00 |   57341.00 |   |
159.31700 | -29.56744 |  2.330E+11 |  1.000E+00 |  1.724E-12 |  7.000E-14 |   57343.00 |   57343.00 |   |
159.31700 | -29.56744 |  9.146E+10 |  1.000E+00 |  1.079E-12 |  2.750E-14 |   57348.00 |   57348.00 |   |
159.31700 | -29.56744 |  3.508E+11 |  1.000E+00 |  2.196E-12 |  1.095E-13 |   57349.52 |   57349.52 |   |
159.31700 | -29.56744 |  3.435E+11 |  1.000E+00 |  2.095E-12 |  2.060E-13 |   57350.00 |   57350.00 |   |
159.31700 | -29.56744 |  2.330E+11 |  1.000E+00 |  1.678E-12 |  9.350E-14 |   57351.00 |   57351.00 |   |
159.31700 | -29.56744 |  9.146E+10 |  1.000E+00 |  1.070E-12 |  3.700E-14 |   57351.00 |   57351.00 |   |
159.31700 | -29.56744 |  9.150E+10 |  1.000E+00 |  1.151E-12 |  5.800E-14 |   57356.00 |   57356.00 |   |
159.31700 | -29.56744 |  1.035E+11 |  1.000E+00 |  1.258E-12 |  6.350E-14 |   57356.00 |   57356.00 |   |
159.31700 | -29.56744 |  2.330E+11 |  1.000E+00 |  1.773E-12 |  8.850E-14 |   57357.32 |   57357.32 |   |
159.31700 | -29.56744 |  3.508E+11 |  1.000E+00 |  2.262E-12 |  1.130E-13 |   57357.39 |   57357.39 |   |
159.31700 | -29.56744 |  1.450E+11 |  1.000E+00 |  1.379E-12 |  6.900E-14 |   57358.37 |   57358.37 |   |
159.31700 | -29.56744 |  9.150E+10 |  1.000E+00 |  1.144E-12 |  1.085E-13 |   57359.00 |   57359.00 |   |
159.31700 | -29.56744 |  1.035E+11 |  1.000E+00 |  1.242E-12 |  1.180E-13 |   57359.00 |   57359.00 |   |
159.31700 | -29.56744 |  3.435E+11 |  1.000E+00 |  2.061E-12 |  4.020E-13 |   57359.00 |   57359.00 |   |
159.31700 | -29.56744 |  9.146E+10 |  1.000E+00 |  1.043E-12 |  2.750E-14 |   57362.00 |   57362.00 |   |
159.31700 | -29.56744 |  1.035E+11 |  1.000E+00 |  1.149E-12 |  3.100E-14 |   57362.00 |   57362.00 |   |
159.31700 | -29.56744 |  2.355E+11 |  1.000E+00 |  1.826E-12 |  9.150E-14 |   57362.30 |   57362.30 |   |
159.31700 | -29.56744 |  9.146E+10 |  1.000E+00 |  1.180E-12 |  3.650E-14 |   57364.00 |   57364.00 |   |
159.31700 | -29.56744 |  9.150E+10 |  1.000E+00 |  1.244E-12 |  1.185E-13 |   57367.00 |   57367.00 |   |
159.31700 | -29.56744 |  1.035E+11 |  1.000E+00 |  1.325E-12 |  1.260E-13 |   57367.00 |   57367.00 |   |
159.31700 | -29.56744 |  1.035E+11 |  1.000E+00 |  1.201E-12 |  1.140E-13 |   57377.00 |   57377.00 |   |
159.31700 | -29.56744 |  3.435E+11 |  1.000E+00 |  2.301E-12 |  4.490E-13 |   57377.00 |   57377.00 |   |
159.31700 | -29.56744 |  9.150E+10 |  1.000E+00 |  1.135E-12 |  1.075E-13 |   57377.00 |   57377.00 |   |
159.31700 | -29.56744 |  9.150E+10 |  1.000E+00 |  1.043E-12 |  9.900E-14 |   57378.00 |   57378.00 |   |
159.31700 | -29.56744 |  9.150E+10 |  1.000E+00 |  1.089E-12 |  1.032E-13 |   57378.00 |   57378.00 |   |
159.31700 | -29.56744 |  1.035E+11 |  1.000E+00 |  1.149E-12 |  1.090E-13 |   57378.00 |   57378.00 |   |
159.31700 | -29.56744 |  3.435E+11 |  1.000E+00 |  1.580E-12 |  3.080E-13 |   57378.00 |   57378.00 |   |
159.31700 | -29.56744 |  3.435E+11 |  1.000E+00 |  2.198E-12 |  4.285E-13 |   57378.00 |   57378.00 |   |
159.31700 | -29.56744 |  1.035E+11 |  1.000E+00 |  1.097E-12 |  1.041E-13 |   57378.00 |   57378.00 |   |
159.31700 | -29.56744 |  1.035E+11 |  1.000E+00 |  1.190E-12 |  1.130E-13 |   57379.00 |   57379.00 |   |
159.31700 | -29.56744 |  2.330E+11 |  1.000E+00 |  1.911E-12 |  2.770E-13 |   57379.00 |   57379.00 |   |
159.31700 | -29.56744 |  9.150E+10 |  1.000E+00 |  1.089E-12 |  1.032E-13 |   57379.00 |   57379.00 |   |
159.31700 | -29.56744 |  1.035E+11 |  1.000E+00 |  1.138E-12 |  1.085E-13 |   57379.00 |   57379.00 |   |
159.31700 | -29.56744 |  9.150E+10 |  1.000E+00 |  1.125E-12 |  1.065E-13 |   57379.00 |   57379.00 |   |
159.31700 | -29.56744 |  9.150E+10 |  1.000E+00 |  1.080E-12 |  1.025E-13 |   57380.00 |   57380.00 |   |
159.31700 | -29.56744 |  1.035E+11 |  1.000E+00 |  1.138E-12 |  1.085E-13 |   57380.00 |   57380.00 |   |
159.31700 | -29.56744 |  2.330E+11 |  1.000E+00 |  1.724E-12 |  2.500E-13 |   57380.00 |   57380.00 |   |
159.31700 | -29.56744 |  2.330E+11 |  1.000E+00 |  1.724E-12 |  2.500E-13 |   57381.00 |   57381.00 |   |
159.31700 | -29.56744 |  1.035E+11 |  1.000E+00 |  1.159E-12 |  1.100E-13 |   57381.00 |   57381.00 |   |
159.31700 | -29.56744 |  9.150E+10 |  1.000E+00 |  1.098E-12 |  1.041E-13 |   57381.00 |   57381.00 |   |
159.31700 | -29.56744 |  2.330E+11 |  1.000E+00 |  1.747E-12 |  9.350E-14 |   57384.00 |   57384.00 |   |
159.31700 | -29.56744 |  1.035E+11 |  1.000E+00 |  1.232E-12 |  4.150E-14 |   57384.00 |   57384.00 |   |
159.31700 | -29.56744 |  3.435E+11 |  1.000E+00 |  2.130E-12 |  1.030E-13 |   57385.00 |   57385.00 |   |
159.31700 | -29.56744 |  1.035E+11 |  1.000E+00 |  1.273E-12 |  1.210E-13 |   57385.00 |   57385.00 |   |
159.31700 | -29.56744 |  3.435E+11 |  1.000E+00 |  2.198E-12 |  4.285E-13 |   57385.00 |   57385.00 |   |
159.31700 | -29.56744 |  9.150E+10 |  1.000E+00 |  1.153E-12 |  1.095E-13 |   57385.00 |   57385.00 |   |
159.31700 | -29.56744 |  2.619E+11 |  1.000E+00 |  1.858E-12 |  9.300E-14 |   57392.21 |   57392.21 |   |
159.31700 | -29.56744 |  1.075E+11 |  1.000E+00 |  1.402E-12 |  7.050E-14 |   57394.26 |   57394.26 |   |
159.31700 | -29.56744 |  3.375E+11 |  1.000E+00 |  2.025E-12 |  2.025E-13 |   57397.00 |   57397.00 |   |
159.31700 | -29.56744 |  3.375E+11 |  1.000E+00 |  2.295E-12 |  1.685E-13 |   57397.00 |   57397.00 |   |
159.31700 | -29.56744 |  9.146E+10 |  1.000E+00 |  1.216E-12 |  5.450E-14 |   57397.00 |   57397.00 |   |
159.31700 | -29.56744 |  9.146E+10 |  1.000E+00 |  1.088E-12 |  3.650E-14 |   57397.00 |   57397.00 |   |
159.31700 | -29.56744 |  2.330E+11 |  1.000E+00 |  1.678E-12 |  1.165E-13 |   57398.00 |   57398.00 |   |
159.31700 | -29.56744 |  1.508E+11 |  1.000E+00 |  1.465E-12 |  7.300E-14 |   57403.22 |   57403.22 |   |
159.31700 | -29.56744 |  1.508E+11 |  1.000E+00 |  1.563E-12 |  7.850E-14 |   57403.27 |   57403.27 |   |
159.31700 | -29.56744 |  1.508E+11 |  1.000E+00 |  1.546E-12 |  7.750E-14 |   57403.32 |   57403.32 |   |
159.31700 | -29.56744 |  9.146E+10 |  1.000E+00 |  1.134E-12 |  4.600E-14 |   57408.00 |   57408.00 |   |
159.31700 | -29.56744 |  9.146E+10 |  1.000E+00 |  1.134E-12 |  6.400E-14 |   57408.00 |   57408.00 |   |
159.31700 | -29.56744 |  2.330E+11 |  1.000E+00 |  1.678E-12 |  6.950E-14 |   57409.00 |   57409.00 |   |
159.31700 | -29.56744 |  9.146E+10 |  1.000E+00 |  1.189E-12 |  4.600E-14 |   57412.00 |   57412.00 |   |
159.31700 | -29.56744 |  1.035E+11 |  1.000E+00 |  1.294E-12 |  6.200E-14 |   57412.00 |   57412.00 |   |
159.31700 | -29.56744 |  3.435E+11 |  1.000E+00 |  2.542E-12 |  2.750E-13 |   57412.00 |   57412.00 |   |
159.31700 | -29.56744 |  9.146E+10 |  1.000E+00 |  1.107E-12 |  3.650E-14 |   57449.00 |   57449.00 |   |
159.31700 | -29.56744 |  1.035E+11 |  1.000E+00 |  1.480E-12 |  7.200E-14 |   57449.00 |   57449.00 |   |
159.31700 | -29.56744 |  9.150E+10 |  1.000E+00 |  1.272E-12 |  6.400E-14 |   57449.00 |   57449.00 |   |
159.31700 | -29.56744 |  9.146E+10 |  1.000E+00 |  1.116E-12 |  5.500E-14 |   57449.00 |   57449.00 |   |
159.31700 | -29.56744 |  1.035E+11 |  1.000E+00 |  1.273E-12 |  5.200E-14 |   57449.00 |   57449.00 |   |
159.31700 | -29.56744 |  9.146E+10 |  1.000E+00 |  1.107E-12 |  3.650E-14 |   57449.00 |   57449.00 |   |
159.31700 | -29.56744 |  1.035E+11 |  1.000E+00 |  1.273E-12 |  5.200E-14 |   57449.00 |   57449.00 |   |
159.31700 | -29.56744 |  1.035E+11 |  1.000E+00 |  1.283E-12 |  6.200E-14 |   57449.00 |   57449.00 |   |
159.31700 | -29.56744 |  3.435E+11 |  1.000E+00 |  2.885E-12 |  1.715E-13 |   57450.00 |   57450.00 |   |
159.31700 | -29.56744 |  9.150E+10 |  1.000E+00 |  1.189E-12 |  6.450E-14 |   57450.00 |   57450.00 |   |
159.31700 | -29.56744 |  1.035E+11 |  1.000E+00 |  1.252E-12 |  6.200E-14 |   57450.00 |   57450.00 |   |
159.31700 | -29.56744 |  1.330E+11 |  1.000E+00 |  1.436E-12 |  7.200E-14 |   57453.22 |   57453.22 |   |
159.31700 | -29.56744 |  9.146E+10 |  1.000E+00 |  1.098E-12 |  4.550E-14 |   57455.00 |   57455.00 |   |
159.31700 | -29.56744 |  1.035E+11 |  1.000E+00 |  1.232E-12 |  5.150E-14 |   57455.00 |   57455.00 |   |
159.31700 | -29.56744 |  3.216E+11 |  1.000E+00 |  1.892E-12 |  9.450E-14 |   57455.14 |   57455.14 |   |
159.31700 | -29.56744 |  3.216E+11 |  1.000E+00 |  2.113E-12 |  1.055E-13 |   57455.20 |   57455.20 |   |
159.31700 | -29.56744 |  9.150E+10 |  1.000E+00 |  1.208E-12 |  6.400E-14 |   57457.00 |   57457.00 |   |
159.31700 | -29.56744 |  3.435E+11 |  1.000E+00 |  1.821E-12 |  1.035E-13 |   57457.00 |   57457.00 |   |
159.31700 | -29.56744 |  1.035E+11 |  1.000E+00 |  1.397E-12 |  7.250E-14 |   57457.00 |   57457.00 |   |
159.31700 | -29.56744 |  9.146E+10 |  1.000E+00 |  1.116E-12 |  3.650E-14 |   57461.00 |   57461.00 |   |
159.31700 | -29.56744 |  1.035E+11 |  1.000E+00 |  1.242E-12 |  4.150E-14 |   57461.00 |   57461.00 |   |
159.31700 | -29.56744 |  3.435E+11 |  1.000E+00 |  2.233E-12 |  1.715E-13 |   57461.00 |   57461.00 |   |
159.31700 | -29.56744 |  1.035E+11 |  1.000E+00 |  1.283E-12 |  4.150E-14 |   57462.00 |   57462.00 |   |
159.31700 | -29.56744 |  9.146E+10 |  1.000E+00 |  1.125E-12 |  3.700E-14 |   57462.00 |   57462.00 |   |
159.31700 | -29.56744 |  9.508E+10 |  1.000E+00 |  1.235E-12 |  6.150E-14 |   57464.18 |   57464.18 |   |
159.31700 | -29.56744 |  9.507E+10 |  1.000E+00 |  1.234E-12 |  6.200E-14 |   57466.06 |   57466.06 |   |
159.31700 | -29.56744 |  8.903E+10 |  1.000E+00 |  1.189E-12 |  5.950E-14 |   57466.09 |   57466.09 |   |
159.31700 | -29.56744 |  2.242E+11 |  1.000E+00 |  1.768E-12 |  8.850E-14 |   57468.10 |   57468.10 |   |
159.31700 | -29.56744 |  2.345E+11 |  1.000E+00 |  1.947E-12 |  9.750E-14 |   57469.03 |   57469.03 |   |
159.31700 | -29.56744 |  2.330E+11 |  1.000E+00 |  1.939E-12 |  9.650E-14 |   57469.08 |   57469.08 |   |
159.31700 | -29.56744 |  2.330E+11 |  1.000E+00 |  1.799E-12 |  9.000E-14 |   57469.16 |   57469.16 |   |
159.31700 | -29.56744 |  1.035E+11 |  1.000E+00 |  1.265E-12 |  1.200E-13 |   57472.00 |   57472.00 |   |
159.31700 | -29.56744 |  9.150E+10 |  1.000E+00 |  1.202E-12 |  1.145E-13 |   57472.00 |   57472.00 |   |
159.31700 | -29.56744 |  3.435E+11 |  1.000E+00 |  2.126E-12 |  4.145E-13 |   57472.00 |   57472.00 |   |
159.31700 | -29.56744 |  2.330E+11 |  1.000E+00 |  1.934E-12 |  9.300E-14 |   57474.00 |   57474.00 |   |
159.31700 | -29.56744 |  9.146E+10 |  1.000E+00 |  1.162E-12 |  3.650E-14 |   57474.00 |   57474.00 |   |
159.31700 | -29.56744 |  9.750E+10 |  1.000E+00 |  1.228E-12 |  5.850E-14 |   57474.00 |   57474.00 |   |
159.31700 | -29.56744 |  3.430E+11 |  1.000E+00 |  2.367E-12 |  1.375E-13 |   57474.00 |   57474.00 |   |
159.31700 | -29.56744 |  3.435E+11 |  1.000E+00 |  1.855E-12 |  1.375E-13 |   57476.00 |   57476.00 |   |
159.31700 | -29.56744 |  1.035E+11 |  1.000E+00 |  1.211E-12 |  3.100E-14 |   57476.00 |   57476.00 |   |
159.31700 | -29.56744 |  9.146E+10 |  1.000E+00 |  1.079E-12 |  2.750E-14 |   57476.00 |   57476.00 |   |
159.31700 | -29.56744 |  1.035E+11 |  1.000E+00 |  1.211E-12 |  3.100E-14 |   57476.00 |   57476.00 |   |
159.31700 | -29.56744 |  9.146E+10 |  1.000E+00 |  1.079E-12 |  2.750E-14 |   57476.00 |   57476.00 |   |
159.31700 | -29.56744 |  9.146E+10 |  1.000E+00 |  1.079E-12 |  5.500E-14 |   57485.00 |   57485.00 |   |
159.31700 | -29.56744 |  1.035E+11 |  1.000E+00 |  1.211E-12 |  5.200E-14 |   57485.00 |   57485.00 |   |
159.31700 | -29.56744 |  3.435E+11 |  1.000E+00 |  1.580E-12 |  1.370E-13 |   57487.00 |   57487.00 |   |
159.31700 | -29.56744 |  9.146E+10 |  1.000E+00 |  1.088E-12 |  3.650E-14 |   57487.00 |   57487.00 |   |
159.31700 | -29.56744 |  1.035E+11 |  1.000E+00 |  1.211E-12 |  4.150E-14 |   57487.00 |   57487.00 |   |
159.31700 | -29.56744 |  9.146E+10 |  1.000E+00 |  1.061E-12 |  3.700E-14 |   57492.00 |   57492.00 |   |
159.31700 | -29.56744 |  1.035E+11 |  1.000E+00 |  1.190E-12 |  5.200E-14 |   57492.00 |   57492.00 |   |
159.31700 | -29.56744 |  9.146E+10 |  1.000E+00 |  1.079E-12 |  2.750E-14 |   57500.00 |   57500.00 |   |
159.31700 | -29.56744 |  1.035E+11 |  1.000E+00 |  1.200E-12 |  3.150E-14 |   57500.00 |   57500.00 |   |
159.31700 | -29.56744 |  3.435E+11 |  1.000E+00 |  1.649E-12 |  1.375E-13 |   57500.00 |   57500.00 |   |
159.31700 | -29.56744 |  3.414E+11 |  1.000E+00 |  1.767E-12 |  8.850E-14 |   57500.01 |   57500.01 |   |
159.31700 | -29.56744 |  9.150E+10 |  1.000E+00 |  1.008E-12 |  5.050E-14 |   57504.00 |   57504.00 |   |
159.31700 | -29.56744 |  1.035E+11 |  1.000E+00 |  1.128E-12 |  5.700E-14 |   57504.00 |   57504.00 |   |
159.31700 | -29.56744 |  3.382E+11 |  1.000E+00 |  1.681E-12 |  8.400E-14 |   57505.04 |   57505.04 |   |
159.31700 | -29.56744 |  9.150E+10 |  1.000E+00 |  1.047E-12 |  5.220E-14 |   57506.00 |   57506.00 |   |
159.31700 | -29.56744 |  3.435E+11 |  1.000E+00 |  1.724E-12 |  2.715E-13 |   57507.00 |   57507.00 |   |
159.31700 | -29.56744 |  1.035E+11 |  1.000E+00 |  1.090E-12 |  5.500E-14 |   57507.00 |   57507.00 |   |
159.31700 | -29.56744 |  9.150E+10 |  1.000E+00 |  9.845E-13 |  4.945E-14 |   57507.00 |   57507.00 |   |
159.31700 | -29.56744 |  1.507E+11 |  1.000E+00 |  1.243E-12 |  6.250E-14 |   57507.01 |   57507.01 |   |
159.31700 | -29.56744 |  1.507E+11 |  1.000E+00 |  1.283E-12 |  6.450E-14 |   57507.06 |   57507.06 |   |
159.31700 | -29.56744 |  3.435E+11 |  1.000E+00 |  1.683E-12 |  1.720E-13 |   57508.00 |   57508.00 |   |
159.31700 | -29.56744 |  1.035E+11 |  1.000E+00 |  1.097E-12 |  5.200E-14 |   57508.00 |   57508.00 |   |
159.31700 | -29.56744 |  9.146E+10 |  1.000E+00 |  9.786E-13 |  4.555E-14 |   57508.00 |   57508.00 |   |
159.31700 | -29.56744 |  3.435E+11 |  1.000E+00 |  1.755E-12 |  1.615E-13 |   57510.00 |   57510.00 |   |
159.31700 | -29.56744 |  1.035E+11 |  1.000E+00 |  1.149E-12 |  5.800E-14 |   57510.00 |   57510.00 |   |
159.31700 | -29.56744 |  9.150E+10 |  1.000E+00 |  1.028E-12 |  5.135E-14 |   57510.00 |   57510.00 |   |
159.31700 | -29.56744 |  2.369E+11 |  1.000E+00 |  1.574E-12 |  7.850E-14 |   57510.04 |   57510.04 |   |
159.31700 | -29.56744 |  2.296E+11 |  1.000E+00 |  1.568E-12 |  7.800E-14 |   57510.99 |   57510.99 |   |
159.31700 | -29.56744 |  1.035E+11 |  1.000E+00 |  1.107E-12 |  5.550E-14 |   57511.00 |   57511.00 |   |
159.31700 | -29.56744 |  9.150E+10 |  1.000E+00 |  9.928E-13 |  4.930E-14 |   57511.00 |   57511.00 |   |
159.31700 | -29.56744 |  2.358E+11 |  1.000E+00 |  1.424E-12 |  7.100E-14 |   57511.96 |   57511.96 |   |
159.31700 | -29.56744 |  9.150E+10 |  1.000E+00 |  9.452E-13 |  4.760E-14 |   57512.00 |   57512.00 |   |
159.31700 | -29.56744 |  1.035E+11 |  1.000E+00 |  1.051E-12 |  5.265E-14 |   57512.00 |   57512.00 |   |
159.31700 | -29.56744 |  3.435E+11 |  1.000E+00 |  1.474E-12 |  2.435E-13 |   57512.00 |   57512.00 |   |
159.31700 | -29.56744 |  9.146E+10 |  1.000E+00 |  1.033E-12 |  3.655E-14 |   57521.00 |   57521.00 |   |
159.31700 | -29.56744 |  1.035E+11 |  1.000E+00 |  1.159E-12 |  4.100E-14 |   57521.00 |   57521.00 |   |
159.31700 | -29.56744 |  3.435E+11 |  1.000E+00 |  1.752E-12 |  1.715E-13 |   57521.00 |   57521.00 |   |
159.31700 | -29.56744 |  2.330E+11 |  1.000E+00 |  1.468E-12 |  9.300E-14 |   57523.00 |   57523.00 |   |
159.31700 | -29.56744 |  9.146E+10 |  1.000E+00 |  1.033E-12 |  4.560E-14 |   57532.00 |   57532.00 |   |
159.31700 | -29.56744 |  1.035E+11 |  1.000E+00 |  1.149E-12 |  5.150E-14 |   57532.00 |   57532.00 |   |
159.31700 | -29.56744 |  9.146E+10 |  1.000E+00 |  1.061E-12 |  3.700E-14 |   57532.00 |   57532.00 |   |
159.31700 | -29.56744 |  1.015E+11 |  1.000E+00 |  1.157E-12 |  5.800E-14 |   57536.80 |   57536.80 |   |
159.31700 | -29.56744 |  1.310E+11 |  1.000E+00 |  1.266E-12 |  6.300E-14 |   57540.00 |   57540.00 |   |
159.31700 | -29.56744 |  1.310E+11 |  1.000E+00 |  1.296E-12 |  6.450E-14 |   57540.07 |   57540.07 |   |
159.31700 | -29.56744 |  9.146E+10 |  1.000E+00 |  1.033E-12 |  2.750E-14 |   57548.00 |   57548.00 |   |
159.31700 | -29.56744 |  9.146E+10 |  1.000E+00 |  9.695E-13 |  4.565E-14 |   57550.00 |   57550.00 |   |
159.31700 | -29.56744 |  3.435E+11 |  1.000E+00 |  1.786E-12 |  1.720E-13 |   57550.00 |   57550.00 |   |
159.31700 | -29.56744 |  8.586E+10 |  1.000E+00 |  1.538E-12 |  7.700E-14 |   57551.95 |   57551.95 |   |
159.31700 | -29.56744 |  9.146E+10 |  1.000E+00 |  9.420E-13 |  3.655E-14 |   57562.00 |   57562.00 |   |
159.31700 | -29.56744 |  9.146E+10 |  1.000E+00 |  8.963E-13 |  2.740E-14 |   57565.00 |   57565.00 |   |
159.31700 | -29.56744 |  1.035E+11 |  1.000E+00 |  1.014E-12 |  3.090E-14 |   57565.00 |   57565.00 |   |
159.31700 | -29.56744 |  3.435E+11 |  1.000E+00 |  1.820E-12 |  1.715E-13 |   57565.00 |   57565.00 |   |
159.31700 | -29.56744 |  3.435E+11 |  1.000E+00 |  1.931E-12 |  9.650E-14 |   57569.94 |   57569.94 |   |
159.31700 | -29.56744 |  9.146E+10 |  1.000E+00 |  8.780E-13 |  2.745E-14 |   57575.00 |   57575.00 |   |
159.31700 | -29.56744 |  9.146E+10 |  1.000E+00 |  8.780E-13 |  2.745E-14 |   57575.00 |   57575.00 |   |
159.31700 | -29.56744 |  3.435E+11 |  1.000E+00 |  1.992E-12 |  1.720E-13 |   57575.00 |   57575.00 |   |
159.31700 | -29.56744 |  3.435E+11 |  1.000E+00 |  1.958E-12 |  1.375E-13 |   57575.00 |   57575.00 |   |
159.31700 | -29.56744 |  3.058E+11 |  1.000E+00 |  1.849E-12 |  9.250E-14 |   57583.86 |   57583.86 |   |
159.31700 | -29.56744 |  1.035E+11 |  1.000E+00 |  9.728E-13 |  4.130E-14 |   57590.00 |   57590.00 |   |
159.31700 | -29.56744 |  2.217E+11 |  1.000E+00 |  1.325E-12 |  6.650E-14 |   57590.66 |   57590.66 |   |
159.31700 | -29.56744 |  3.375E+11 |  1.000E+00 |  1.552E-12 |  1.350E-13 |   57592.00 |   57592.00 |   |
159.31700 | -29.56744 |  9.146E+10 |  1.000E+00 |  9.055E-13 |  4.575E-14 |   57592.00 |   57592.00 |   |
159.31700 | -29.56744 |  3.435E+11 |  1.000E+00 |  1.717E-12 |  1.715E-13 |   57597.00 |   57597.00 |   |
159.31700 | -29.56744 |  9.146E+10 |  1.000E+00 |  8.963E-13 |  3.660E-14 |   57597.00 |   57597.00 |   |
159.31700 | -29.56744 |  1.136E+11 |  1.000E+00 |  9.944E-13 |  4.965E-14 |   57600.73 |   57600.73 |   |
159.31700 | -29.56744 |  1.075E+11 |  1.000E+00 |  9.799E-13 |  4.905E-14 |   57600.80 |   57600.80 |   |
159.31700 | -29.56744 |  1.136E+11 |  1.000E+00 |  1.043E-12 |  5.195E-14 |   57602.76 |   57602.76 |   |
159.31700 | -29.56744 |  9.146E+10 |  1.000E+00 |  9.329E-13 |  3.660E-14 |   57604.00 |   57604.00 |   |
159.31700 | -29.56744 |  9.146E+10 |  1.000E+00 |  9.786E-13 |  4.555E-14 |   57611.00 |   57611.00 |   |
159.31700 | -29.56744 |  9.508E+10 |  1.000E+00 |  9.969E-13 |  5.000E-14 |   57611.69 |   57611.69 |   |
159.31700 | -29.56744 |  9.507E+10 |  1.000E+00 |  1.023E-12 |  5.115E-14 |   57611.72 |   57611.72 |   |
159.31700 | -29.56744 |  1.071E+11 |  1.000E+00 |  1.080E-12 |  5.400E-14 |   57613.77 |   57613.77 |   |
159.31700 | -29.56744 |  9.146E+10 |  1.000E+00 |  1.043E-12 |  1.850E-14 |   57621.00 |   57621.00 |   |
159.31700 | -29.56744 |  3.435E+11 |  1.000E+00 |  1.820E-12 |  1.375E-13 |   57621.00 |   57621.00 |   |
159.31700 | -29.56744 |  9.146E+10 |  1.000E+00 |  1.061E-12 |  4.600E-14 |   57630.00 |   57630.00 |   |
159.31700 | -29.56744 |  3.414E+11 |  1.000E+00 |  1.820E-12 |  9.150E-14 |   57632.57 |   57632.57 |   |
159.31700 | -29.56744 |  9.146E+10 |  1.000E+00 |  1.052E-12 |  3.650E-14 |   57634.00 |   57634.00 |   |
159.31700 | -29.56744 |  9.146E+10 |  1.000E+00 |  9.695E-13 |  4.565E-14 |   57638.00 |   57638.00 |   |
159.31700 | -29.56744 |  9.146E+10 |  1.000E+00 |  1.015E-12 |  3.670E-14 |   57646.00 |   57646.00 |   |
159.31700 | -29.56744 |  3.414E+11 |  1.000E+00 |  2.022E-12 |  1.010E-13 |   57646.55 |   57646.55 |   |
159.31700 | -29.56744 |  2.264E+11 |  1.000E+00 |  1.603E-12 |  8.000E-14 |   57648.59 |   57648.59 |   |
159.31700 | -29.56744 |  2.264E+11 |  1.000E+00 |  1.603E-12 |  8.000E-14 |   57649.57 |   57649.57 |   |
159.31700 | -29.56744 |  9.749E+10 |  1.000E+00 |  9.475E-13 |  4.735E-14 |   57655.59 |   57655.59 |   |
159.31700 | -29.56744 |  1.072E+11 |  1.000E+00 |  1.020E-12 |  5.105E-14 |   57655.61 |   57655.61 |   |
159.31700 | -29.56744 |  9.749E+10 |  1.000E+00 |  9.694E-13 |  4.855E-14 |   57655.77 |   57655.77 |   |
159.31700 | -29.56744 |  4.844E+11 |  1.000E+00 |  2.044E-12 |  1.025E-13 |   57656.54 |   57656.54 |   |
159.31700 | -29.56744 |  9.957E+10 |  1.000E+00 |  1.057E-12 |  5.250E-14 |   57663.47 |   57663.47 |   |
159.31700 | -29.56744 |  9.336E+10 |  1.000E+00 |  1.018E-12 |  5.070E-14 |   57663.51 |   57663.51 |   |
159.31700 | -29.56744 |  3.435E+11 |  1.000E+00 |  2.027E-12 |  1.715E-13 |   57667.00 |   57667.00 |   |
159.31700 | -29.56744 |  9.146E+10 |  1.000E+00 |  1.033E-12 |  3.655E-14 |   57667.00 |   57667.00 |   |
159.31700 | -29.56744 |  3.435E+11 |  1.000E+00 |  2.027E-12 |  1.015E-13 |   57672.47 |   57672.47 |   |
159.31700 | -29.56744 |  9.146E+10 |  1.000E+00 |  1.061E-12 |  3.700E-14 |   57674.00 |   57674.00 |   |
159.31700 | -29.56744 |  3.435E+11 |  1.000E+00 |  2.130E-12 |  1.715E-13 |   57674.00 |   57674.00 |   |
159.31700 | -29.56744 |  9.150E+10 |  1.000E+00 |  1.071E-12 |  1.005E-13 |   57677.00 |   57677.00 |   |
159.31700 | -29.56744 |  1.035E+11 |  1.000E+00 |  1.118E-12 |  1.035E-13 |   57677.00 |   57677.00 |   |
159.31700 | -29.56744 |  3.435E+11 |  1.000E+00 |  1.992E-12 |  3.780E-13 |   57678.00 |   57678.00 |   |
159.31700 | -29.56744 |  1.035E+11 |  1.000E+00 |  1.149E-12 |  1.140E-13 |   57678.00 |   57678.00 |   |
159.31700 | -29.56744 |  9.150E+10 |  1.000E+00 |  1.098E-12 |  1.008E-13 |   57678.00 |   57678.00 |   |
159.31700 | -29.56744 |  3.435E+11 |  1.000E+00 |  2.130E-12 |  2.065E-13 |   57679.00 |   57679.00 |   |
159.31700 | -29.56744 |  9.146E+10 |  1.000E+00 |  1.079E-12 |  4.600E-14 |   57679.00 |   57679.00 |   |
159.31700 | -29.56744 |  3.435E+11 |  1.000E+00 |  2.132E-12 |  1.065E-13 |   57679.45 |   57679.45 |   |
159.31700 | -29.56744 |  1.450E+11 |  1.000E+00 |  1.371E-12 |  6.850E-14 |   57682.41 |   57682.41 |   |
159.31700 | -29.56744 |  1.399E+11 |  1.000E+00 |  1.391E-12 |  6.950E-14 |   57683.50 |   57683.50 |   |
159.31700 | -29.56744 |  2.276E+11 |  1.000E+00 |  1.730E-12 |  8.650E-14 |   57684.40 |   57684.40 |   |
159.31700 | -29.56744 |  1.399E+11 |  1.000E+00 |  1.291E-12 |  6.450E-14 |   57686.64 |   57686.64 |   |
159.31700 | -29.56744 |  2.330E+11 |  1.000E+00 |  1.789E-12 |  8.950E-14 |   57687.65 |   57687.65 |   |
159.31700 | -29.56744 |  1.399E+11 |  1.000E+00 |  1.333E-12 |  6.650E-14 |   57688.52 |   57688.52 |   |
159.31700 | -29.56744 |  3.435E+11 |  1.000E+00 |  2.336E-12 |  1.375E-13 |   57692.00 |   57692.00 |   |
159.31700 | -29.56744 |  3.371E+11 |  1.000E+00 |  2.316E-12 |  1.160E-13 |   57692.47 |   57692.47 |   |
159.31700 | -29.56744 |  9.146E+10 |  1.000E+00 |  1.079E-12 |  3.650E-14 |   57693.00 |   57693.00 |   |
159.31700 | -29.56744 |  3.435E+11 |  1.000E+00 |  2.198E-12 |  1.715E-13 |   57693.00 |   57693.00 |   |
159.31700 | -29.56744 |  1.056E+11 |  1.000E+00 |  1.182E-12 |  5.900E-14 |   57694.57 |   57694.57 |   |
159.31700 | -29.56744 |  1.024E+11 |  1.000E+00 |  1.258E-12 |  6.250E-14 |   57697.46 |   57697.46 |   |
159.31700 | -29.56744 |  3.435E+11 |  1.000E+00 |  2.391E-12 |  1.200E-13 |   57701.00 |   57701.00 |   |
159.31700 | -29.56744 |  9.150E+10 |  1.000E+00 |  1.182E-12 |  5.950E-14 |   57701.00 |   57701.00 |   |
159.31700 | -29.56744 |  1.035E+11 |  1.000E+00 |  1.256E-12 |  6.350E-14 |   57701.00 |   57701.00 |   |
159.31700 | -29.56744 |  9.146E+10 |  1.000E+00 |  1.033E-12 |  2.750E-14 |   57702.00 |   57702.00 |   |
159.31700 | -29.56744 |  9.749E+10 |  1.000E+00 |  1.079E-12 |  5.350E-14 |   57704.36 |   57704.36 |   |
159.31700 | -29.56744 |  9.749E+10 |  1.000E+00 |  1.086E-12 |  5.400E-14 |   57704.55 |   57704.55 |   |
159.31700 | -29.56744 |  9.749E+10 |  1.000E+00 |  1.089E-12 |  5.450E-14 |   57704.59 |   57704.59 |   |
159.31700 | -29.56744 |  2.424E+11 |  1.000E+00 |  1.801E-12 |  9.000E-14 |   57710.33 |   57710.33 |   |
159.31700 | -29.56744 |  2.264E+11 |  1.000E+00 |  1.810E-12 |  9.050E-14 |   57711.44 |   57711.44 |   |
159.31700 | -29.56744 |  2.264E+11 |  1.000E+00 |  1.931E-12 |  9.650E-14 |   57712.45 |   57712.45 |   |
159.31700 | -29.56744 |  9.146E+10 |  1.000E+00 |  1.107E-12 |  5.500E-14 |   57714.00 |   57714.00 |   |
159.31700 | -29.56744 |  3.435E+11 |  1.000E+00 |  2.130E-12 |  1.375E-13 |   57715.00 |   57715.00 |   |
159.31700 | -29.56744 |  3.438E+11 |  1.000E+00 |  2.160E-12 |  1.075E-13 |   57715.42 |   57715.42 |   |
159.31700 | -29.56744 |  2.607E+11 |  1.000E+00 |  1.863E-12 |  9.300E-14 |   57716.38 |   57716.38 |   |
159.31700 | -29.56744 |  3.470E+11 |  1.000E+00 |  2.563E-12 |  1.280E-13 |   57724.41 |   57724.41 |   |
159.31700 | -29.56744 |  9.146E+10 |  1.000E+00 |  1.116E-12 |  4.600E-14 |   57725.00 |   57725.00 |   |
159.31700 | -29.56744 |  2.993E+11 |  1.000E+00 |  2.079E-12 |  1.040E-13 |   57725.37 |   57725.37 |   |
159.31700 | -29.56744 |  9.337E+10 |  1.000E+00 |  1.169E-12 |  5.850E-14 |   57726.41 |   57726.41 |   |
159.31700 | -29.56744 |  2.993E+11 |  1.000E+00 |  2.030E-12 |  1.015E-13 |   57727.41 |   57727.41 |   |
159.31700 | -29.56744 |  3.362E+11 |  1.000E+00 |  2.151E-12 |  1.075E-13 |   57728.40 |   57728.40 |   |
159.31700 | -29.56744 |  2.993E+11 |  1.000E+00 |  2.063E-12 |  1.030E-13 |   57729.34 |   57729.34 |   |
159.31700 | -29.56744 |  2.993E+11 |  1.000E+00 |  2.063E-12 |  1.030E-13 |   57729.40 |   57729.40 |   |
159.31700 | -29.56744 |  2.993E+11 |  1.000E+00 |  2.062E-12 |  1.030E-13 |   57729.48 |   57729.48 |   |
159.31700 | -29.56744 |  9.958E+10 |  1.000E+00 |  1.129E-12 |  5.650E-14 |   57730.35 |   57730.35 |   |
159.31700 | -29.56744 |  3.435E+11 |  1.000E+00 |  2.198E-12 |  2.060E-13 |   57732.00 |   57732.00 |   |
159.31700 | -29.56744 |  9.146E+10 |  1.000E+00 |  1.107E-12 |  2.750E-14 |   57732.00 |   57732.00 |   |
159.31700 | -29.56744 |  2.993E+11 |  1.000E+00 |  2.115E-12 |  1.060E-13 |   57732.40 |   57732.40 |   |
159.31700 | -29.56744 |  2.993E+11 |  1.000E+00 |  2.065E-12 |  1.030E-13 |   57733.28 |   57733.28 |   |
159.31700 | -29.56744 |  3.362E+11 |  1.000E+00 |  2.172E-12 |  1.085E-13 |   57733.34 |   57733.34 |   |
159.31700 | -29.56744 |  3.501E+11 |  1.000E+00 |  2.227E-12 |  1.115E-13 |   57735.38 |   57735.38 |   |
159.31700 | -29.56744 |  2.237E+11 |  1.000E+00 |  1.651E-12 |  8.250E-14 |   57738.36 |   57738.36 |   |
159.31700 | -29.56744 |  3.501E+11 |  1.000E+00 |  2.224E-12 |  1.115E-13 |   57739.45 |   57739.45 |   |
159.31700 | -29.56744 |  3.501E+11 |  1.000E+00 |  2.225E-12 |  1.115E-13 |   57740.32 |   57740.32 |   |
159.31700 | -29.56744 |  9.146E+10 |  1.000E+00 |  1.116E-12 |  2.750E-14 |   57743.00 |   57743.00 |   |
159.31700 | -29.56744 |  2.220E+11 |  1.000E+00 |  1.922E-12 |  9.600E-14 |   57743.31 |   57743.31 |   |
159.31700 | -29.56744 |  2.330E+11 |  1.000E+00 |  1.808E-12 |  9.050E-14 |   57744.31 |   57744.31 |   |
159.31700 | -29.56744 |  1.056E+11 |  1.000E+00 |  1.280E-12 |  6.400E-14 |   57745.33 |   57745.33 |   |
159.31700 | -29.56744 |  1.387E+11 |  1.000E+00 |  1.432E-12 |  7.150E-14 |   57746.32 |   57746.32 |   |
159.31700 | -29.56744 |  1.023E+11 |  1.000E+00 |  1.163E-12 |  5.800E-14 |   57751.25 |   57751.25 |   |
159.31700 | -29.56744 |  2.293E+11 |  1.000E+00 |  2.019E-12 |  1.010E-13 |   57751.38 |   57751.38 |   |
159.31700 | -29.56744 |  9.146E+10 |  1.000E+00 |  1.079E-12 |  5.500E-14 |   57752.00 |   57752.00 |   |
159.31700 | -29.56744 |  3.435E+11 |  1.000E+00 |  2.507E-12 |  1.715E-13 |   57752.00 |   57752.00 |   |
159.31700 | -29.56744 |  3.495E+11 |  1.000E+00 |  2.749E-12 |  1.375E-13 |   57752.27 |   57752.27 |   |
159.31700 | -29.56744 |  3.495E+11 |  1.000E+00 |  2.770E-12 |  1.385E-13 |   57752.32 |   57752.32 |   |
159.31700 | -29.56744 |  2.330E+11 |  1.000E+00 |  2.092E-12 |  1.045E-13 |   57752.37 |   57752.37 |   |
159.31700 | -29.56744 |  9.146E+10 |  1.000E+00 |  1.079E-12 |  3.650E-14 |   57756.00 |   57756.00 |   |
159.31700 | -29.56744 |  9.146E+10 |  1.000E+00 |  1.143E-12 |  4.550E-14 |   57758.00 |   57758.00 |   |
159.31700 | -29.56744 |  1.035E+11 |  1.000E+00 |  1.325E-12 |  5.150E-14 |   57758.00 |   57758.00 |   |
159.31700 | -29.56744 |  2.330E+11 |  1.000E+00 |  2.190E-12 |  1.865E-13 |   57760.00 |   57760.00 |   |
159.31700 | -29.56744 |  2.293E+11 |  1.000E+00 |  2.309E-12 |  1.155E-13 |   57762.36 |   57762.36 |   |
159.31700 | -29.56744 |  1.035E+11 |  1.000E+00 |  1.563E-12 |  4.150E-14 |   57770.00 |   57770.00 |   |
159.31700 | -29.56744 |  9.146E+10 |  1.000E+00 |  1.344E-12 |  5.450E-14 |   57770.00 |   57770.00 |   |
159.31700 | -29.56744 |  9.146E+10 |  1.000E+00 |  1.354E-12 |  3.650E-14 |   57770.00 |   57770.00 |   |
159.31700 | -29.56744 |  1.035E+11 |  1.000E+00 |  1.480E-12 |  7.250E-14 |   57770.00 |   57770.00 |   |
159.31700 | -29.56744 |  9.146E+10 |  1.000E+00 |  1.427E-12 |  3.650E-14 |   57781.00 |   57781.00 |   |
159.31700 | -29.56744 |  1.035E+11 |  1.000E+00 |  1.625E-12 |  3.100E-14 |   57781.00 |   57781.00 |   |
159.31700 | -29.56744 |  3.435E+11 |  1.000E+00 |  3.366E-12 |  2.060E-13 |   57781.00 |   57781.00 |   |
159.31700 | -29.56744 |  2.844E+11 |  1.000E+00 |  3.107E-12 |  1.550E-13 |   57785.21 |   57785.21 |   |
159.31700 | -29.56744 |  9.146E+10 |  1.000E+00 |  1.921E-12 |  8.250E-14 |   57821.00 |   57821.00 |   |
159.31700 | -29.56744 |  1.035E+11 |  1.000E+00 |  2.266E-12 |  1.035E-13 |   57821.00 |   57821.00 |   |
159.31700 | -29.56744 |  9.146E+10 |  1.000E+00 |  1.930E-12 |  4.600E-14 |   57822.00 |   57822.00 |   |
159.31700 | -29.56744 |  1.035E+11 |  1.000E+00 |  2.184E-12 |  6.200E-14 |   57822.00 |   57822.00 |   |
159.31700 | -29.56744 |  2.330E+11 |  1.000E+00 |  3.332E-12 |  2.795E-13 |   57823.00 |   57823.00 |   |
159.31700 | -29.56744 |  1.035E+11 |  1.000E+00 |  2.360E-12 |  1.555E-13 |   57830.00 |   57830.00 |   |
159.31700 | -29.56744 |  3.435E+11 |  1.000E+00 |  4.431E-12 |  3.435E-13 |   57831.00 |   57831.00 |   |
159.31700 | -29.56744 |  2.330E+11 |  1.000E+00 |  3.658E-12 |  1.865E-13 |   57834.00 |   57834.00 |   |
159.31700 | -29.56744 |  9.146E+10 |  1.000E+00 |  2.094E-12 |  1.465E-13 |   57839.00 |   57839.00 |   |
159.31700 | -29.56744 |  1.035E+11 |  1.000E+00 |  2.246E-12 |  1.035E-13 |   57839.00 |   57839.00 |   |
159.31700 | -29.56744 |  3.435E+11 |  1.000E+00 |  4.053E-12 |  2.750E-13 |   57839.00 |   57839.00 |   |
159.31700 | -29.56744 |  3.435E+11 |  1.000E+00 |  4.053E-12 |  3.780E-13 |   57840.00 |   57840.00 |   |
159.31700 | -29.56744 |  9.146E+10 |  1.000E+00 |  2.058E-12 |  5.500E-14 |   57840.00 |   57840.00 |   |
159.31700 | -29.56744 |  1.035E+11 |  1.000E+00 |  2.360E-12 |  6.250E-14 |   57840.00 |   57840.00 |   |
159.31700 | -29.56744 |  9.146E+10 |  1.000E+00 |  2.049E-12 |  4.550E-14 |   57844.00 |   57844.00 |   |
159.31700 | -29.56744 |  1.035E+11 |  1.000E+00 |  2.318E-12 |  6.200E-14 |   57844.00 |   57844.00 |   |
159.31700 | -29.56744 |  3.476E+11 |  1.000E+00 |  4.224E-12 |  2.115E-13 |   57851.10 |   57851.10 |   |
159.31700 | -29.56744 |  3.435E+11 |  1.000E+00 |  3.916E-12 |  3.780E-13 |   57855.00 |   57855.00 |   |
159.31700 | -29.56744 |  1.035E+11 |  1.000E+00 |  2.277E-12 |  1.140E-13 |   57856.00 |   57856.00 |   |
159.31700 | -29.56744 |  9.146E+10 |  1.000E+00 |  2.021E-12 |  8.250E-14 |   57856.00 |   57856.00 |   |
159.31700 | -29.56744 |  3.435E+11 |  1.000E+00 |  3.881E-12 |  2.405E-13 |   57856.00 |   57856.00 |   |
159.31700 | -29.56744 |  2.267E+11 |  1.000E+00 |  3.343E-12 |  1.670E-13 |   57856.93 |   57856.93 |   |
159.31700 | -29.56744 |  2.330E+11 |  1.000E+00 |  3.598E-12 |  1.795E-13 |   57859.00 |   57859.00 |   |
159.31700 | -29.56744 |  2.253E+11 |  1.000E+00 |  3.835E-12 |  1.935E-13 |   57864.01 |   57864.01 |   |
159.31700 | -29.56744 |  1.035E+11 |  1.000E+00 |  2.567E-12 |  6.250E-14 |   57865.00 |   57865.00 |   |
159.31700 | -29.56744 |  9.146E+10 |  1.000E+00 |  2.259E-12 |  5.500E-14 |   57865.00 |   57865.00 |   |
159.31700 | -29.56744 |  3.435E+11 |  1.000E+00 |  4.671E-12 |  1.375E-13 |   57865.00 |   57865.00 |   |
159.31700 | -29.56744 |  3.435E+11 |  1.000E+00 |  4.637E-12 |  2.400E-13 |   57866.00 |   57866.00 |   |
159.31700 | -29.56744 |  9.146E+10 |  1.000E+00 |  2.186E-12 |  4.600E-14 |   57867.00 |   57867.00 |   |
159.31700 | -29.56744 |  1.035E+11 |  1.000E+00 |  2.463E-12 |  6.200E-14 |   57867.00 |   57867.00 |   |
159.31700 | -29.56744 |  3.435E+11 |  1.000E+00 |  4.431E-12 |  2.060E-13 |   57867.00 |   57867.00 |   |
159.31700 | -29.56744 |  1.035E+11 |  1.000E+00 |  2.598E-12 |  8.250E-14 |   57870.00 |   57870.00 |   |
159.31700 | -29.56744 |  3.435E+11 |  1.000E+00 |  4.809E-12 |  2.060E-13 |   57870.00 |   57870.00 |   |
159.31700 | -29.56744 |  9.146E+10 |  1.000E+00 |  2.250E-12 |  7.300E-14 |   57870.00 |   57870.00 |   |
159.31700 | -29.56744 |  2.262E+11 |  1.000E+00 |  3.330E-12 |  1.665E-13 |   57873.02 |   57873.02 |   |
159.31700 | -29.56744 |  2.330E+11 |  1.000E+00 |  3.700E-12 |  1.840E-13 |   57874.00 |   57874.00 |   |
159.31700 | -29.56744 |  2.292E+11 |  1.000E+00 |  3.479E-12 |  1.740E-13 |   57875.98 |   57875.98 |   |
159.31700 | -29.56744 |  9.146E+10 |  1.000E+00 |  2.067E-12 |  6.400E-14 |   57878.00 |   57878.00 |   |
159.31700 | -29.56744 |  1.035E+11 |  1.000E+00 |  2.308E-12 |  6.200E-14 |   57878.00 |   57878.00 |   |
159.31700 | -29.56744 |  3.435E+11 |  1.000E+00 |  3.744E-12 |  1.720E-13 |   57878.00 |   57878.00 |   |
159.31700 | -29.56744 |  2.330E+11 |  1.000E+00 |  3.262E-12 |  9.300E-14 |   57878.00 |   57878.00 |   |
159.31700 | -29.56744 |  2.237E+11 |  1.000E+00 |  3.195E-12 |  1.600E-13 |   57878.94 |   57878.94 |   |
159.31700 | -29.56744 |  3.435E+11 |  1.000E+00 |  3.572E-12 |  1.375E-13 |   57879.00 |   57879.00 |   |
159.31700 | -29.56744 |  1.035E+11 |  1.000E+00 |  2.235E-12 |  6.200E-14 |   57879.00 |   57879.00 |   |
159.31700 | -29.56744 |  9.146E+10 |  1.000E+00 |  2.003E-12 |  5.500E-14 |   57879.00 |   57879.00 |   |
159.31700 | -29.56744 |  2.237E+11 |  1.000E+00 |  3.067E-12 |  1.535E-13 |   57880.02 |   57880.02 |   |
159.31700 | -29.56744 |  9.146E+10 |  1.000E+00 |  1.793E-12 |  3.650E-14 |   57888.00 |   57888.00 |   |
159.31700 | -29.56744 |  1.035E+11 |  1.000E+00 |  2.018E-12 |  5.200E-14 |   57888.00 |   57888.00 |   |
159.31700 | -29.56744 |  3.435E+11 |  1.000E+00 |  3.263E-12 |  1.720E-13 |   57888.00 |   57888.00 |   |
159.31700 | -29.56744 |  3.476E+11 |  1.000E+00 |  3.469E-12 |  1.730E-13 |   57894.00 |   57894.00 |   |
159.31700 | -29.56744 |  3.435E+11 |  1.000E+00 |  2.610E-12 |  1.715E-13 |   57924.00 |   57924.00 |   |
159.31700 | -29.56744 |  2.330E+11 |  1.000E+00 |  2.493E-12 |  9.300E-14 |   57924.00 |   57924.00 |   |
159.31700 | -29.56744 |  9.146E+10 |  1.000E+00 |  1.482E-12 |  3.650E-14 |   57924.00 |   57924.00 |   |
159.31700 | -29.56744 |  1.035E+11 |  1.000E+00 |  1.645E-12 |  4.150E-14 |   57924.00 |   57924.00 |   |
159.31700 | -29.56744 |  1.035E+11 |  1.000E+00 |  1.666E-12 |  4.150E-14 |   57936.00 |   57936.00 |   |
159.31700 | -29.56744 |  9.146E+10 |  1.000E+00 |  1.555E-12 |  3.650E-14 |   57936.00 |   57936.00 |   |
159.31700 | -29.56744 |  9.146E+10 |  1.000E+00 |  1.527E-12 |  3.650E-14 |   57936.00 |   57936.00 |   |
159.31700 | -29.56744 |  3.435E+11 |  1.000E+00 |  2.645E-12 |  1.375E-13 |   57936.00 |   57936.00 |   |
159.31700 | -29.56744 |  2.330E+11 |  1.000E+00 |  2.351E-12 |  1.175E-13 |   57936.88 |   57936.88 |   |
159.31700 | -29.56744 |  3.435E+11 |  1.000E+00 |  2.336E-12 |  2.060E-13 |   57942.00 |   57942.00 |   |
159.31700 | -29.56744 |  1.074E+11 |  1.000E+00 |  1.461E-12 |  7.300E-14 |   57947.67 |   57947.67 |   |
159.31700 | -29.56744 |  1.074E+11 |  1.000E+00 |  1.520E-12 |  7.600E-14 |   57947.73 |   57947.73 |   |
159.31700 | -29.56744 |  9.146E+10 |  1.000E+00 |  1.317E-12 |  4.600E-14 |   57952.00 |   57952.00 |   |
159.31700 | -29.56744 |  1.035E+11 |  1.000E+00 |  1.459E-12 |  6.200E-14 |   57952.00 |   57952.00 |   |
159.31700 | -29.56744 |  3.435E+11 |  1.000E+00 |  2.095E-12 |  1.375E-13 |   57952.00 |   57952.00 |   |
159.31700 | -29.56744 |  9.146E+10 |  1.000E+00 |  1.308E-12 |  3.650E-14 |   57952.00 |   57952.00 |   |
159.31700 | -29.56744 |  3.435E+11 |  1.000E+00 |  2.425E-12 |  1.210E-13 |   57953.70 |   57953.70 |   |
159.31700 | -29.56744 |  3.435E+11 |  1.000E+00 |  1.992E-12 |  1.720E-13 |   57956.00 |   57956.00 |   |
159.31700 | -29.56744 |  2.215E+11 |  1.000E+00 |  1.902E-12 |  9.500E-14 |   57956.66 |   57956.66 |   |
159.31700 | -29.56744 |  9.536E+10 |  1.000E+00 |  1.170E-12 |  5.850E-14 |   57966.61 |   57966.61 |   |
159.31700 | -29.56744 |  9.146E+10 |  1.000E+00 |  1.358E-12 |  6.800E-14 |   57966.64 |   57966.64 |   |
159.31700 | -29.56744 |  1.010E+11 |  1.000E+00 |  1.273E-12 |  6.350E-14 |   57967.61 |   57967.61 |   |
159.31700 | -29.56744 |  1.035E+11 |  1.000E+00 |  1.314E-12 |  5.150E-14 |   57968.00 |   57968.00 |   |
159.31700 | -29.56744 |  3.435E+11 |  1.000E+00 |  1.855E-12 |  1.720E-13 |   57968.00 |   57968.00 |   |
159.31700 | -29.56744 |  3.435E+11 |  1.000E+00 |  2.027E-12 |  1.715E-13 |   57968.00 |   57968.00 |   |
159.31700 | -29.56744 |  9.146E+10 |  1.000E+00 |  1.226E-12 |  3.650E-14 |   57968.00 |   57968.00 |   |
159.31700 | -29.56744 |  9.317E+10 |  1.000E+00 |  1.248E-12 |  6.250E-14 |   57972.59 |   57972.59 |   |
159.31700 | -29.56744 |  2.362E+11 |  1.000E+00 |  1.959E-12 |  9.800E-14 |   57972.66 |   57972.66 |   |
159.31700 | -29.56744 |  2.362E+11 |  1.000E+00 |  1.775E-12 |  8.900E-14 |   57972.72 |   57972.72 |   |
159.31700 | -29.56744 |  2.362E+11 |  1.000E+00 |  1.958E-12 |  9.800E-14 |   57973.60 |   57973.60 |   |
159.31700 | -29.56744 |  9.146E+10 |  1.000E+00 |  1.216E-12 |  4.550E-14 |   57981.00 |   57981.00 |   |
159.31700 | -29.56744 |  3.435E+11 |  1.000E+00 |  1.889E-12 |  1.375E-13 |   57981.00 |   57981.00 |   |
159.31700 | -29.56744 |  1.046E+11 |  1.000E+00 |  1.289E-12 |  6.450E-14 |   57981.55 |   57981.55 |   |
159.31700 | -29.56744 |  3.435E+11 |  1.000E+00 |  1.752E-12 |  1.715E-13 |   57982.00 |   57982.00 |   |
159.31700 | -29.56744 |  9.428E+10 |  1.000E+00 |  1.232E-12 |  6.150E-14 |   57985.65 |   57985.65 |   |
159.31700 | -29.56744 |  1.063E+11 |  1.000E+00 |  1.295E-12 |  6.450E-14 |   57987.70 |   57987.70 |   |
159.31700 | -29.56744 |  9.146E+10 |  1.000E+00 |  1.143E-12 |  3.650E-14 |   57991.00 |   57991.00 |   |
159.31700 | -29.56744 |  1.035E+11 |  1.000E+00 |  1.200E-12 |  4.150E-14 |   57991.00 |   57991.00 |   |
159.31700 | -29.56744 |  3.435E+11 |  1.000E+00 |  1.683E-12 |  1.370E-13 |   57991.00 |   57991.00 |   |
159.31700 | -29.56744 |  2.255E+11 |  1.000E+00 |  1.482E-12 |  7.400E-14 |   57994.59 |   57994.59 |   |
159.31700 | -29.56744 |  3.435E+11 |  1.000E+00 |  1.649E-12 |  1.030E-13 |   58001.00 |   58001.00 |   |
159.31700 | -29.56744 |  3.435E+11 |  1.000E+00 |  1.683E-12 |  1.370E-13 |   58012.00 |   58012.00 |   |
159.31700 | -29.56744 |  1.035E+11 |  1.000E+00 |  1.128E-12 |  5.200E-14 |   58013.00 |   58013.00 |   |
159.31700 | -29.56744 |  9.146E+10 |  1.000E+00 |  1.015E-12 |  4.575E-14 |   58013.00 |   58013.00 |   |
159.31700 | -29.56744 |  9.146E+10 |  1.000E+00 |  1.006E-12 |  3.675E-14 |   58015.00 |   58015.00 |   |
159.31700 | -29.56744 |  1.035E+11 |  1.000E+00 |  1.056E-12 |  4.150E-14 |   58015.00 |   58015.00 |   |
159.31700 | -29.56744 |  9.146E+10 |  1.000E+00 |  1.033E-12 |  2.750E-14 |   58023.00 |   58023.00 |   |
159.31700 | -29.56744 |  3.435E+11 |  1.000E+00 |  1.683E-12 |  1.370E-13 |   58023.00 |   58023.00 |   |
159.31700 | -29.56744 |  9.146E+10 |  1.000E+00 |  9.969E-13 |  2.725E-14 |   58024.00 |   58024.00 |   |
159.31700 | -29.56744 |  9.146E+10 |  1.000E+00 |  9.786E-13 |  2.740E-14 |   58029.00 |   58029.00 |   |
159.31700 | -29.56744 |  3.435E+11 |  1.000E+00 |  1.683E-12 |  1.030E-13 |   58036.00 |   58036.00 |   |
159.31700 | -29.56744 |  9.146E+10 |  1.000E+00 |  9.695E-13 |  2.745E-14 |   58037.00 |   58037.00 |   |
159.31700 | -29.56744 |  9.146E+10 |  1.000E+00 |  8.872E-13 |  2.745E-14 |   58047.00 |   58047.00 |   |
159.31700 | -29.56744 |  1.035E+11 |  1.000E+00 |  9.211E-13 |  3.105E-14 |   58047.00 |   58047.00 |   |
159.31700 | -29.56744 |  3.435E+11 |  1.000E+00 |  1.717E-12 |  1.375E-13 |   58047.00 |   58047.00 |   |
159.31700 | -29.56744 |  3.435E+11 |  1.000E+00 |  1.649E-12 |  1.375E-13 |   58047.00 |   58047.00 |   |
159.31700 | -29.56744 |  1.035E+11 |  1.000E+00 |  1.004E-12 |  3.110E-14 |   58049.00 |   58049.00 |   |
159.31700 | -29.56744 |  9.146E+10 |  1.000E+00 |  9.695E-13 |  3.655E-14 |   58049.00 |   58049.00 |   |
159.31700 | -29.56744 |  1.035E+11 |  1.000E+00 |  1.025E-12 |  3.125E-14 |   58053.00 |   58053.00 |   |
159.31700 | -29.56744 |  9.146E+10 |  1.000E+00 |  9.695E-13 |  3.655E-14 |   58053.00 |   58053.00 |   |
159.31700 | -29.56744 |  2.330E+11 |  1.000E+00 |  1.328E-12 |  7.000E-14 |   58056.00 |   58056.00 |   |
159.31700 | -29.56744 |  9.146E+10 |  1.000E+00 |  8.780E-13 |  2.745E-14 |   58058.00 |   58058.00 |   |
159.31700 | -29.56744 |  3.435E+11 |  1.000E+00 |  1.683E-12 |  1.370E-13 |   58058.00 |   58058.00 |   |
159.31700 | -29.56744 |  1.035E+11 |  1.000E+00 |  9.625E-13 |  3.105E-14 |   58058.00 |   58058.00 |   |
159.31700 | -29.56744 |  9.146E+10 |  1.000E+00 |  9.146E-13 |  1.830E-14 |   58064.00 |   58064.00 |   |
159.31700 | -29.56744 |  3.435E+11 |  1.000E+00 |  1.683E-12 |  1.030E-13 |   58067.00 |   58067.00 |   |
159.31700 | -29.56744 |  9.146E+10 |  1.000E+00 |  9.786E-13 |  3.650E-14 |   58071.00 |   58071.00 |   |
159.31700 | -29.56744 |  9.146E+10 |  1.000E+00 |  9.969E-13 |  3.635E-14 |   58071.00 |   58071.00 |   |
159.31700 | -29.56744 |  9.146E+10 |  1.000E+00 |  9.786E-13 |  3.650E-14 |   58071.00 |   58071.00 |   |
159.31700 | -29.56744 |  3.435E+11 |  1.000E+00 |  1.717E-12 |  1.715E-13 |   58079.00 |   58079.00 |   |
159.31700 | -29.56744 |  3.435E+11 |  1.000E+00 |  1.958E-12 |  1.030E-13 |   58082.00 |   58082.00 |   |
159.31700 | -29.56744 |  9.146E+10 |  1.000E+00 |  9.603E-13 |  2.745E-14 |   58082.00 |   58082.00 |   |
159.31700 | -29.56744 |  1.035E+11 |  1.000E+00 |  1.149E-12 |  4.150E-14 |   58094.00 |   58094.00 |   |
159.31700 | -29.56744 |  9.146E+10 |  1.000E+00 |  1.079E-12 |  2.750E-14 |   58094.00 |   58094.00 |   |
159.31700 | -29.56744 |  9.146E+10 |  1.000E+00 |  1.116E-12 |  3.650E-14 |   58108.00 |   58108.00 |   |
159.31700 | -29.56744 |  9.146E+10 |  1.000E+00 |  1.116E-12 |  3.650E-14 |   58108.00 |   58108.00 |   |
159.31700 | -29.56744 |  3.435E+11 |  1.000E+00 |  2.198E-12 |  1.715E-13 |   58110.00 |   58110.00 |   |
159.31700 | -29.56744 |  9.146E+10 |  1.000E+00 |  1.107E-12 |  2.750E-14 |   58119.00 |   58119.00 |   |
159.31700 | -29.56744 |  1.035E+11 |  1.000E+00 |  1.159E-12 |  3.100E-14 |   58119.00 |   58119.00 |   |
159.31700 | -29.56744 |  2.330E+11 |  1.000E+00 |  1.771E-12 |  9.300E-14 |   58122.00 |   58122.00 |   |
159.31700 | -29.56744 |  3.435E+11 |  1.000E+00 |  2.061E-12 |  1.375E-13 |   58123.00 |   58123.00 |   |
159.31700 | -29.56744 |  2.330E+11 |  1.000E+00 |  1.724E-12 |  7.000E-14 |   58124.00 |   58124.00 |   |
159.31700 | -29.56744 |  9.146E+10 |  1.000E+00 |  1.079E-12 |  2.750E-14 |   58130.00 |   58130.00 |   |
159.31700 | -29.56744 |  1.035E+11 |  1.000E+00 |  1.138E-12 |  4.150E-14 |   58130.00 |   58130.00 |   |
159.31700 | -29.56744 |  9.146E+10 |  1.000E+00 |  1.079E-12 |  2.750E-14 |   58130.00 |   58130.00 |   |
159.31700 | -29.56744 |  1.035E+11 |  1.000E+00 |  1.138E-12 |  4.150E-14 |   58130.00 |   58130.00 |   |
159.31700 | -29.56744 |  3.435E+11 |  1.000E+00 |  2.130E-12 |  2.065E-13 |   58133.00 |   58133.00 |   |
159.31700 | -29.56744 |  2.330E+11 |  1.000E+00 |  1.864E-12 |  9.300E-14 |   58136.00 |   58136.00 |   |
159.31700 | -29.56744 |  9.146E+10 |  1.000E+00 |  1.198E-12 |  2.750E-14 |   58141.00 |   58141.00 |   |
159.31700 | -29.56744 |  1.035E+11 |  1.000E+00 |  1.263E-12 |  3.100E-14 |   58141.00 |   58141.00 |   |
159.31700 | -29.56744 |  9.146E+10 |  1.000E+00 |  1.189E-12 |  2.700E-14 |   58141.00 |   58141.00 |   |
159.31700 | -29.56744 |  1.035E+11 |  1.000E+00 |  1.242E-12 |  4.150E-14 |   58141.00 |   58141.00 |   |
159.31700 | -29.56744 |  2.330E+11 |  1.000E+00 |  2.213E-12 |  6.950E-14 |   58182.00 |   58182.00 |   |
159.31700 | -29.56744 |  3.435E+11 |  1.000E+00 |  2.610E-12 |  1.375E-13 |   58182.00 |   58182.00 |   |
159.31700 | -29.56744 |  1.035E+11 |  1.000E+00 |  1.356E-12 |  4.150E-14 |   58183.00 |   58183.00 |   |
159.31700 | -29.56744 |  9.146E+10 |  1.000E+00 |  1.262E-12 |  2.750E-14 |   58183.00 |   58183.00 |   |
159.31700 | -29.56744 |  9.146E+10 |  1.000E+00 |  1.244E-12 |  2.750E-14 |   58184.00 |   58184.00 |   |
159.31700 | -29.56744 |  9.146E+10 |  1.000E+00 |  1.491E-12 |  3.650E-14 |   58194.00 |   58194.00 |   |
159.31700 | -29.56744 |  9.146E+10 |  1.000E+00 |  1.500E-12 |  4.600E-14 |   58196.00 |   58196.00 |   |
159.31700 | -29.56744 |  1.035E+11 |  1.000E+00 |  1.625E-12 |  7.250E-14 |   58208.00 |   58208.00 |   |
159.31700 | -29.56744 |  9.146E+10 |  1.000E+00 |  1.555E-12 |  3.650E-14 |   58208.00 |   58208.00 |   |
159.31700 | -29.56744 |  9.146E+10 |  1.000E+00 |  1.482E-12 |  5.500E-14 |   58208.00 |   58208.00 |   |
159.31700 | -29.56744 |  1.035E+11 |  1.000E+00 |  1.739E-12 |  5.150E-14 |   58218.00 |   58218.00 |   |
159.31700 | -29.56744 |  9.146E+10 |  1.000E+00 |  1.555E-12 |  4.600E-14 |   58218.00 |   58218.00 |   |
159.31700 | -29.56744 |  2.330E+11 |  1.000E+00 |  2.912E-12 |  1.165E-13 |   58219.00 |   58219.00 |   |
159.31700 | -29.56744 |  1.035E+11 |  1.000E+00 |  1.749E-12 |  4.100E-14 |   58219.00 |   58219.00 |   |
159.31700 | -29.56744 |  9.146E+10 |  1.000E+00 |  1.610E-12 |  3.650E-14 |   58219.00 |   58219.00 |   |
159.31700 | -29.56744 |  1.035E+11 |  1.000E+00 |  1.894E-12 |  4.150E-14 |   58230.00 |   58230.00 |   |
159.31700 | -29.56744 |  9.146E+10 |  1.000E+00 |  1.793E-12 |  3.650E-14 |   58230.00 |   58230.00 |   |
159.31700 | -29.56744 |  9.146E+10 |  1.000E+00 |  1.738E-12 |  3.650E-14 |   58231.00 |   58231.00 |   |
159.31700 | -29.56744 |  1.035E+11 |  1.000E+00 |  1.842E-12 |  5.200E-14 |   58231.00 |   58231.00 |   |
159.31700 | -29.56744 |  3.435E+11 |  1.000E+00 |  3.881E-12 |  1.715E-13 |   58238.00 |   58238.00 |   |
159.31700 | -29.56744 |  3.435E+11 |  1.000E+00 |  3.916E-12 |  1.715E-13 |   58239.00 |   58239.00 |   |
159.31700 | -29.56744 |  3.435E+11 |  1.000E+00 |  4.603E-12 |  2.405E-13 |   58246.00 |   58246.00 |   |
159.31700 | -29.56744 |  1.035E+11 |  1.000E+00 |  2.246E-12 |  4.150E-14 |   58246.00 |   58246.00 |   |
159.31700 | -29.56744 |  9.146E+10 |  1.000E+00 |  1.985E-12 |  5.500E-14 |   58246.00 |   58246.00 |   |
159.31700 | -29.56744 |  1.035E+11 |  1.000E+00 |  2.329E-12 |  4.150E-14 |   58252.00 |   58252.00 |   |
159.31700 | -29.56744 |  9.146E+10 |  1.000E+00 |  2.149E-12 |  5.500E-14 |   58252.00 |   58252.00 |   |
159.31700 | -29.56744 |  3.435E+11 |  1.000E+00 |  4.534E-12 |  1.370E-13 |   58254.00 |   58254.00 |   |
159.31700 | -29.56744 |  3.435E+11 |  1.000E+00 |  4.774E-12 |  1.375E-13 |   58261.00 |   58261.00 |   |
159.31700 | -29.56744 |  9.146E+10 |  1.000E+00 |  2.204E-12 |  4.600E-14 |   58265.00 |   58265.00 |   |
159.31700 | -29.56744 |  3.435E+11 |  1.000E+00 |  3.881E-12 |  2.060E-13 |   58276.00 |   58276.00 |   |
159.31700 | -29.56744 |  1.035E+11 |  1.000E+00 |  1.666E-12 |  4.150E-14 |   58290.00 |   58290.00 |   |
159.31700 | -29.56744 |  9.146E+10 |  1.000E+00 |  1.564E-12 |  4.600E-14 |   58290.00 |   58290.00 |   |
159.31700 | -29.56744 |  3.435E+11 |  1.000E+00 |  2.782E-12 |  2.750E-13 |   58292.00 |   58292.00 |   |
159.31700 | -29.56744 |  9.146E+10 |  1.000E+00 |  1.399E-12 |  3.650E-14 |   58299.00 |   58299.00 |   |
159.31700 | -29.56744 |  1.035E+11 |  1.000E+00 |  1.470E-12 |  4.150E-14 |   58299.00 |   58299.00 |   |
159.31700 | -29.56744 |  3.435E+11 |  1.000E+00 |  2.370E-12 |  2.060E-13 |   58303.00 |   58303.00 |   |
159.31700 | -29.56744 |  9.146E+10 |  1.000E+00 |  1.427E-12 |  2.750E-14 |   58304.00 |   58304.00 |   |
159.31700 | -29.56744 |  3.435E+11 |  1.000E+00 |  2.610E-12 |  1.375E-13 |   58306.00 |   58306.00 |   |
159.31700 | -29.56744 |  1.000E+11 |  1.000E+00 |  1.642E-12 |  5.050E-14 |   55000.00 |   55000.00 |   |
159.31700 | -29.56744 |  1.430E+11 |  1.000E+00 |  2.019E-12 |  4.900E-14 |   55000.00 |   55000.00 |   |
159.31700 | -29.56744 |  4.400E+10 |  1.000E+00 |  9.416E-13 |  6.945E-14 |   55000.00 |   55000.00 |   |
159.31700 | -29.56744 |  7.000E+10 |  1.000E+00 |  1.190E-12 |  7.600E-14 |   55000.00 |   55000.00 |   |
159.31700 | -29.56744 |  3.000E+10 |  1.000E+00 |  6.074E-13 |  1.975E-14 |   55000.00 |   55000.00 |   |
159.31700 | -29.56744 |  4.400E+10 |  1.000E+00 |  9.955E-13 |  3.940E-14 |   55000.00 |   55000.00 |   |
159.31700 | -29.56744 |  7.000E+10 |  1.000E+00 |  1.133E-12 |  3.900E-14 |   55000.00 |   55000.00 |   |
159.31700 | -29.56744 |  1.000E+11 |  1.000E+00 |  1.625E-12 |  3.200E-14 |   55000.00 |   55000.00 |   |
159.31700 | -29.56744 |  1.430E+11 |  1.000E+00 |  2.023E-12 |  4.850E-14 |   55000.00 |   55000.00 |   |
159.31700 | -29.56744 |  2.170E+11 |  1.000E+00 |  2.804E-12 |  9.400E-14 |   55000.00 |   55000.00 |   |
159.31700 | -29.56744 |  3.530E+11 |  1.000E+00 |  3.347E-12 |  1.930E-13 |   55000.00 |   55000.00 |   |
159.31700 | -29.56744 |  5.450E+11 |  1.000E+00 |  3.030E-12 |  5.495E-13 |   55000.00 |   55000.00 |   |
159.31700 | -29.56744 |  8.570E+11 |  1.000E+00 |  4.283E-12 |  0.000E+00 |   55000.00 |   55000.00 | UL|
159.31700 | -29.56744 |  1.389E+14 |  1.000E+00 |  2.067E-12 |  1.085E-13 |   55000.00 |   55000.00 |   |
159.31700 | -29.56744 |  1.804E+14 |  1.000E+00 |  1.695E-12 |  1.110E-13 |   55000.00 |   55000.00 |   |
159.31700 | -29.56744 |  2.427E+14 |  1.000E+00 |  1.303E-12 |  1.230E-13 |   55000.00 |   55000.00 |   |
159.31700 | -29.56744 |  8.817E+13 |  1.000E+00 |  3.733E-12 |  8.250E-14 |   55000.00 |   55000.00 |   |
159.31700 | -29.56744 |  6.517E+13 |  1.000E+00 |  4.260E-12 |  8.250E-14 |   55000.00 |   55000.00 |   |
159.31700 | -29.56744 |  2.498E+13 |  1.000E+00 |  4.265E-12 |  8.650E-14 |   55000.00 |   55000.00 |   |
159.31700 | -29.56744 |  1.363E+13 |  1.000E+00 |  6.326E-12 |  2.330E-13 |   55000.00 |   55000.00 |   |
159.31700 | -29.56744 |  8.817E+13 |  1.000E+00 |  4.467E-12 |  9.450E-14 |   55545.55 |   55545.55 |   |
159.31700 | -29.56744 |  6.517E+13 |  1.000E+00 |  5.222E-12 |  1.060E-13 |   55545.55 |   55545.55 |   |
159.31700 | -29.56744 |  8.817E+13 |  1.000E+00 |  2.697E-12 |  1.020E-13 |   55356.14 |   55356.14 |   |
159.31700 | -29.56744 |  6.517E+13 |  1.000E+00 |  3.205E-12 |  1.180E-13 |   55356.14 |   55356.14 |   |
159.31700 | -29.56744 |  8.817E+13 |  1.000E+00 |  2.847E-12 |  9.950E-14 |   55357.27 |   55357.27 |   |
159.31700 | -29.56744 |  6.517E+13 |  1.000E+00 |  3.170E-12 |  1.050E-13 |   55357.27 |   55357.27 |   |
159.31700 | -29.56744 |  2.498E+13 |  1.000E+00 |  4.238E-12 |  1.405E-13 |   55357.27 |   55357.27 |   |
159.31700 | -29.56744 |  1.363E+13 |  1.000E+00 |  6.760E-12 |  4.920E-13 |   55357.27 |   55357.27 |   |
159.31700 | -29.56744 |  8.817E+13 |  1.000E+00 |  2.573E-12 |  8.050E-14 |   55357.14 |   55357.14 |   |
159.31700 | -29.56744 |  6.517E+13 |  1.000E+00 |  3.196E-12 |  1.060E-13 |   55357.14 |   55357.14 |   |
159.31700 | -29.56744 |  8.817E+13 |  1.000E+00 |  2.744E-12 |  9.100E-14 |   55357.00 |   55357.00 |   |
159.31700 | -29.56744 |  6.517E+13 |  1.000E+00 |  3.332E-12 |  1.165E-13 |   55357.00 |   55357.00 |   |
159.31700 | -29.56744 |  2.498E+13 |  1.000E+00 |  4.006E-12 |  1.325E-13 |   55357.00 |   55357.00 |   |
159.31700 | -29.56744 |  1.363E+13 |  1.000E+00 |  6.086E-12 |  4.995E-13 |   55357.00 |   55357.00 |   |
159.31700 | -29.56744 |  8.817E+13 |  1.000E+00 |  4.431E-12 |  1.140E-13 |   55546.54 |   55546.54 |   |
159.31700 | -29.56744 |  6.517E+13 |  1.000E+00 |  5.261E-12 |  1.110E-13 |   55546.54 |   55546.54 |   |
159.31700 | -29.56744 |  8.817E+13 |  1.000E+00 |  4.270E-12 |  1.180E-13 |   55546.41 |   55546.41 |   |
159.31700 | -29.56744 |  6.517E+13 |  1.000E+00 |  4.847E-12 |  1.070E-13 |   55546.41 |   55546.41 |   |
159.31700 | -29.56744 |  8.817E+13 |  1.000E+00 |  4.398E-12 |  8.900E-14 |   55546.27 |   55546.27 |   |
159.31700 | -29.56744 |  6.517E+13 |  1.000E+00 |  4.932E-12 |  1.270E-13 |   55546.27 |   55546.27 |   |
159.31700 | -29.56744 |  8.817E+13 |  1.000E+00 |  4.563E-12 |  1.175E-13 |   55546.21 |   55546.21 |   |
159.31700 | -29.56744 |  6.517E+13 |  1.000E+00 |  5.057E-12 |  1.350E-13 |   55546.21 |   55546.21 |   |
159.31700 | -29.56744 |  8.817E+13 |  1.000E+00 |  4.542E-12 |  1.045E-13 |   55546.14 |   55546.14 |   |
159.31700 | -29.56744 |  6.517E+13 |  1.000E+00 |  5.256E-12 |  1.110E-13 |   55546.14 |   55546.14 |   |
159.31700 | -29.56744 |  8.817E+13 |  1.000E+00 |  4.467E-12 |  1.025E-13 |   55546.08 |   55546.08 |   |
159.31700 | -29.56744 |  6.517E+13 |  1.000E+00 |  5.383E-12 |  1.095E-13 |   55546.08 |   55546.08 |   |
159.31700 | -29.56744 |  8.817E+13 |  1.000E+00 |  4.813E-12 |  1.150E-13 |   55546.01 |   55546.01 |   |
159.31700 | -29.56744 |  6.517E+13 |  1.000E+00 |  5.208E-12 |  1.200E-13 |   55546.01 |   55546.01 |   |
159.31700 | -29.56744 |  8.817E+13 |  1.000E+00 |  4.845E-12 |  1.295E-13 |   55546.01 |   55546.01 |   |
159.31700 | -29.56744 |  6.517E+13 |  1.000E+00 |  5.418E-12 |  1.100E-13 |   55546.01 |   55546.01 |   |
159.31700 | -29.56744 |  8.817E+13 |  1.000E+00 |  4.783E-12 |  8.800E-14 |   55545.95 |   55545.95 |   |
159.31700 | -29.56744 |  6.517E+13 |  1.000E+00 |  5.539E-12 |  1.275E-13 |   55545.95 |   55545.95 |   |
159.31700 | -29.56744 |  8.817E+13 |  1.000E+00 |  4.761E-12 |  1.055E-13 |   55545.88 |   55545.88 |   |
159.31700 | -29.56744 |  6.517E+13 |  1.000E+00 |  5.468E-12 |  1.055E-13 |   55545.88 |   55545.88 |   |
159.31700 | -29.56744 |  8.817E+13 |  1.000E+00 |  4.845E-12 |  1.070E-13 |   55545.81 |   55545.81 |   |
159.31700 | -29.56744 |  6.517E+13 |  1.000E+00 |  5.413E-12 |  1.345E-13 |   55545.81 |   55545.81 |   |
159.31700 | -29.56744 |  8.817E+13 |  1.000E+00 |  2.737E-12 |  8.850E-14 |   55356.74 |   55356.74 |   |
159.31700 | -29.56744 |  6.517E+13 |  1.000E+00 |  3.298E-12 |  1.005E-13 |   55356.74 |   55356.74 |   |
159.31700 | -29.56744 |  2.498E+13 |  1.000E+00 |  4.393E-12 |  1.380E-13 |   55356.74 |   55356.74 |   |
159.31700 | -29.56744 |  1.363E+13 |  1.000E+00 |  6.420E-12 |  4.020E-13 |   55356.74 |   55356.74 |   |
159.31700 | -29.56744 |  8.817E+13 |  1.000E+00 |  4.614E-12 |  1.150E-13 |   55545.81 |   55545.81 |   |
159.31700 | -29.56744 |  6.517E+13 |  1.000E+00 |  5.433E-12 |  1.100E-13 |   55545.81 |   55545.81 |   |
159.31700 | -29.56744 |  8.817E+13 |  1.000E+00 |  4.787E-12 |  9.700E-14 |   55545.68 |   55545.68 |   |
159.31700 | -29.56744 |  6.517E+13 |  1.000E+00 |  5.463E-12 |  1.105E-13 |   55545.68 |   55545.68 |   |
159.31700 | -29.56744 |  8.817E+13 |  1.000E+00 |  2.704E-12 |  1.145E-13 |   55356.94 |   55356.94 |   |
159.31700 | -29.56744 |  6.517E+13 |  1.000E+00 |  3.450E-12 |  1.080E-13 |   55356.94 |   55356.94 |   |
159.31700 | -29.56744 |  2.498E+13 |  1.000E+00 |  4.040E-12 |  1.450E-13 |   55356.94 |   55356.94 |   |
159.31700 | -29.56744 |  1.363E+13 |  1.000E+00 |  6.397E-12 |  4.485E-13 |   55356.94 |   55356.94 |   |
159.31700 | -29.56744 |  8.817E+13 |  1.000E+00 |  2.619E-12 |  8.900E-14 |   55356.87 |   55356.87 |   |
159.31700 | -29.56744 |  6.517E+13 |  1.000E+00 |  3.205E-12 |  1.120E-13 |   55356.87 |   55356.87 |   |
159.31700 | -29.56744 |  2.498E+13 |  1.000E+00 |  4.253E-12 |  1.565E-13 |   55356.87 |   55356.87 |   |
159.31700 | -29.56744 |  1.363E+13 |  1.000E+00 |  6.257E-12 |  4.040E-13 |   55356.87 |   55356.87 |   |
159.31700 | -29.56744 |  8.817E+13 |  1.000E+00 |  2.542E-12 |  1.150E-13 |   55356.80 |   55356.80 |   |
159.31700 | -29.56744 |  6.517E+13 |  1.000E+00 |  3.277E-12 |  9.650E-14 |   55356.80 |   55356.80 |   |
159.31700 | -29.56744 |  2.498E+13 |  1.000E+00 |  3.959E-12 |  1.535E-13 |   55356.80 |   55356.80 |   |
159.31700 | -29.56744 |  1.363E+13 |  1.000E+00 |  6.729E-12 |  5.955E-13 |   55356.80 |   55356.80 |   |
159.31700 | -29.56744 |  8.817E+13 |  1.000E+00 |  4.765E-12 |  1.100E-13 |   55356.80 |   55356.80 |   |
159.31700 | -29.56744 |  6.517E+13 |  1.000E+00 |  3.322E-12 |  1.135E-13 |   55356.80 |   55356.80 |   |
159.31700 | -29.56744 |  2.498E+13 |  1.000E+00 |  4.119E-12 |  1.365E-13 |   55356.80 |   55356.80 |   |
159.31700 | -29.56744 |  1.363E+13 |  1.000E+00 |  6.222E-12 |  5.450E-13 |   55356.80 |   55356.80 |   |
159.31700 | -29.56744 |  8.817E+13 |  1.000E+00 |  2.801E-12 |  1.085E-13 |   55356.67 |   55356.67 |   |
159.31700 | -29.56744 |  6.517E+13 |  1.000E+00 |  3.322E-12 |  1.165E-13 |   55356.67 |   55356.67 |   |
159.31700 | -29.56744 |  2.498E+13 |  1.000E+00 |  4.321E-12 |  1.510E-13 |   55356.67 |   55356.67 |   |
159.31700 | -29.56744 |  1.363E+13 |  1.000E+00 |  6.257E-12 |  4.500E-13 |   55356.67 |   55356.67 |   |
159.31700 | -29.56744 |  8.817E+13 |  1.000E+00 |  2.739E-12 |  1.190E-13 |   55356.67 |   55356.67 |   |
159.31700 | -29.56744 |  6.517E+13 |  1.000E+00 |  3.365E-12 |  1.085E-13 |   55356.67 |   55356.67 |   |
159.31700 | -29.56744 |  2.498E+13 |  1.000E+00 |  4.446E-12 |  1.310E-13 |   55356.67 |   55356.67 |   |
159.31700 | -29.56744 |  1.363E+13 |  1.000E+00 |  5.953E-12 |  4.060E-13 |   55356.67 |   55356.67 |   |
159.31700 | -29.56744 |  8.817E+13 |  1.000E+00 |  2.783E-12 |  9.500E-14 |   55356.61 |   55356.61 |   |
159.31700 | -29.56744 |  6.517E+13 |  1.000E+00 |  3.400E-12 |  9.700E-14 |   55356.61 |   55356.61 |   |
159.31700 | -29.56744 |  2.498E+13 |  1.000E+00 |  4.638E-12 |  1.580E-13 |   55356.61 |   55356.61 |   |
159.31700 | -29.56744 |  1.363E+13 |  1.000E+00 |  6.344E-12 |  3.975E-13 |   55356.61 |   55356.61 |   |
159.31700 | -29.56744 |  8.817E+13 |  1.000E+00 |  2.657E-12 |  9.800E-14 |   55356.54 |   55356.54 |   |
159.31700 | -29.56744 |  6.517E+13 |  1.000E+00 |  3.485E-12 |  9.950E-14 |   55356.54 |   55356.54 |   |
159.31700 | -29.56744 |  2.498E+13 |  1.000E+00 |  4.479E-12 |  1.525E-13 |   55356.54 |   55356.54 |   |
159.31700 | -29.56744 |  1.363E+13 |  1.000E+00 |  6.154E-12 |  4.995E-13 |   55356.54 |   55356.54 |   |
159.31700 | -29.56744 |  8.817E+13 |  1.000E+00 |  2.760E-12 |  9.150E-14 |   55356.41 |   55356.41 |   |
159.31700 | -29.56744 |  6.517E+13 |  1.000E+00 |  3.378E-12 |  9.650E-14 |   55356.41 |   55356.41 |   |
159.31700 | -29.56744 |  2.498E+13 |  1.000E+00 |  4.273E-12 |  1.415E-13 |   55356.41 |   55356.41 |   |
159.31700 | -29.56744 |  1.363E+13 |  1.000E+00 |  6.686E-12 |  4.995E-13 |   55356.41 |   55356.41 |   |
159.31700 | -29.56744 |  8.817E+13 |  1.000E+00 |  2.694E-12 |  1.140E-13 |   55356.27 |   55356.27 |   |
159.31700 | -29.56744 |  6.517E+13 |  1.000E+00 |  3.372E-12 |  9.600E-14 |   55356.27 |   55356.27 |   |
159.31700 | -29.56744 |  2.498E+13 |  1.000E+00 |  4.325E-12 |  1.315E-13 |   55356.27 |   55356.27 |   |
159.31700 | -29.56744 |  1.363E+13 |  1.000E+00 |  6.280E-12 |  5.445E-13 |   55356.27 |   55356.27 |   |
159.31700 | -29.56744 |  8.817E+13 |  1.000E+00 |  4.509E-12 |  1.205E-13 |   55545.41 |   55545.41 |   |
159.31700 | -29.56744 |  6.517E+13 |  1.000E+00 |  5.428E-12 |  1.150E-13 |   55545.41 |   55545.41 |   |
159.31700 | -29.56744 |  4.455E+14 |  1.000E+00 |  9.033E-13 |  0.000E+00 |   55000.00 |   55000.00 |   |
159.31700 | -29.56744 |  6.813E+14 |  1.000E+00 |  2.966E-12 |  1.245E-12 |   55000.00 |   55000.00 |   |
159.31700 | -29.56744 |  6.233E+14 |  1.000E+00 |  7.854E-13 |  2.585E-14 |   55000.00 |   55000.00 |   |
159.31700 | -29.56744 |  4.859E+14 |  1.000E+00 |  1.104E-12 |  1.045E-13 |   55000.00 |   55000.00 |   |
159.31700 | -29.56744 |  3.987E+14 |  1.000E+00 |  6.910E-13 |  1.455E-14 |   55000.00 |   55000.00 |   |
159.31700 | -29.56744 |  3.462E+14 |  1.000E+00 |  1.015E-12 |  1.826E-13 |   55000.00 |   55000.00 |   |
159.31700 | -29.56744 |  3.116E+14 |  1.000E+00 |  6.594E-13 |  1.815E-14 |   55000.00 |   55000.00 |   |
159.31700 | -29.56744 |  1.948E+15 |  1.000E+00 |  7.583E-13 |  1.214E-13 |   55000.00 |   55000.00 |   |
159.31700 | -29.56744 |  1.295E+15 |  1.000E+00 |  6.601E-13 |  6.525E-14 |   55000.00 |   55000.00 |   |
159.31700 | -29.56744 |  8.563E+14 |  1.000E+00 |  8.184E-13 |  2.585E-14 |   55000.00 |   55000.00 |   |
159.31700 | -29.56744 |  1.138E+15 |  1.000E+00 |  4.695E-13 |  1.300E-14 |   55000.00 |   55000.00 |   |
159.31700 | -29.56744 |  1.477E+15 |  1.000E+00 |  5.420E-13 |  1.645E-14 |   55000.00 |   55000.00 |   |
159.31700 | -29.56744 |  2.418E+17 |  1.000E+00 |  6.045E-13 |  5.425E-14 |   54672.40 |   54675.40 |   |
159.31700 | -29.56744 |  1.209E+17 |  1.000E+00 |  5.420E-13 |  4.900E-14 |   54672.40 |   54675.40 |   |
159.31700 | -29.56744 |  3.627E+17 |  1.000E+00 |  6.671E-13 |  5.950E-14 |   54672.40 |   54675.40 |   |
159.31700 | -29.56744 |  7.253E+17 |  1.000E+00 |  8.519E-13 |  4.540E-14 |   54672.40 |   54675.40 |   |
159.31700 | -29.56744 |  1.088E+18 |  1.000E+00 |  9.922E-13 |  9.670E-14 |   54672.40 |   54675.40 |   |
159.31700 | -29.56744 |  2.418E+17 |  1.000E+00 |  7.696E-13 |  7.660E-14 |   54685.00 |   54685.60 |   |
159.31700 | -29.56744 |  1.209E+17 |  1.000E+00 |  6.468E-13 |  6.880E-14 |   54685.00 |   54685.60 |   |
159.31700 | -29.56744 |  3.627E+17 |  1.000E+00 |  8.923E-13 |  8.450E-14 |   54685.00 |   54685.60 |   |
159.31700 | -29.56744 |  7.253E+17 |  1.000E+00 |  1.026E-12 |  6.125E-14 |   54685.00 |   54685.60 |   |
159.31700 | -29.56744 |  1.088E+18 |  1.000E+00 |  1.176E-12 |  1.300E-13 |   54685.00 |   54685.60 |   |
159.31700 | -29.56744 |  2.418E+23 |  1.000E+00 |  1.209E-12 |  2.114E-13 |   55000.00 |   55000.00 |   |
159.31700 | -29.56744 |  4.835E+22 |  1.000E+00 |  1.816E-12 |  9.973E-13 |   55000.00 |   55000.00 |   |
159.31700 | -29.56744 |  1.451E+23 |  1.000E+00 |  1.867E-12 |  3.685E-13 |   55000.00 |   55000.00 |   |
159.31700 | -29.56744 |  4.835E+23 |  1.000E+00 |  8.838E-13 |  2.349E-13 |   55000.00 |   55000.00 |   |
159.31700 | -29.56744 |  1.451E+24 |  1.000E+00 |  5.582E-13 |  2.262E-13 |   55000.00 |   55000.00 |   |
159.31700 | -29.56744 |  1.451E+25 |  1.000E+00 |  4.864E-13 |  0.000E+00 |   55000.00 |   55000.00 | UL|
159.31700 | -29.56744 |  2.418E+23 |  1.000E+00 |  1.186E-12 |  9.500E-14 |   55000.00 |   55000.00 |   |
159.31700 | -29.56744 |  1.813E+22 |  1.000E+00 |  1.097E-11 |  0.000E+00 |   55000.00 |   55000.00 | UL|
159.31700 | -29.56744 |  4.835E+22 |  1.000E+00 |  1.625E-12 |  7.050E-13 |   55000.00 |   55000.00 |   |
159.31700 | -29.56744 |  1.451E+23 |  1.000E+00 |  1.323E-12 |  1.795E-13 |   55000.00 |   55000.00 |   |
159.31700 | -29.56744 |  4.835E+23 |  1.000E+00 |  9.182E-13 |  1.145E-13 |   55000.00 |   55000.00 |   |
159.31700 | -29.56744 |  1.451E+24 |  1.000E+00 |  8.184E-13 |  1.328E-13 |   55000.00 |   55000.00 |   |
159.31700 | -29.56744 |  4.835E+24 |  1.000E+00 |  3.912E-13 |  1.591E-13 |   55000.00 |   55000.00 |   |
159.31700 | -29.56744 |  1.451E+25 |  1.000E+00 |  8.289E-13 |  0.000E+00 |   55000.00 |   55000.00 | UL|
159.31700 | -29.56744 |  1.451E+26 |  1.000E+00 |  2.079E-13 |  1.750E-13 |   55000.00 |   55000.00 |   |
159.31700 | -29.56744 |  4.835E+24 |  1.000E+00 |  3.912E-13 |  1.591E-13 |   55000.00 |   55000.00 |   |
159.31700 | -29.56744 |  1.451E+26 |  1.000E+00 |  3.833E-13 |  3.226E-13 |   55000.00 |   55000.00 |   |
