195.17100 |  14.29150 |  1.400E+09 |  1.000E+00 |  3.114E-15 |  2.500E-18 |   55000.00 |   55000.00 |   |
195.17100 |  14.29150 |  1.400E+09 |  1.000E+00 |  1.371E-15 |  4.200E-17 |   55000.00 |   55000.00 |   |
195.17100 |  14.29150 |  3.000E+09 |  1.000E+00 |  3.390E-15 |  2.200E-17 |   55000.00 |   55000.00 |   |
195.17100 |  14.29150 |  1.500E+08 |  1.000E+00 |  5.175E-17 |  7.800E-18 |   55000.00 |   55000.00 |   |
195.17100 |  14.29150 |  8.400E+09 |  1.000E+00 |  1.245E-14 |  0.000E+00 |   55000.00 |   55000.00 |   |
195.17100 |  14.29150 |  4.850E+09 |  1.000E+00 |  7.275E-15 |  0.000E+00 |   55000.00 |   55000.00 |   |
195.17100 |  14.29150 |  1.400E+09 |  1.000E+00 |  8.932E-15 |  0.000E+00 |   55000.00 |   55000.00 |   |
195.17100 |  14.29150 |  2.850E+11 |  1.000E+00 |  1.339E-13 |  1.425E-14 |   57140.00 |   57140.00 |   |
195.17100 |  14.29150 |  9.506E+10 |  1.000E+00 |  1.274E-13 |  9.500E-15 |   57140.00 |   57140.00 |   |
195.17100 |  14.29150 |  1.430E+11 |  1.000E+00 |  3.260E-13 |  5.765E-14 |   55000.00 |   55000.00 |   |
195.17100 |  14.29150 |  2.170E+11 |  1.000E+00 |  3.210E-13 |  5.805E-14 |   55000.00 |   55000.00 |   |
195.17100 |  14.29150 |  8.817E+13 |  1.000E+00 |  3.269E-13 |  9.650E-15 |   55000.00 |   55000.00 |   |
195.17100 |  14.29150 |  6.517E+13 |  1.000E+00 |  3.381E-13 |  1.120E-14 |   55000.00 |   55000.00 |   |
195.17100 |  14.29150 |  2.498E+13 |  1.000E+00 |  2.491E-13 |  3.750E-14 |   55000.00 |   55000.00 |   |
195.17100 |  14.29150 |  1.363E+13 |  1.000E+00 |  5.400E-13 |  0.000E+00 |   55000.00 |   55000.00 | UL|
195.17100 |  14.29150 |  8.817E+13 |  1.000E+00 |  1.927E-13 |  2.525E-14 |   55373.15 |   55373.15 |   |
195.17100 |  14.29150 |  6.517E+13 |  1.000E+00 |  2.193E-13 |  3.305E-14 |   55373.15 |   55373.15 |   |
195.17100 |  14.29150 |  2.498E+13 |  1.000E+00 |  4.285E-13 |  1.056E-13 |   55373.15 |   55373.15 |   |
195.17100 |  14.29150 |  1.363E+13 |  1.000E+00 |  8.978E-13 |  0.000E+00 |   55373.15 |   55373.15 | UL|
195.17100 |  14.29150 |  8.817E+13 |  1.000E+00 |  2.216E-13 |  2.435E-14 |   55373.02 |   55373.02 |   |
195.17100 |  14.29150 |  6.517E+13 |  1.000E+00 |  1.271E-13 |  3.376E-14 |   55373.02 |   55373.02 |   |
195.17100 |  14.29150 |  2.498E+13 |  1.000E+00 |  3.191E-13 |  1.068E-13 |   55373.02 |   55373.02 |   |
195.17100 |  14.29150 |  1.363E+13 |  1.000E+00 |  1.588E-12 |  0.000E+00 |   55373.02 |   55373.02 | UL|
195.17100 |  14.29150 |  8.817E+13 |  1.000E+00 |  5.003E-13 |  2.855E-14 |   55560.88 |   55560.88 |   |
195.17100 |  14.29150 |  6.517E+13 |  1.000E+00 |  3.623E-13 |  3.875E-14 |   55560.88 |   55560.88 |   |
195.17100 |  14.29150 |  8.817E+13 |  1.000E+00 |  3.750E-13 |  2.665E-14 |   55561.01 |   55561.01 |   |
195.17100 |  14.29150 |  6.517E+13 |  1.000E+00 |  4.702E-13 |  3.945E-14 |   55561.01 |   55561.01 |   |
195.17100 |  14.29150 |  8.817E+13 |  1.000E+00 |  3.880E-13 |  3.795E-14 |   55561.08 |   55561.08 |   |
195.17100 |  14.29150 |  6.517E+13 |  1.000E+00 |  4.084E-13 |  4.220E-14 |   55561.08 |   55561.08 |   |
195.17100 |  14.29150 |  8.817E+13 |  1.000E+00 |  2.358E-13 |  3.110E-14 |   55561.14 |   55561.14 |   |
195.17100 |  14.29150 |  6.517E+13 |  1.000E+00 |  5.001E-13 |  4.150E-14 |   55561.14 |   55561.14 |   |
195.17100 |  14.29150 |  8.817E+13 |  1.000E+00 |  4.278E-13 |  2.880E-14 |   55561.21 |   55561.21 |   |
195.17100 |  14.29150 |  6.517E+13 |  1.000E+00 |  4.344E-13 |  3.845E-14 |   55561.21 |   55561.21 |   |
195.17100 |  14.29150 |  8.817E+13 |  1.000E+00 |  4.778E-13 |  2.815E-14 |   55561.28 |   55561.28 |   |
195.17100 |  14.29150 |  6.517E+13 |  1.000E+00 |  5.015E-13 |  4.205E-14 |   55561.28 |   55561.28 |   |
195.17100 |  14.29150 |  8.817E+13 |  1.000E+00 |  4.097E-13 |  2.760E-14 |   55561.34 |   55561.34 |   |
195.17100 |  14.29150 |  6.517E+13 |  1.000E+00 |  4.183E-13 |  3.745E-14 |   55561.34 |   55561.34 |   |
195.17100 |  14.29150 |  8.817E+13 |  1.000E+00 |  3.761E-13 |  2.775E-14 |   55561.48 |   55561.48 |   |
195.17100 |  14.29150 |  6.517E+13 |  1.000E+00 |  4.340E-13 |  3.640E-14 |   55561.48 |   55561.48 |   |
195.17100 |  14.29150 |  8.817E+13 |  1.000E+00 |  3.887E-13 |  3.010E-14 |   55561.61 |   55561.61 |   |
195.17100 |  14.29150 |  6.517E+13 |  1.000E+00 |  4.671E-13 |  4.180E-14 |   55561.61 |   55561.61 |   |
195.17100 |  14.29150 |  8.817E+13 |  1.000E+00 |  4.204E-13 |  2.910E-14 |   55561.61 |   55561.61 |   |
195.17100 |  14.29150 |  6.517E+13 |  1.000E+00 |  4.654E-13 |  3.735E-14 |   55561.61 |   55561.61 |   |
195.17100 |  14.29150 |  8.817E+13 |  1.000E+00 |  4.840E-13 |  2.940E-14 |   55561.74 |   55561.74 |   |
195.17100 |  14.29150 |  6.517E+13 |  1.000E+00 |  4.776E-13 |  3.655E-14 |   55561.74 |   55561.74 |   |
195.17100 |  14.29150 |  8.817E+13 |  1.000E+00 |  2.662E-13 |  2.725E-14 |   55372.16 |   55372.16 |   |
195.17100 |  14.29150 |  6.517E+13 |  1.000E+00 |  2.534E-13 |  3.420E-14 |   55372.16 |   55372.16 |   |
195.17100 |  14.29150 |  2.498E+13 |  1.000E+00 |  3.496E-13 |  1.201E-13 |   55372.16 |   55372.16 |   |
195.17100 |  14.29150 |  1.363E+13 |  1.000E+00 |  1.086E-12 |  5.071E-13 |   55372.16 |   55372.16 |   |
195.17100 |  14.29150 |  8.817E+13 |  1.000E+00 |  2.503E-13 |  2.560E-14 |   55372.29 |   55372.29 |   |
195.17100 |  14.29150 |  6.517E+13 |  1.000E+00 |  2.591E-13 |  3.495E-14 |   55372.29 |   55372.29 |   |
195.17100 |  14.29150 |  2.498E+13 |  1.000E+00 |  4.321E-13 |  0.000E+00 |   55372.29 |   55372.29 | UL|
195.17100 |  14.29150 |  1.363E+13 |  1.000E+00 |  9.187E-13 |  0.000E+00 |   55372.29 |   55372.29 | UL|
195.17100 |  14.29150 |  8.817E+13 |  1.000E+00 |  2.421E-13 |  2.590E-14 |   55372.43 |   55372.43 |   |
195.17100 |  14.29150 |  6.517E+13 |  1.000E+00 |  2.534E-13 |  3.230E-14 |   55372.43 |   55372.43 |   |
195.17100 |  14.29150 |  2.498E+13 |  1.000E+00 |  3.391E-13 |  0.000E+00 |   55372.43 |   55372.43 | UL|
195.17100 |  14.29150 |  1.363E+13 |  1.000E+00 |  1.227E-12 |  0.000E+00 |   55372.43 |   55372.43 | UL|
195.17100 |  14.29150 |  8.817E+13 |  1.000E+00 |  2.424E-13 |  2.480E-14 |   55372.43 |   55372.43 |   |
195.17100 |  14.29150 |  6.517E+13 |  1.000E+00 |  2.786E-13 |  3.240E-14 |   55372.43 |   55372.43 |   |
195.17100 |  14.29150 |  2.498E+13 |  1.000E+00 |  3.136E-13 |  1.114E-13 |   55372.43 |   55372.43 |   |
195.17100 |  14.29150 |  1.363E+13 |  1.000E+00 |  1.403E-12 |  0.000E+00 |   55372.43 |   55372.43 | UL|
195.17100 |  14.29150 |  8.817E+13 |  1.000E+00 |  2.775E-13 |  2.510E-14 |   55372.56 |   55372.56 |   |
195.17100 |  14.29150 |  6.517E+13 |  1.000E+00 |  2.929E-13 |  3.790E-14 |   55372.56 |   55372.56 |   |
195.17100 |  14.29150 |  2.498E+13 |  1.000E+00 |  4.253E-13 |  0.000E+00 |   55372.56 |   55372.56 | UL|
195.17100 |  14.29150 |  1.363E+13 |  1.000E+00 |  8.263E-13 |  4.221E-13 |   55372.56 |   55372.56 |   |
195.17100 |  14.29150 |  8.817E+13 |  1.000E+00 |  2.312E-13 |  2.710E-14 |   55372.62 |   55372.62 |   |
195.17100 |  14.29150 |  6.517E+13 |  1.000E+00 |  2.586E-13 |  4.210E-14 |   55372.62 |   55372.62 |   |
195.17100 |  14.29150 |  2.498E+13 |  1.000E+00 |  4.273E-13 |  0.000E+00 |   55372.62 |   55372.62 | UL|
195.17100 |  14.29150 |  1.363E+13 |  1.000E+00 |  8.150E-13 |  0.000E+00 |   55372.62 |   55372.62 | UL|
195.17100 |  14.29150 |  8.817E+13 |  1.000E+00 |  2.946E-13 |  2.715E-14 |   55372.69 |   55372.69 |   |
195.17100 |  14.29150 |  6.517E+13 |  1.000E+00 |  2.163E-13 |  3.340E-14 |   55372.69 |   55372.69 |   |
195.17100 |  14.29150 |  2.498E+13 |  1.000E+00 |  3.056E-13 |  1.059E-13 |   55372.69 |   55372.69 |   |
195.17100 |  14.29150 |  1.363E+13 |  1.000E+00 |  7.655E-13 |  0.000E+00 |   55372.69 |   55372.69 | UL|
195.17100 |  14.29150 |  8.817E+13 |  1.000E+00 |  2.650E-13 |  2.445E-14 |   55372.76 |   55372.76 |   |
195.17100 |  14.29150 |  6.517E+13 |  1.000E+00 |  1.875E-13 |  3.335E-14 |   55372.76 |   55372.76 |   |
195.17100 |  14.29150 |  2.498E+13 |  1.000E+00 |  2.368E-13 |  1.181E-13 |   55372.76 |   55372.76 |   |
195.17100 |  14.29150 |  1.363E+13 |  1.000E+00 |  9.523E-13 |  0.000E+00 |   55372.76 |   55372.76 | UL|
195.17100 |  14.29150 |  8.817E+13 |  1.000E+00 |  2.597E-13 |  2.445E-14 |   55372.82 |   55372.82 |   |
195.17100 |  14.29150 |  6.517E+13 |  1.000E+00 |  1.788E-13 |  3.295E-14 |   55372.82 |   55372.82 |   |
195.17100 |  14.29150 |  2.498E+13 |  1.000E+00 |  4.417E-13 |  0.000E+00 |   55372.82 |   55372.82 | UL|
195.17100 |  14.29150 |  1.363E+13 |  1.000E+00 |  1.027E-12 |  0.000E+00 |   55372.82 |   55372.82 | UL|
195.17100 |  14.29150 |  8.817E+13 |  1.000E+00 |  2.285E-13 |  2.740E-14 |   55372.89 |   55372.89 |   |
195.17100 |  14.29150 |  6.517E+13 |  1.000E+00 |  2.610E-13 |  3.495E-14 |   55372.89 |   55372.89 |   |
195.17100 |  14.29150 |  2.498E+13 |  1.000E+00 |  2.699E-13 |  0.000E+00 |   55372.89 |   55372.89 | UL|
195.17100 |  14.29150 |  1.363E+13 |  1.000E+00 |  1.139E-12 |  0.000E+00 |   55372.89 |   55372.89 | UL|
195.17100 |  14.29150 |  8.817E+13 |  1.000E+00 |  4.200E-13 |  2.865E-14 |   55560.75 |   55560.75 |   |
195.17100 |  14.29150 |  6.517E+13 |  1.000E+00 |  4.114E-13 |  3.715E-14 |   55560.75 |   55560.75 |   |
195.17100 |  14.29150 |  4.859E+14 |  1.000E+00 |  3.151E-14 |  5.350E-15 |   55000.00 |   55000.00 |   |
195.17100 |  14.29150 |  3.987E+14 |  1.000E+00 |  5.924E-14 |  3.230E-15 |   55000.00 |   55000.00 |   |
195.17100 |  14.29150 |  3.462E+14 |  1.000E+00 |  6.268E-14 |  5.920E-15 |   55000.00 |   55000.00 |   |
195.17100 |  14.29150 |  3.116E+14 |  1.000E+00 |  1.274E-13 |  1.575E-14 |   55000.00 |   55000.00 |   |
195.17100 |  14.29150 |  8.402E+14 |  1.000E+00 |  5.307E-15 |  3.640E-15 |   55000.00 |   55000.00 |   |
195.17100 |  14.29150 |  6.443E+14 |  1.000E+00 |  1.345E-14 |  3.845E-15 |   55000.00 |   55000.00 |   |
195.17100 |  14.29150 |  4.876E+14 |  1.000E+00 |  3.220E-14 |  4.785E-15 |   55000.00 |   55000.00 |   |
195.17100 |  14.29150 |  4.014E+14 |  1.000E+00 |  7.274E-14 |  5.545E-15 |   55000.00 |   55000.00 |   |
195.17100 |  14.29150 |  3.382E+14 |  1.000E+00 |  1.253E-13 |  1.610E-14 |   55000.00 |   55000.00 |   |
195.17100 |  14.29150 |  2.418E+23 |  1.000E+00 |  1.235E-12 |  2.150E-13 |   55000.00 |   55000.00 |   |
195.17100 |  14.29150 |  4.835E+22 |  1.000E+00 |  5.644E-12 |  6.720E-13 |   55000.00 |   55000.00 |   |
195.17100 |  14.29150 |  1.451E+23 |  1.000E+00 |  1.653E-12 |  2.840E-13 |   55000.00 |   55000.00 |   |
195.17100 |  14.29150 |  4.835E+23 |  1.000E+00 |  5.144E-13 |  1.728E-13 |   55000.00 |   55000.00 |   |
195.17100 |  14.29150 |  1.451E+24 |  1.000E+00 |  3.142E-13 |  1.757E-13 |   55000.00 |   55000.00 |   |
195.17100 |  14.29150 |  1.451E+25 |  1.000E+00 |  2.575E-13 |  0.000E+00 |   55000.00 |   55000.00 | UL|
195.17100 |  14.29150 |  2.418E+23 |  1.000E+00 |  1.065E-12 |  1.083E-13 |   55000.00 |   55000.00 |   |
195.17100 |  14.29150 |  1.813E+22 |  1.000E+00 |  4.006E-12 |  2.174E-12 |   55000.00 |   55000.00 |   |
195.17100 |  14.29150 |  4.835E+22 |  1.000E+00 |  3.027E-12 |  3.680E-13 |   55000.00 |   55000.00 |   |
195.17100 |  14.29150 |  1.451E+23 |  1.000E+00 |  1.711E-12 |  1.530E-13 |   55000.00 |   55000.00 |   |
195.17100 |  14.29150 |  4.835E+23 |  1.000E+00 |  5.898E-13 |  9.390E-14 |   55000.00 |   55000.00 |   |
195.17100 |  14.29150 |  1.451E+24 |  1.000E+00 |  3.155E-13 |  9.175E-14 |   55000.00 |   55000.00 |   |
195.17100 |  14.29150 |  4.835E+24 |  1.000E+00 |  1.588E-13 |  1.004E-13 |   55000.00 |   55000.00 |   |
195.17100 |  14.29150 |  1.451E+25 |  1.000E+00 |  5.401E-13 |  0.000E+00 |   55000.00 |   55000.00 | UL|
195.17100 |  14.29150 |  1.451E+26 |  1.000E+00 |  8.208E-13 |  0.000E+00 |   55000.00 |   55000.00 | UL|
