201.75354 |  22.18061 |  1.400E+09 |  1.000E+00 |  1.718E-14 |  5.000E-18 |   55000.00 |   55000.00 |   |
201.75354 |  22.18061 |  2.418E+17 |  1.000E+00 |  4.720E-13 |  1.581E-13 |   55000.00 |   55000.00 |   |
201.75354 |  22.18061 |  2.418E+17 |  1.000E+00 |  3.521E-13 |  2.140E-14 |   54078.00 |   54078.00 |   |
201.75354 |  22.18061 |  7.253E+17 |  1.000E+00 |  5.846E-13 |  2.070E-14 |   55000.00 |   55000.00 |   |
201.75354 |  22.18061 |  1.209E+17 |  1.000E+00 |  2.812E-13 |  1.760E-14 |   54078.00 |   54078.00 |   |
201.75354 |  22.18061 |  3.627E+17 |  1.000E+00 |  4.230E-13 |  2.520E-14 |   54078.00 |   54078.00 |   |
201.75354 |  22.18061 |  7.253E+17 |  1.000E+00 |  6.437E-13 |  2.290E-14 |   54078.00 |   54078.00 |   |
201.75354 |  22.18061 |  1.088E+18 |  1.000E+00 |  8.212E-13 |  4.935E-14 |   54078.00 |   54078.00 |   |
201.75354 |  22.18061 |  1.209E+17 |  1.000E+00 |  4.216E-13 |  2.730E-14 |   55000.00 |   55000.00 |   |
201.75354 |  22.18061 |  3.627E+17 |  1.000E+00 |  4.646E-13 |  2.850E-14 |   55000.00 |   55000.00 |   |
201.75354 |  22.18061 |  1.088E+18 |  1.000E+00 |  8.097E-13 |  5.015E-14 |   55000.00 |   55000.00 |   |
201.75354 |  22.18061 |  1.400E+09 |  1.000E+00 |  1.190E-14 |  3.600E-16 |   55000.00 |   55000.00 |   |
201.75354 |  22.18061 |  1.500E+08 |  1.000E+00 |  5.164E-16 |  5.195E-17 |   55000.00 |   55000.00 |   |
201.75354 |  22.18061 |  8.400E+09 |  1.000E+00 |  8.266E-14 |  0.000E+00 |   55000.00 |   55000.00 |   |
201.75354 |  22.18061 |  4.800E+09 |  1.000E+00 |  3.106E-14 |  2.735E-15 |   55000.00 |   55000.00 |   |
201.75354 |  22.18061 |  4.800E+09 |  1.000E+00 |  4.075E-14 |  5.470E-15 |   55000.00 |   55000.00 |   |
201.75354 |  22.18061 |  4.850E+09 |  1.000E+00 |  4.074E-14 |  0.000E+00 |   55000.00 |   55000.00 |   |
201.75354 |  22.18061 |  1.400E+09 |  1.000E+00 |  3.290E-15 |  0.000E+00 |   55000.00 |   55000.00 |   |
201.75354 |  22.18061 |  3.650E+08 |  1.000E+00 |  2.716E-15 |  0.000E+00 |   55000.00 |   55000.00 |   |
201.75354 |  22.18061 |  1.035E+11 |  1.000E+00 |  4.140E-13 |  2.070E-14 |   56656.00 |   56656.00 |   |
201.75354 |  22.18061 |  9.146E+10 |  1.000E+00 |  3.841E-13 |  1.830E-14 |   56656.00 |   56656.00 |   |
201.75354 |  22.18061 |  2.850E+11 |  1.000E+00 |  2.793E-13 |  2.850E-14 |   57140.00 |   57140.00 |   |
201.75354 |  22.18061 |  9.506E+10 |  1.000E+00 |  2.937E-13 |  2.855E-14 |   57140.00 |   57140.00 |   |
201.75354 |  22.18061 |  9.746E+10 |  1.000E+00 |  3.158E-13 |  2.925E-14 |   57308.00 |   57308.00 |   |
201.75354 |  22.18061 |  1.076E+11 |  1.000E+00 |  3.248E-13 |  1.625E-14 |   57394.41 |   57394.41 |   |
201.75354 |  22.18061 |  1.075E+11 |  1.000E+00 |  3.233E-13 |  1.610E-14 |   57453.29 |   57453.29 |   |
201.75354 |  22.18061 |  2.330E+11 |  1.000E+00 |  3.844E-13 |  1.865E-14 |   57859.00 |   57859.00 |   |
201.75354 |  22.18061 |  2.627E+11 |  1.000E+00 |  4.253E-13 |  2.130E-14 |   57890.00 |   57890.00 |   |
201.75354 |  22.18061 |  3.450E+11 |  1.000E+00 |  4.840E-13 |  2.415E-14 |   57890.07 |   57890.07 |   |
201.75354 |  22.18061 |  9.198E+10 |  1.000E+00 |  4.392E-13 |  2.200E-14 |   57982.85 |   57982.85 |   |
201.75354 |  22.18061 |  3.435E+11 |  1.000E+00 |  9.721E-13 |  4.800E-14 |   58139.00 |   58139.00 |   |
201.75354 |  22.18061 |  1.035E+11 |  1.000E+00 |  6.293E-13 |  3.105E-14 |   58139.00 |   58139.00 |   |
201.75354 |  22.18061 |  9.150E+10 |  1.000E+00 |  5.883E-13 |  2.925E-14 |   58139.00 |   58139.00 |   |
201.75354 |  22.18061 |  1.000E+11 |  1.000E+00 |  8.800E-13 |  5.085E-14 |   55000.00 |   55000.00 |   |
201.75354 |  22.18061 |  1.430E+11 |  1.000E+00 |  8.999E-13 |  5.075E-14 |   55000.00 |   55000.00 |   |
201.75354 |  22.18061 |  2.170E+11 |  1.000E+00 |  1.102E-12 |  6.000E-14 |   55000.00 |   55000.00 |   |
201.75354 |  22.18061 |  3.530E+11 |  1.000E+00 |  1.229E-12 |  1.915E-13 |   55000.00 |   55000.00 |   |
201.75354 |  22.18061 |  3.000E+10 |  1.000E+00 |  3.617E-13 |  1.715E-14 |   55000.00 |   55000.00 |   |
201.75354 |  22.18061 |  4.400E+10 |  1.000E+00 |  5.962E-13 |  4.695E-14 |   55000.00 |   55000.00 |   |
201.75354 |  22.18061 |  7.000E+10 |  1.000E+00 |  6.513E-13 |  4.235E-14 |   55000.00 |   55000.00 |   |
201.75354 |  22.18061 |  1.000E+11 |  1.000E+00 |  8.666E-13 |  3.320E-14 |   55000.00 |   55000.00 |   |
201.75354 |  22.18061 |  1.430E+11 |  1.000E+00 |  1.013E-12 |  5.180E-14 |   55000.00 |   55000.00 |   |
201.75354 |  22.18061 |  2.170E+11 |  1.000E+00 |  1.199E-12 |  8.150E-14 |   55000.00 |   55000.00 |   |
201.75354 |  22.18061 |  3.530E+11 |  1.000E+00 |  1.354E-12 |  2.015E-13 |   55000.00 |   55000.00 |   |
201.75354 |  22.18061 |  5.450E+11 |  1.000E+00 |  1.656E-12 |  5.515E-13 |   55000.00 |   55000.00 |   |
201.75354 |  22.18061 |  8.817E+13 |  1.000E+00 |  8.679E-13 |  2.000E-14 |   55000.00 |   55000.00 |   |
201.75354 |  22.18061 |  6.517E+13 |  1.000E+00 |  1.055E-12 |  2.400E-14 |   55000.00 |   55000.00 |   |
201.75354 |  22.18061 |  2.498E+13 |  1.000E+00 |  1.058E-12 |  3.900E-14 |   55000.00 |   55000.00 |   |
201.75354 |  22.18061 |  1.363E+13 |  1.000E+00 |  1.448E-12 |  1.390E-13 |   55000.00 |   55000.00 |   |
201.75354 |  22.18061 |  8.817E+13 |  1.000E+00 |  1.057E-12 |  3.800E-14 |   55563.86 |   55563.86 |   |
201.75354 |  22.18061 |  6.517E+13 |  1.000E+00 |  1.301E-12 |  4.900E-14 |   55563.86 |   55563.86 |   |
201.75354 |  22.18061 |  8.817E+13 |  1.000E+00 |  7.146E-13 |  3.685E-14 |   55375.54 |   55375.54 |   |
201.75354 |  22.18061 |  6.517E+13 |  1.000E+00 |  7.710E-13 |  4.620E-14 |   55375.54 |   55375.54 |   |
201.75354 |  22.18061 |  2.498E+13 |  1.000E+00 |  9.699E-13 |  1.073E-13 |   55375.54 |   55375.54 |   |
201.75354 |  22.18061 |  1.363E+13 |  1.000E+00 |  1.973E-12 |  4.865E-13 |   55375.54 |   55375.54 |   |
201.75354 |  22.18061 |  8.817E+13 |  1.000E+00 |  9.864E-13 |  3.990E-14 |   55564.12 |   55564.12 |   |
201.75354 |  22.18061 |  6.517E+13 |  1.000E+00 |  1.290E-12 |  5.000E-14 |   55564.12 |   55564.12 |   |
201.75354 |  22.18061 |  8.817E+13 |  1.000E+00 |  7.009E-13 |  3.615E-14 |   55375.67 |   55375.67 |   |
201.75354 |  22.18061 |  6.517E+13 |  1.000E+00 |  8.540E-13 |  4.800E-14 |   55375.67 |   55375.67 |   |
201.75354 |  22.18061 |  2.498E+13 |  1.000E+00 |  1.008E-12 |  1.034E-13 |   55375.67 |   55375.67 |   |
201.75354 |  22.18061 |  1.363E+13 |  1.000E+00 |  1.199E-12 |  4.116E-13 |   55375.67 |   55375.67 |   |
201.75354 |  22.18061 |  8.817E+13 |  1.000E+00 |  5.889E-13 |  3.580E-14 |   55375.80 |   55375.80 |   |
201.75354 |  22.18061 |  6.517E+13 |  1.000E+00 |  7.675E-13 |  4.955E-14 |   55375.80 |   55375.80 |   |
201.75354 |  22.18061 |  2.498E+13 |  1.000E+00 |  9.540E-13 |  1.063E-13 |   55375.80 |   55375.80 |   |
201.75354 |  22.18061 |  1.363E+13 |  1.000E+00 |  1.049E-12 |  3.779E-13 |   55375.80 |   55375.80 |   |
201.75354 |  22.18061 |  8.817E+13 |  1.000E+00 |  1.204E-12 |  4.000E-14 |   55563.13 |   55563.13 |   |
201.75354 |  22.18061 |  6.517E+13 |  1.000E+00 |  1.389E-12 |  5.250E-14 |   55563.13 |   55563.13 |   |
201.75354 |  22.18061 |  8.817E+13 |  1.000E+00 |  1.073E-12 |  4.150E-14 |   55563.26 |   55563.26 |   |
201.75354 |  22.18061 |  6.517E+13 |  1.000E+00 |  1.268E-12 |  5.000E-14 |   55563.26 |   55563.26 |   |
201.75354 |  22.18061 |  8.817E+13 |  1.000E+00 |  1.146E-12 |  4.300E-14 |   55563.39 |   55563.39 |   |
201.75354 |  22.18061 |  6.517E+13 |  1.000E+00 |  1.384E-12 |  4.950E-14 |   55563.39 |   55563.39 |   |
201.75354 |  22.18061 |  8.817E+13 |  1.000E+00 |  9.937E-13 |  3.755E-14 |   55563.46 |   55563.46 |   |
201.75354 |  22.18061 |  6.517E+13 |  1.000E+00 |  1.232E-12 |  5.100E-14 |   55563.46 |   55563.46 |   |
201.75354 |  22.18061 |  8.817E+13 |  1.000E+00 |  1.111E-12 |  3.750E-14 |   55563.52 |   55563.52 |   |
201.75354 |  22.18061 |  6.517E+13 |  1.000E+00 |  1.290E-12 |  5.450E-14 |   55563.52 |   55563.52 |   |
201.75354 |  22.18061 |  8.817E+13 |  1.000E+00 |  1.103E-12 |  4.250E-14 |   55563.59 |   55563.59 |   |
201.75354 |  22.18061 |  6.517E+13 |  1.000E+00 |  1.217E-12 |  5.150E-14 |   55563.59 |   55563.59 |   |
201.75354 |  22.18061 |  8.817E+13 |  1.000E+00 |  1.125E-12 |  4.100E-14 |   55563.66 |   55563.66 |   |
201.75354 |  22.18061 |  6.517E+13 |  1.000E+00 |  1.348E-12 |  5.600E-14 |   55563.66 |   55563.66 |   |
201.75354 |  22.18061 |  8.817E+13 |  1.000E+00 |  1.089E-12 |  4.000E-14 |   55563.72 |   55563.72 |   |
201.75354 |  22.18061 |  6.517E+13 |  1.000E+00 |  1.314E-12 |  5.100E-14 |   55563.72 |   55563.72 |   |
201.75354 |  22.18061 |  8.817E+13 |  1.000E+00 |  1.098E-12 |  4.250E-14 |   55563.79 |   55563.79 |   |
201.75354 |  22.18061 |  6.517E+13 |  1.000E+00 |  1.317E-12 |  5.700E-14 |   55563.79 |   55563.79 |   |
201.75354 |  22.18061 |  8.817E+13 |  1.000E+00 |  7.785E-13 |  3.515E-14 |   55203.35 |   55203.35 |   |
201.75354 |  22.18061 |  6.517E+13 |  1.000E+00 |  1.026E-12 |  5.385E-14 |   55203.35 |   55203.35 |   |
201.75354 |  22.18061 |  2.498E+13 |  1.000E+00 |  1.437E-12 |  1.445E-13 |   55203.35 |   55203.35 |   |
201.75354 |  22.18061 |  1.363E+13 |  1.000E+00 |  2.194E-12 |  4.600E-13 |   55203.35 |   55203.35 |   |
201.75354 |  22.18061 |  8.817E+13 |  1.000E+00 |  6.602E-13 |  3.775E-14 |   55374.68 |   55374.68 |   |
201.75354 |  22.18061 |  6.517E+13 |  1.000E+00 |  8.423E-13 |  4.265E-14 |   55374.68 |   55374.68 |   |
201.75354 |  22.18061 |  2.498E+13 |  1.000E+00 |  1.010E-12 |  1.045E-13 |   55374.68 |   55374.68 |   |
201.75354 |  22.18061 |  1.363E+13 |  1.000E+00 |  1.522E-12 |  0.000E+00 |   55374.68 |   55374.68 | UL|
201.75354 |  22.18061 |  8.817E+13 |  1.000E+00 |  6.481E-13 |  3.705E-14 |   55374.81 |   55374.81 |   |
201.75354 |  22.18061 |  6.517E+13 |  1.000E+00 |  9.067E-13 |  5.930E-14 |   55374.81 |   55374.81 |   |
201.75354 |  22.18061 |  2.498E+13 |  1.000E+00 |  9.400E-13 |  1.363E-13 |   55374.81 |   55374.81 |   |
201.75354 |  22.18061 |  1.363E+13 |  1.000E+00 |  2.045E-12 |  3.940E-13 |   55374.81 |   55374.81 |   |
201.75354 |  22.18061 |  8.817E+13 |  1.000E+00 |  6.977E-13 |  3.535E-14 |   55374.94 |   55374.94 |   |
201.75354 |  22.18061 |  6.517E+13 |  1.000E+00 |  8.493E-13 |  5.475E-14 |   55374.94 |   55374.94 |   |
201.75354 |  22.18061 |  2.498E+13 |  1.000E+00 |  1.189E-12 |  1.055E-13 |   55374.94 |   55374.94 |   |
201.75354 |  22.18061 |  1.363E+13 |  1.000E+00 |  1.484E-12 |  0.000E+00 |   55374.94 |   55374.94 | UL|
201.75354 |  22.18061 |  8.817E+13 |  1.000E+00 |  7.239E-13 |  3.470E-14 |   55375.07 |   55375.07 |   |
201.75354 |  22.18061 |  6.517E+13 |  1.000E+00 |  8.254E-13 |  4.565E-14 |   55375.07 |   55375.07 |   |
201.75354 |  22.18061 |  2.498E+13 |  1.000E+00 |  1.262E-12 |  1.130E-13 |   55375.07 |   55375.07 |   |
201.75354 |  22.18061 |  1.363E+13 |  1.000E+00 |  2.057E-12 |  4.835E-13 |   55375.07 |   55375.07 |   |
201.75354 |  22.18061 |  8.817E+13 |  1.000E+00 |  6.731E-13 |  3.655E-14 |   55375.14 |   55375.14 |   |
201.75354 |  22.18061 |  6.517E+13 |  1.000E+00 |  8.779E-13 |  4.450E-14 |   55375.14 |   55375.14 |   |
201.75354 |  22.18061 |  2.498E+13 |  1.000E+00 |  1.014E-12 |  1.075E-13 |   55375.14 |   55375.14 |   |
201.75354 |  22.18061 |  1.363E+13 |  1.000E+00 |  1.063E-12 |  4.035E-13 |   55375.14 |   55375.14 |   |
201.75354 |  22.18061 |  8.817E+13 |  1.000E+00 |  6.626E-13 |  3.480E-14 |   55375.21 |   55375.21 |   |
201.75354 |  22.18061 |  6.517E+13 |  1.000E+00 |  8.901E-13 |  4.590E-14 |   55375.21 |   55375.21 |   |
201.75354 |  22.18061 |  2.498E+13 |  1.000E+00 |  1.068E-12 |  1.063E-13 |   55375.21 |   55375.21 |   |
201.75354 |  22.18061 |  1.363E+13 |  1.000E+00 |  1.094E-12 |  4.505E-13 |   55375.21 |   55375.21 |   |
201.75354 |  22.18061 |  8.817E+13 |  1.000E+00 |  7.087E-13 |  3.725E-14 |   55375.27 |   55375.27 |   |
201.75354 |  22.18061 |  6.517E+13 |  1.000E+00 |  8.201E-13 |  5.065E-14 |   55375.27 |   55375.27 |   |
201.75354 |  22.18061 |  2.498E+13 |  1.000E+00 |  1.004E-12 |  1.085E-13 |   55375.27 |   55375.27 |   |
201.75354 |  22.18061 |  1.363E+13 |  1.000E+00 |  1.333E-12 |  5.710E-13 |   55375.27 |   55375.27 |   |
201.75354 |  22.18061 |  8.817E+13 |  1.000E+00 |  6.481E-13 |  3.525E-14 |   55375.34 |   55375.34 |   |
201.75354 |  22.18061 |  6.517E+13 |  1.000E+00 |  8.133E-13 |  4.645E-14 |   55375.34 |   55375.34 |   |
201.75354 |  22.18061 |  2.498E+13 |  1.000E+00 |  8.097E-13 |  1.093E-13 |   55375.34 |   55375.34 |   |
201.75354 |  22.18061 |  1.363E+13 |  1.000E+00 |  1.447E-12 |  4.270E-13 |   55375.34 |   55375.34 |   |
201.75354 |  22.18061 |  8.817E+13 |  1.000E+00 |  7.441E-13 |  3.840E-14 |   55375.40 |   55375.40 |   |
201.75354 |  22.18061 |  6.517E+13 |  1.000E+00 |  8.755E-13 |  4.760E-14 |   55375.40 |   55375.40 |   |
201.75354 |  22.18061 |  2.498E+13 |  1.000E+00 |  1.102E-12 |  1.263E-13 |   55375.40 |   55375.40 |   |
201.75354 |  22.18061 |  1.363E+13 |  1.000E+00 |  1.669E-12 |  3.845E-13 |   55375.40 |   55375.40 |   |
201.75354 |  22.18061 |  8.817E+13 |  1.000E+00 |  6.505E-13 |  3.655E-14 |   55375.40 |   55375.40 |   |
201.75354 |  22.18061 |  6.517E+13 |  1.000E+00 |  7.390E-13 |  4.220E-14 |   55375.40 |   55375.40 |   |
201.75354 |  22.18061 |  2.498E+13 |  1.000E+00 |  1.162E-12 |  1.090E-13 |   55375.40 |   55375.40 |   |
201.75354 |  22.18061 |  1.363E+13 |  1.000E+00 |  2.116E-12 |  4.040E-13 |   55375.40 |   55375.40 |   |
201.75354 |  22.18061 |  8.817E+13 |  1.000E+00 |  1.016E-12 |  4.215E-14 |   55563.99 |   55563.99 |   |
201.75354 |  22.18061 |  6.517E+13 |  1.000E+00 |  1.192E-12 |  4.700E-14 |   55563.99 |   55563.99 |   |
201.75354 |  22.18061 |  4.455E+14 |  1.000E+00 |  3.208E-13 |  0.000E+00 |   55000.00 |   55000.00 |   |
201.75354 |  22.18061 |  6.813E+14 |  1.000E+00 |  2.338E-12 |  5.595E-13 |   55000.00 |   55000.00 |   |
201.75354 |  22.18061 |  5.451E+14 |  1.000E+00 |  1.206E-12 |  3.906E-13 |   55000.00 |   55000.00 |   |
201.75354 |  22.18061 |  6.233E+14 |  1.000E+00 |  5.682E-13 |  9.600E-15 |   55000.00 |   55000.00 |   |
201.75354 |  22.18061 |  4.859E+14 |  1.000E+00 |  4.166E-13 |  7.450E-15 |   55000.00 |   55000.00 |   |
201.75354 |  22.18061 |  3.987E+14 |  1.000E+00 |  6.631E-13 |  7.000E-15 |   55000.00 |   55000.00 |   |
201.75354 |  22.18061 |  3.462E+14 |  1.000E+00 |  5.177E-13 |  1.265E-14 |   55000.00 |   55000.00 |   |
201.75354 |  22.18061 |  3.116E+14 |  1.000E+00 |  6.838E-13 |  1.269E-13 |   55000.00 |   55000.00 |   |
201.75354 |  22.18061 |  8.402E+14 |  1.000E+00 |  8.271E-13 |  1.875E-14 |   55000.00 |   55000.00 |   |
201.75354 |  22.18061 |  6.443E+14 |  1.000E+00 |  7.395E-13 |  6.200E-15 |   55000.00 |   55000.00 |   |
201.75354 |  22.18061 |  4.876E+14 |  1.000E+00 |  6.840E-13 |  5.600E-15 |   55000.00 |   55000.00 |   |
201.75354 |  22.18061 |  4.014E+14 |  1.000E+00 |  6.342E-13 |  6.250E-15 |   55000.00 |   55000.00 |   |
201.75354 |  22.18061 |  3.382E+14 |  1.000E+00 |  5.307E-13 |  1.310E-14 |   55000.00 |   55000.00 |   |
201.75354 |  22.18061 |  1.295E+15 |  1.000E+00 |  5.483E-13 |  2.255E-14 |   55000.00 |   55000.00 |   |
201.75354 |  22.18061 |  2.418E+17 |  1.000E+00 |  4.502E-13 |  3.840E-14 |   54091.10 |   54092.30 |   |
201.75354 |  22.18061 |  1.209E+17 |  1.000E+00 |  3.709E-13 |  3.250E-14 |   54091.10 |   54092.30 |   |
201.75354 |  22.18061 |  3.627E+17 |  1.000E+00 |  5.294E-13 |  4.420E-14 |   54091.10 |   54092.30 |   |
201.75354 |  22.18061 |  7.253E+17 |  1.000E+00 |  7.827E-13 |  3.890E-14 |   54091.10 |   54092.30 |   |
201.75354 |  22.18061 |  1.088E+18 |  1.000E+00 |  9.782E-13 |  8.580E-14 |   54091.10 |   54092.30 |   |
201.75354 |  22.18061 |  2.418E+17 |  1.000E+00 |  2.668E-13 |  3.050E-14 |   55283.00 |   55285.00 |   |
201.75354 |  22.18061 |  1.209E+17 |  1.000E+00 |  1.884E-13 |  2.295E-14 |   55283.00 |   55285.00 |   |
201.75354 |  22.18061 |  3.627E+17 |  1.000E+00 |  3.451E-13 |  3.800E-14 |   55283.00 |   55285.00 |   |
201.75354 |  22.18061 |  7.253E+17 |  1.000E+00 |  5.614E-13 |  3.580E-14 |   55283.00 |   55285.00 |   |
201.75354 |  22.18061 |  1.088E+18 |  1.000E+00 |  7.590E-13 |  8.125E-14 |   55283.00 |   55285.00 |   |
201.75354 |  22.18061 |  2.418E+17 |  1.000E+00 |  3.363E-13 |  4.260E-14 |   54078.00 |   54078.90 |   |
201.75354 |  22.18061 |  1.209E+17 |  1.000E+00 |  2.783E-13 |  3.530E-14 |   54078.00 |   54078.90 |   |
201.75354 |  22.18061 |  3.627E+17 |  1.000E+00 |  3.943E-13 |  5.000E-14 |   54078.00 |   54078.90 |   |
201.75354 |  22.18061 |  7.253E+17 |  1.000E+00 |  5.869E-13 |  4.310E-14 |   54078.00 |   54078.90 |   |
201.75354 |  22.18061 |  1.088E+18 |  1.000E+00 |  7.344E-13 |  9.320E-14 |   54078.00 |   54078.90 |   |
201.75354 |  22.18061 |  1.453E+17 |  1.000E+00 |  2.040E-13 |  4.795E-14 |   54078.00 |   54078.00 |   |
201.75354 |  22.18061 |  2.026E+17 |  1.000E+00 |  2.982E-13 |  6.565E-14 |   54078.00 |   54078.00 |   |
201.75354 |  22.18061 |  2.825E+17 |  1.000E+00 |  4.847E-13 |  7.705E-14 |   54078.00 |   54078.00 |   |
201.75354 |  22.18061 |  3.939E+17 |  1.000E+00 |  3.638E-13 |  5.910E-14 |   54078.00 |   54078.00 |   |
201.75354 |  22.18061 |  5.492E+17 |  1.000E+00 |  6.366E-13 |  1.430E-13 |   54078.00 |   54078.00 |   |
201.75354 |  22.18061 |  7.658E+17 |  1.000E+00 |  7.160E-13 |  1.624E-13 |   54078.00 |   54078.00 |   |
201.75354 |  22.18061 |  1.042E+17 |  1.000E+00 |  2.774E-13 |  6.360E-14 |   54091.05 |   54091.05 |   |
201.75354 |  22.18061 |  1.453E+17 |  1.000E+00 |  4.159E-13 |  6.570E-14 |   54091.05 |   54091.05 |   |
201.75354 |  22.18061 |  2.026E+17 |  1.000E+00 |  4.718E-13 |  6.220E-14 |   54091.05 |   54091.05 |   |
201.75354 |  22.18061 |  2.825E+17 |  1.000E+00 |  5.342E-13 |  6.650E-14 |   54091.05 |   54091.05 |   |
201.75354 |  22.18061 |  3.939E+17 |  1.000E+00 |  6.146E-13 |  8.085E-14 |   54091.05 |   54091.05 |   |
201.75354 |  22.18061 |  5.492E+17 |  1.000E+00 |  5.504E-13 |  9.055E-14 |   54091.05 |   54091.05 |   |
201.75354 |  22.18061 |  7.658E+17 |  1.000E+00 |  1.099E-12 |  1.464E-13 |   54091.05 |   54091.05 |   |
201.75354 |  22.18061 |  1.068E+18 |  1.000E+00 |  8.485E-13 |  1.952E-13 |   54091.05 |   54091.05 |   |
201.75354 |  22.18061 |  2.026E+17 |  1.000E+00 |  2.104E-13 |  4.855E-14 |   55283.05 |   55283.05 |   |
201.75354 |  22.18061 |  1.042E+17 |  1.000E+00 |  1.728E-13 |  3.975E-14 |   55284.46 |   55284.46 |   |
201.75354 |  22.18061 |  2.026E+17 |  1.000E+00 |  2.837E-13 |  4.530E-14 |   55284.46 |   55284.46 |   |
201.75354 |  22.18061 |  2.825E+17 |  1.000E+00 |  2.995E-13 |  4.745E-14 |   55284.46 |   55284.46 |   |
201.75354 |  22.18061 |  3.939E+17 |  1.000E+00 |  3.020E-13 |  6.875E-14 |   55284.46 |   55284.46 |   |
201.75354 |  22.18061 |  5.492E+17 |  1.000E+00 |  4.649E-13 |  7.545E-14 |   55284.46 |   55284.46 |   |
201.75354 |  22.18061 |  7.658E+17 |  1.000E+00 |  7.971E-13 |  1.790E-13 |   55284.46 |   55284.46 |   |
201.75354 |  22.18061 |  2.418E+23 |  1.000E+00 |  3.545E-12 |  2.595E-13 |   55000.00 |   55000.00 |   |
201.75354 |  22.18061 |  4.835E+22 |  1.000E+00 |  7.139E-12 |  8.515E-13 |   55000.00 |   55000.00 |   |
201.75354 |  22.18061 |  1.451E+23 |  1.000E+00 |  5.288E-12 |  3.910E-13 |   55000.00 |   55000.00 |   |
201.75354 |  22.18061 |  4.835E+23 |  1.000E+00 |  3.142E-12 |  3.145E-13 |   55000.00 |   55000.00 |   |
201.75354 |  22.18061 |  1.451E+24 |  1.000E+00 |  1.184E-12 |  2.821E-13 |   55000.00 |   55000.00 |   |
201.75354 |  22.18061 |  1.451E+25 |  1.000E+00 |  3.479E-13 |  2.019E-13 |   55000.00 |   55000.00 |   |
201.75354 |  22.18061 |  1.209E+25 |  1.000E+00 |  1.441E-13 |  6.050E-14 |   55000.00 |   55000.00 |   |
201.75354 |  22.18061 |  3.627E+24 |  1.000E+00 |  4.252E-13 |  2.207E-13 |   55000.00 |   55000.00 |   |
201.75354 |  22.18061 |  8.462E+24 |  1.000E+00 |  3.174E-13 |  2.332E-13 |   55000.00 |   55000.00 |   |
201.75354 |  22.18061 |  2.418E+25 |  1.000E+00 |  1.365E-12 |  0.000E+00 |   55000.00 |   55000.00 | UL|
201.75354 |  22.18061 |  7.253E+25 |  1.000E+00 |  3.980E-12 |  0.000E+00 |   55000.00 |   55000.00 | UL|
201.75354 |  22.18061 |  2.418E+26 |  1.000E+00 |  1.419E-11 |  0.000E+00 |   55000.00 |   55000.00 | UL|
201.75354 |  22.18061 |  2.418E+23 |  1.000E+00 |  2.815E-12 |  1.370E-13 |   55000.00 |   55000.00 |   |
201.75354 |  22.18061 |  1.813E+22 |  1.000E+00 |  5.334E-12 |  3.283E-12 |   55000.00 |   55000.00 |   |
201.75354 |  22.18061 |  4.835E+22 |  1.000E+00 |  4.155E-12 |  4.885E-13 |   55000.00 |   55000.00 |   |
201.75354 |  22.18061 |  1.451E+23 |  1.000E+00 |  3.605E-12 |  1.845E-13 |   55000.00 |   55000.00 |   |
201.75354 |  22.18061 |  4.835E+23 |  1.000E+00 |  2.150E-12 |  1.395E-13 |   55000.00 |   55000.00 |   |
201.75354 |  22.18061 |  1.451E+24 |  1.000E+00 |  9.454E-13 |  1.326E-13 |   55000.00 |   55000.00 |   |
201.75354 |  22.18061 |  4.835E+24 |  1.000E+00 |  3.263E-13 |  1.325E-13 |   55000.00 |   55000.00 |   |
201.75354 |  22.18061 |  1.451E+25 |  1.000E+00 |  1.205E-13 |  8.577E-14 |   55000.00 |   55000.00 |   |
201.75354 |  22.18061 |  1.451E+26 |  1.000E+00 |  9.043E-13 |  0.000E+00 |   55000.00 |   55000.00 | UL|
201.75354 |  22.18061 |  1.451E+25 |  1.000E+00 |  5.431E-13 |  3.151E-13 |   55000.00 |   55000.00 |   |
201.75354 |  22.18061 |  1.209E+25 |  1.000E+00 |  1.961E-13 |  8.230E-14 |   55000.00 |   55000.00 |   |
201.75354 |  22.18061 |  8.462E+24 |  1.000E+00 |  3.409E-13 |  2.504E-13 |   55000.00 |   55000.00 |   |
201.75354 |  22.18061 |  4.835E+24 |  1.000E+00 |  3.263E-13 |  1.325E-13 |   55000.00 |   55000.00 |   |
201.75354 |  22.18061 |  1.451E+25 |  1.000E+00 |  1.749E-13 |  1.245E-13 |   55000.00 |   55000.00 |   |
