 22.86125 |  38.57756 |  1.400E+09 |  1.000E+00 |  2.586E-15 |  7.850E-17 |   55000.00 |   55000.00 |   |
 22.86125 |  38.57756 |  1.500E+08 |  1.000E+00 |  7.000E-16 |  7.005E-17 |   55000.00 |   55000.00 |   |
 22.86125 |  38.57756 |  8.400E+09 |  1.000E+00 |  2.061E-14 |  0.000E+00 |   55000.00 |   55000.00 |   |
 22.86125 |  38.57756 |  4.800E+09 |  1.000E+00 |  8.016E-15 |  7.200E-16 |   55000.00 |   55000.00 |   |
 22.86125 |  38.57756 |  4.800E+09 |  1.000E+00 |  7.200E-15 |  9.120E-16 |   55000.00 |   55000.00 |   |
 22.86125 |  38.57756 |  4.850E+09 |  1.000E+00 |  7.130E-15 |  0.000E+00 |   55000.00 |   55000.00 |   |
 22.86125 |  38.57756 |  1.400E+09 |  1.000E+00 |  3.976E-15 |  0.000E+00 |   55000.00 |   55000.00 |   |
 22.86125 |  38.57756 |  3.650E+08 |  1.000E+00 |  1.161E-15 |  0.000E+00 |   55000.00 |   55000.00 |   |
 22.86125 |  38.57756 |  9.746E+10 |  1.000E+00 |  2.056E-13 |  1.950E-14 |   57308.00 |   57308.00 |   |
 22.86125 |  38.57756 |  2.170E+11 |  1.000E+00 |  3.461E-13 |  6.360E-14 |   55000.00 |   55000.00 |   |
 22.86125 |  38.57756 |  8.817E+13 |  1.000E+00 |  1.196E-13 |  4.950E-15 |   55000.00 |   55000.00 |   |
 22.86125 |  38.57756 |  6.517E+13 |  1.000E+00 |  1.346E-13 |  7.950E-15 |   55000.00 |   55000.00 |   |
 22.86125 |  38.57756 |  2.498E+13 |  1.000E+00 |  1.675E-13 |  3.100E-14 |   55000.00 |   55000.00 |   |
 22.86125 |  38.57756 |  1.363E+13 |  1.000E+00 |  4.107E-13 |  0.000E+00 |   55000.00 |   55000.00 | UL|
 22.86125 |  38.57756 |  8.817E+13 |  1.000E+00 |  9.004E-14 |  2.201E-14 |   55217.82 |   55217.82 |   |
 22.86125 |  38.57756 |  6.517E+13 |  1.000E+00 |  1.135E-13 |  3.624E-14 |   55217.82 |   55217.82 |   |
 22.86125 |  38.57756 |  2.498E+13 |  1.000E+00 |  2.230E-13 |  0.000E+00 |   55217.82 |   55217.82 | UL|
 22.86125 |  38.57756 |  1.363E+13 |  1.000E+00 |  1.465E-12 |  0.000E+00 |   55217.82 |   55217.82 | UL|
 22.86125 |  38.57756 |  8.817E+13 |  1.000E+00 |  8.040E-14 |  2.219E-14 |   55220.07 |   55220.07 |   |
 22.86125 |  38.57756 |  2.498E+13 |  1.000E+00 |  2.340E-13 |  1.152E-13 |   55220.07 |   55220.07 |   |
 22.86125 |  38.57756 |  1.363E+13 |  1.000E+00 |  1.143E-12 |  0.000E+00 |   55220.07 |   55220.07 | UL|
 22.86125 |  38.57756 |  8.817E+13 |  1.000E+00 |  1.807E-13 |  2.455E-14 |   55405.19 |   55405.19 |   |
 22.86125 |  38.57756 |  6.517E+13 |  1.000E+00 |  1.922E-13 |  3.510E-14 |   55405.19 |   55405.19 |   |
 22.86125 |  38.57756 |  2.498E+13 |  1.000E+00 |  3.139E-13 |  1.051E-13 |   55405.19 |   55405.19 |   |
 22.86125 |  38.57756 |  1.363E+13 |  1.000E+00 |  1.001E-12 |  0.000E+00 |   55405.19 |   55405.19 | UL|
 22.86125 |  38.57756 |  8.817E+13 |  1.000E+00 |  1.042E-13 |  2.264E-14 |   55405.32 |   55405.32 |   |
 22.86125 |  38.57756 |  6.517E+13 |  1.000E+00 |  1.638E-13 |  3.620E-14 |   55405.32 |   55405.32 |   |
 22.86125 |  38.57756 |  2.498E+13 |  1.000E+00 |  4.786E-13 |  0.000E+00 |   55405.32 |   55405.32 | UL|
 22.86125 |  38.57756 |  1.363E+13 |  1.000E+00 |  1.392E-12 |  0.000E+00 |   55405.32 |   55405.32 | UL|
 22.86125 |  38.57756 |  8.817E+13 |  1.000E+00 |  1.217E-13 |  2.160E-14 |   55405.46 |   55405.46 |   |
 22.86125 |  38.57756 |  6.517E+13 |  1.000E+00 |  1.388E-13 |  3.420E-14 |   55405.46 |   55405.46 |   |
 22.86125 |  38.57756 |  2.498E+13 |  1.000E+00 |  2.518E-13 |  1.282E-13 |   55405.46 |   55405.46 |   |
 22.86125 |  38.57756 |  1.363E+13 |  1.000E+00 |  1.138E-12 |  0.000E+00 |   55405.46 |   55405.46 | UL|
 22.86125 |  38.57756 |  8.817E+13 |  1.000E+00 |  1.913E-13 |  2.400E-14 |   55405.52 |   55405.52 |   |
 22.86125 |  38.57756 |  6.517E+13 |  1.000E+00 |  2.267E-13 |  3.310E-14 |   55405.52 |   55405.52 |   |
 22.86125 |  38.57756 |  2.498E+13 |  1.000E+00 |  4.250E-13 |  0.000E+00 |   55405.52 |   55405.52 | UL|
 22.86125 |  38.57756 |  1.363E+13 |  1.000E+00 |  1.011E-12 |  0.000E+00 |   55405.52 |   55405.52 | UL|
 22.86125 |  38.57756 |  8.817E+13 |  1.000E+00 |  1.637E-13 |  2.255E-14 |   55405.59 |   55405.59 |   |
 22.86125 |  38.57756 |  6.517E+13 |  1.000E+00 |  1.456E-13 |  3.875E-14 |   55405.59 |   55405.59 |   |
 22.86125 |  38.57756 |  8.817E+13 |  1.000E+00 |  1.686E-13 |  2.340E-14 |   55405.66 |   55405.66 |   |
 22.86125 |  38.57756 |  6.517E+13 |  1.000E+00 |  1.407E-13 |  4.035E-14 |   55405.66 |   55405.66 |   |
 22.86125 |  38.57756 |  2.498E+13 |  1.000E+00 |  3.470E-13 |  0.000E+00 |   55405.66 |   55405.66 | UL|
 22.86125 |  38.57756 |  1.363E+13 |  1.000E+00 |  9.990E-13 |  4.784E-13 |   55405.66 |   55405.66 |   |
 22.86125 |  38.57756 |  8.817E+13 |  1.000E+00 |  1.603E-13 |  2.310E-14 |   55405.72 |   55405.72 |   |
 22.86125 |  38.57756 |  6.517E+13 |  1.000E+00 |  1.599E-13 |  3.350E-14 |   55405.72 |   55405.72 |   |
 22.86125 |  38.57756 |  2.498E+13 |  1.000E+00 |  2.387E-13 |  1.146E-13 |   55405.72 |   55405.72 |   |
 22.86125 |  38.57756 |  1.363E+13 |  1.000E+00 |  1.162E-12 |  0.000E+00 |   55405.72 |   55405.72 | UL|
 22.86125 |  38.57756 |  8.817E+13 |  1.000E+00 |  1.744E-13 |  2.355E-14 |   55405.79 |   55405.79 |   |
 22.86125 |  38.57756 |  6.517E+13 |  1.000E+00 |  1.839E-13 |  3.735E-14 |   55405.79 |   55405.79 |   |
 22.86125 |  38.57756 |  2.498E+13 |  1.000E+00 |  4.703E-13 |  0.000E+00 |   55405.79 |   55405.79 | UL|
 22.86125 |  38.57756 |  1.363E+13 |  1.000E+00 |  8.887E-13 |  0.000E+00 |   55405.79 |   55405.79 | UL|
 22.86125 |  38.57756 |  8.817E+13 |  1.000E+00 |  1.344E-13 |  2.175E-14 |   55405.86 |   55405.86 |   |
 22.86125 |  38.57756 |  6.517E+13 |  1.000E+00 |  2.407E-13 |  3.135E-14 |   55405.86 |   55405.86 |   |
 22.86125 |  38.57756 |  2.498E+13 |  1.000E+00 |  3.594E-13 |  0.000E+00 |   55405.86 |   55405.86 | UL|
 22.86125 |  38.57756 |  1.363E+13 |  1.000E+00 |  1.464E-12 |  0.000E+00 |   55405.86 |   55405.86 | UL|
 22.86125 |  38.57756 |  8.817E+13 |  1.000E+00 |  1.970E-13 |  2.385E-14 |   55405.92 |   55405.92 |   |
 22.86125 |  38.57756 |  6.517E+13 |  1.000E+00 |  2.551E-13 |  3.750E-14 |   55405.92 |   55405.92 |   |
 22.86125 |  38.57756 |  2.498E+13 |  1.000E+00 |  4.021E-13 |  0.000E+00 |   55405.92 |   55405.92 | UL|
 22.86125 |  38.57756 |  1.363E+13 |  1.000E+00 |  1.172E-12 |  0.000E+00 |   55405.92 |   55405.92 | UL|
 22.86125 |  38.57756 |  8.817E+13 |  1.000E+00 |  1.160E-13 |  2.170E-14 |   55406.05 |   55406.05 |   |
 22.86125 |  38.57756 |  6.517E+13 |  1.000E+00 |  2.075E-13 |  3.530E-14 |   55406.05 |   55406.05 |   |
 22.86125 |  38.57756 |  2.498E+13 |  1.000E+00 |  4.377E-13 |  0.000E+00 |   55406.05 |   55406.05 | UL|
 22.86125 |  38.57756 |  1.363E+13 |  1.000E+00 |  8.324E-13 |  0.000E+00 |   55406.05 |   55406.05 | UL|
 22.86125 |  38.57756 |  8.817E+13 |  1.000E+00 |  6.799E-14 |  2.655E-14 |   55583.47 |   55583.47 |   |
 22.86125 |  38.57756 |  6.517E+13 |  1.000E+00 |  9.286E-14 |  3.718E-14 |   55583.47 |   55583.47 |   |
 22.86125 |  38.57756 |  8.817E+13 |  1.000E+00 |  1.013E-13 |  2.228E-14 |   55583.34 |   55583.34 |   |
 22.86125 |  38.57756 |  6.517E+13 |  1.000E+00 |  1.116E-13 |  3.902E-14 |   55583.34 |   55583.34 |   |
 22.86125 |  38.57756 |  8.817E+13 |  1.000E+00 |  1.192E-13 |  2.186E-14 |   55583.27 |   55583.27 |   |
 22.86125 |  38.57756 |  6.517E+13 |  1.000E+00 |  1.661E-13 |  3.420E-14 |   55583.27 |   55583.27 |   |
 22.86125 |  38.57756 |  8.817E+13 |  1.000E+00 |  1.056E-13 |  2.176E-14 |   55583.21 |   55583.21 |   |
 22.86125 |  38.57756 |  6.517E+13 |  1.000E+00 |  1.109E-13 |  3.305E-14 |   55583.21 |   55583.21 |   |
 22.86125 |  38.57756 |  8.817E+13 |  1.000E+00 |  6.977E-14 |  2.173E-14 |   55583.14 |   55583.14 |   |
 22.86125 |  38.57756 |  6.517E+13 |  1.000E+00 |  8.844E-14 |  3.681E-14 |   55583.14 |   55583.14 |   |
 22.86125 |  38.57756 |  8.817E+13 |  1.000E+00 |  1.460E-13 |  2.570E-14 |   55583.07 |   55583.07 |   |
 22.86125 |  38.57756 |  6.517E+13 |  1.000E+00 |  1.206E-13 |  3.421E-14 |   55583.07 |   55583.07 |   |
 22.86125 |  38.57756 |  8.817E+13 |  1.000E+00 |  1.024E-13 |  2.195E-14 |   55583.01 |   55583.01 |   |
 22.86125 |  38.57756 |  6.517E+13 |  1.000E+00 |  1.030E-13 |  3.246E-14 |   55583.01 |   55583.01 |   |
 22.86125 |  38.57756 |  8.817E+13 |  1.000E+00 |  1.126E-13 |  2.320E-14 |   55582.88 |   55582.88 |   |
 22.86125 |  38.57756 |  6.517E+13 |  1.000E+00 |  1.648E-13 |  3.755E-14 |   55582.88 |   55582.88 |   |
 22.86125 |  38.57756 |  8.817E+13 |  1.000E+00 |  1.451E-13 |  2.360E-14 |   55582.75 |   55582.75 |   |
 22.86125 |  38.57756 |  6.517E+13 |  1.000E+00 |  8.651E-14 |  3.235E-14 |   55582.75 |   55582.75 |   |
 22.86125 |  38.57756 |  8.817E+13 |  1.000E+00 |  1.337E-13 |  2.750E-14 |   55411.28 |   55411.28 |   |
 22.86125 |  38.57756 |  2.498E+13 |  1.000E+00 |  3.372E-13 |  0.000E+00 |   55411.28 |   55411.28 | UL|
 22.86125 |  38.57756 |  1.363E+13 |  1.000E+00 |  1.401E-12 |  0.000E+00 |   55411.28 |   55411.28 | UL|
 22.86125 |  38.57756 |  8.817E+13 |  1.000E+00 |  1.966E-13 |  2.125E-14 |   55406.32 |   55406.32 |   |
 22.86125 |  38.57756 |  6.517E+13 |  1.000E+00 |  1.355E-13 |  3.210E-14 |   55406.32 |   55406.32 |   |
 22.86125 |  38.57756 |  2.498E+13 |  1.000E+00 |  3.366E-13 |  0.000E+00 |   55406.32 |   55406.32 | UL|
 22.86125 |  38.57756 |  1.363E+13 |  1.000E+00 |  1.235E-12 |  0.000E+00 |   55406.32 |   55406.32 | UL|
 22.86125 |  38.57756 |  8.817E+13 |  1.000E+00 |  1.878E-13 |  2.460E-14 |   55406.18 |   55406.18 |   |
 22.86125 |  38.57756 |  6.517E+13 |  1.000E+00 |  2.548E-13 |  3.650E-14 |   55406.18 |   55406.18 |   |
 22.86125 |  38.57756 |  2.498E+13 |  1.000E+00 |  2.537E-13 |  1.052E-13 |   55406.18 |   55406.18 |   |
 22.86125 |  38.57756 |  1.363E+13 |  1.000E+00 |  9.700E-13 |  0.000E+00 |   55406.18 |   55406.18 | UL|
 22.86125 |  38.57756 |  8.817E+13 |  1.000E+00 |  7.139E-14 |  2.032E-14 |   55217.68 |   55217.68 |   |
 22.86125 |  38.57756 |  6.517E+13 |  1.000E+00 |  6.715E-14 |  3.430E-14 |   55217.68 |   55217.68 |   |
 22.86125 |  38.57756 |  2.498E+13 |  1.000E+00 |  2.251E-13 |  0.000E+00 |   55217.68 |   55217.68 | UL|
 22.86125 |  38.57756 |  1.363E+13 |  1.000E+00 |  1.201E-12 |  0.000E+00 |   55217.68 |   55217.68 | UL|
 22.86125 |  38.57756 |  8.817E+13 |  1.000E+00 |  4.876E-14 |  2.252E-14 |   55217.48 |   55217.48 |   |
 22.86125 |  38.57756 |  6.517E+13 |  1.000E+00 |  7.322E-14 |  3.426E-14 |   55217.48 |   55217.48 |   |
 22.86125 |  38.57756 |  2.498E+13 |  1.000E+00 |  3.147E-13 |  0.000E+00 |   55217.48 |   55217.48 | UL|
 22.86125 |  38.57756 |  1.363E+13 |  1.000E+00 |  7.606E-13 |  0.000E+00 |   55217.48 |   55217.48 | UL|
 22.86125 |  38.57756 |  8.817E+13 |  1.000E+00 |  1.282E-13 |  2.205E-14 |   55217.55 |   55217.55 |   |
 22.86125 |  38.57756 |  6.517E+13 |  1.000E+00 |  1.029E-13 |  0.000E+00 |   55217.55 |   55217.55 | UL|
 22.86125 |  38.57756 |  2.498E+13 |  1.000E+00 |  3.059E-13 |  0.000E+00 |   55217.55 |   55217.55 | UL|
 22.86125 |  38.57756 |  1.363E+13 |  1.000E+00 |  7.972E-13 |  0.000E+00 |   55217.55 |   55217.55 | UL|
 22.86125 |  38.57756 |  8.817E+13 |  1.000E+00 |  1.485E-13 |  2.305E-14 |   55583.61 |   55583.61 |   |
 22.86125 |  38.57756 |  6.517E+13 |  1.000E+00 |  1.399E-13 |  3.650E-14 |   55583.61 |   55583.61 |   |
 22.86125 |  38.57756 |  8.817E+13 |  1.000E+00 |  5.446E-14 |  2.010E-14 |   55217.42 |   55217.42 |   |
 22.86125 |  38.57756 |  6.517E+13 |  1.000E+00 |  1.135E-13 |  0.000E+00 |   55217.42 |   55217.42 | UL|
 22.86125 |  38.57756 |  2.498E+13 |  1.000E+00 |  3.948E-13 |  0.000E+00 |   55217.42 |   55217.42 | UL|
 22.86125 |  38.57756 |  1.363E+13 |  1.000E+00 |  9.119E-13 |  0.000E+00 |   55217.42 |   55217.42 | UL|
 22.86125 |  38.57756 |  8.817E+13 |  1.000E+00 |  8.334E-14 |  2.199E-14 |   55217.35 |   55217.35 |   |
 22.86125 |  38.57756 |  6.517E+13 |  1.000E+00 |  1.090E-13 |  0.000E+00 |   55217.35 |   55217.35 | UL|
 22.86125 |  38.57756 |  2.498E+13 |  1.000E+00 |  4.711E-13 |  0.000E+00 |   55217.35 |   55217.35 | UL|
 22.86125 |  38.57756 |  1.363E+13 |  1.000E+00 |  1.043E-12 |  0.000E+00 |   55217.35 |   55217.35 | UL|
 22.86125 |  38.57756 |  8.817E+13 |  1.000E+00 |  7.093E-14 |  2.141E-14 |   55217.29 |   55217.29 |   |
 22.86125 |  38.57756 |  6.517E+13 |  1.000E+00 |  1.627E-13 |  3.565E-14 |   55217.29 |   55217.29 |   |
 22.86125 |  38.57756 |  2.498E+13 |  1.000E+00 |  2.468E-13 |  1.122E-13 |   55217.29 |   55217.29 |   |
 22.86125 |  38.57756 |  1.363E+13 |  1.000E+00 |  9.514E-13 |  4.250E-13 |   55217.29 |   55217.29 |   |
 22.86125 |  38.57756 |  8.817E+13 |  1.000E+00 |  7.319E-14 |  2.069E-14 |   55217.22 |   55217.22 |   |
 22.86125 |  38.57756 |  6.517E+13 |  1.000E+00 |  1.651E-13 |  0.000E+00 |   55217.22 |   55217.22 | UL|
 22.86125 |  38.57756 |  2.498E+13 |  1.000E+00 |  3.571E-13 |  0.000E+00 |   55217.22 |   55217.22 | UL|
 22.86125 |  38.57756 |  1.363E+13 |  1.000E+00 |  7.755E-13 |  0.000E+00 |   55217.22 |   55217.22 | UL|
 22.86125 |  38.57756 |  8.817E+13 |  1.000E+00 |  6.451E-14 |  2.128E-14 |   55583.74 |   55583.74 |   |
 22.86125 |  38.57756 |  6.517E+13 |  1.000E+00 |  1.419E-13 |  0.000E+00 |   55583.74 |   55583.74 | UL|
 22.86125 |  38.57756 |  8.817E+13 |  1.000E+00 |  1.265E-13 |  2.210E-14 |   55216.96 |   55216.96 |   |
 22.86125 |  38.57756 |  6.517E+13 |  1.000E+00 |  1.039E-13 |  3.019E-14 |   55216.96 |   55216.96 |   |
 22.86125 |  38.57756 |  2.498E+13 |  1.000E+00 |  2.857E-13 |  0.000E+00 |   55216.96 |   55216.96 | UL|
 22.86125 |  38.57756 |  1.363E+13 |  1.000E+00 |  1.009E-12 |  0.000E+00 |   55216.96 |   55216.96 | UL|
 22.86125 |  38.57756 |  8.817E+13 |  1.000E+00 |  9.172E-14 |  2.149E-14 |   55217.09 |   55217.09 |   |
 22.86125 |  38.57756 |  6.517E+13 |  1.000E+00 |  8.755E-14 |  3.057E-14 |   55217.09 |   55217.09 |   |
 22.86125 |  38.57756 |  2.498E+13 |  1.000E+00 |  3.008E-13 |  1.116E-13 |   55217.09 |   55217.09 |   |
 22.86125 |  38.57756 |  1.363E+13 |  1.000E+00 |  1.222E-12 |  0.000E+00 |   55217.09 |   55217.09 | UL|
 22.86125 |  38.57756 |  4.455E+14 |  1.000E+00 |  1.091E-13 |  0.000E+00 |   55000.00 |   55000.00 |   |
 22.86125 |  38.57756 |  6.813E+14 |  1.000E+00 |  1.384E-13 |  5.155E-14 |   55000.00 |   55000.00 |   |
 22.86125 |  38.57756 |  6.233E+14 |  1.000E+00 |  5.782E-14 |  6.215E-15 |   55000.00 |   55000.00 |   |
 22.86125 |  38.57756 |  4.859E+14 |  1.000E+00 |  9.959E-14 |  9.200E-15 |   55000.00 |   55000.00 |   |
 22.86125 |  38.57756 |  3.987E+14 |  1.000E+00 |  1.429E-13 |  1.115E-14 |   55000.00 |   55000.00 |   |
 22.86125 |  38.57756 |  3.462E+14 |  1.000E+00 |  1.257E-13 |  4.126E-14 |   55000.00 |   55000.00 |   |
 22.86125 |  38.57756 |  3.116E+14 |  1.000E+00 |  8.641E-14 |  0.000E+00 |   55000.00 |   55000.00 | UL|
