242.08554 |  60.30783 |  1.400E+09 |  1.000E+00 |  7.896E-16 |  2.200E-18 |   55000.00 |   55000.00 |   |
242.08554 |  60.30783 |  2.418E+17 |  1.000E+00 |  1.182E-12 |  2.050E-14 |   55000.00 |   55000.00 |   |
242.08554 |  60.30783 |  2.418E+17 |  1.000E+00 |  1.762E-12 |  4.705E-13 |   55000.00 |   55000.00 |   |
242.08554 |  60.30783 |  2.418E+17 |  1.000E+00 |  1.134E-12 |  5.664E-13 |   55000.00 |   55000.00 |   |
242.08554 |  60.30783 |  2.418E+17 |  1.000E+00 |  1.507E-12 |  1.190E-13 |   55000.00 |   55000.00 |   |
242.08554 |  60.30783 |  7.253E+16 |  1.000E+00 |  2.165E-12 |  3.550E-14 |   55000.00 |   55000.00 |   |
242.08554 |  60.30783 |  1.813E+17 |  1.000E+00 |  1.310E-12 |  2.150E-14 |   55000.00 |   55000.00 |   |
242.08554 |  60.30783 |  3.627E+17 |  1.000E+00 |  1.057E-12 |  1.850E-14 |   55000.00 |   55000.00 |   |
242.08554 |  60.30783 |  7.253E+17 |  1.000E+00 |  1.148E-12 |  3.100E-14 |   55000.00 |   55000.00 |   |
242.08554 |  60.30783 |  1.692E+18 |  1.000E+00 |  1.279E-12 |  6.550E-14 |   55000.00 |   55000.00 |   |
242.08554 |  60.30783 |  7.253E+17 |  1.000E+00 |  2.042E-12 |  5.325E-13 |   55000.00 |   55000.00 |   |
242.08554 |  60.30783 |  7.253E+17 |  1.000E+00 |  1.502E-12 |  7.515E-13 |   55000.00 |   55000.00 |   |
242.08554 |  60.30783 |  3.000E+09 |  1.000E+00 |  1.126E-15 |  7.000E-18 |   55000.00 |   55000.00 |   |
242.08554 |  60.30783 |  1.400E+09 |  1.000E+00 |  4.564E-16 |  1.820E-17 |   55000.00 |   55000.00 |   |
242.08554 |  60.30783 |  4.800E+09 |  1.000E+00 |  2.832E-15 |  2.880E-16 |   55000.00 |   55000.00 |   |
242.08554 |  60.30783 |  4.800E+09 |  1.000E+00 |  2.880E-15 |  3.360E-16 |   55000.00 |   55000.00 |   |
242.08554 |  60.30783 |  1.389E+14 |  1.000E+00 |  2.597E-12 |  1.605E-13 |   55000.00 |   55000.00 |   |
242.08554 |  60.30783 |  1.804E+14 |  1.000E+00 |  2.244E-12 |  1.820E-13 |   55000.00 |   55000.00 |   |
242.08554 |  60.30783 |  2.427E+14 |  1.000E+00 |  2.000E-12 |  1.605E-13 |   55000.00 |   55000.00 |   |
242.08554 |  60.30783 |  8.817E+13 |  1.000E+00 |  3.210E-12 |  6.800E-14 |   55000.00 |   55000.00 |   |
242.08554 |  60.30783 |  6.517E+13 |  1.000E+00 |  3.256E-12 |  6.300E-14 |   55000.00 |   55000.00 |   |
242.08554 |  60.30783 |  2.498E+13 |  1.000E+00 |  2.226E-12 |  4.550E-14 |   55000.00 |   55000.00 |   |
242.08554 |  60.30783 |  1.363E+13 |  1.000E+00 |  2.482E-12 |  1.030E-13 |   55000.00 |   55000.00 |   |
242.08554 |  60.30783 |  8.817E+13 |  1.000E+00 |  3.137E-12 |  1.010E-13 |   55565.89 |   55565.89 |   |
242.08554 |  60.30783 |  6.517E+13 |  1.000E+00 |  3.036E-12 |  8.950E-14 |   55565.89 |   55565.89 |   |
242.08554 |  60.30783 |  8.817E+13 |  1.000E+00 |  2.984E-12 |  8.800E-14 |   55567.68 |   55567.68 |   |
242.08554 |  60.30783 |  6.517E+13 |  1.000E+00 |  2.693E-12 |  1.115E-13 |   55567.68 |   55567.68 |   |
242.08554 |  60.30783 |  8.817E+13 |  1.000E+00 |  2.993E-12 |  8.550E-14 |   55565.04 |   55565.04 |   |
242.08554 |  60.30783 |  6.517E+13 |  1.000E+00 |  3.084E-12 |  7.950E-14 |   55565.04 |   55565.04 |   |
242.08554 |  60.30783 |  8.817E+13 |  1.000E+00 |  3.085E-12 |  9.650E-14 |   55565.17 |   55565.17 |   |
242.08554 |  60.30783 |  6.517E+13 |  1.000E+00 |  3.038E-12 |  9.500E-14 |   55565.17 |   55565.17 |   |
242.08554 |  60.30783 |  8.817E+13 |  1.000E+00 |  3.040E-12 |  7.550E-14 |   55565.23 |   55565.23 |   |
242.08554 |  60.30783 |  6.517E+13 |  1.000E+00 |  3.086E-12 |  9.400E-14 |   55565.23 |   55565.23 |   |
242.08554 |  60.30783 |  8.817E+13 |  1.000E+00 |  2.976E-12 |  8.750E-14 |   55565.30 |   55565.30 |   |
242.08554 |  60.30783 |  6.517E+13 |  1.000E+00 |  3.350E-12 |  8.300E-14 |   55565.30 |   55565.30 |   |
242.08554 |  60.30783 |  8.817E+13 |  1.000E+00 |  3.166E-12 |  8.450E-14 |   55565.37 |   55565.37 |   |
242.08554 |  60.30783 |  6.517E+13 |  1.000E+00 |  3.208E-12 |  9.150E-14 |   55565.37 |   55565.37 |   |
242.08554 |  60.30783 |  8.817E+13 |  1.000E+00 |  3.034E-12 |  8.650E-14 |   55566.03 |   55566.03 |   |
242.08554 |  60.30783 |  6.517E+13 |  1.000E+00 |  2.967E-12 |  8.450E-14 |   55566.03 |   55566.03 |   |
242.08554 |  60.30783 |  8.817E+13 |  1.000E+00 |  2.806E-12 |  9.050E-14 |   55566.16 |   55566.16 |   |
242.08554 |  60.30783 |  6.517E+13 |  1.000E+00 |  2.969E-12 |  8.750E-14 |   55566.16 |   55566.16 |   |
242.08554 |  60.30783 |  8.817E+13 |  1.000E+00 |  3.148E-12 |  8.700E-14 |   55566.23 |   55566.23 |   |
242.08554 |  60.30783 |  6.517E+13 |  1.000E+00 |  3.038E-12 |  8.400E-14 |   55566.23 |   55566.23 |   |
242.08554 |  60.30783 |  8.817E+13 |  1.000E+00 |  2.772E-12 |  9.950E-14 |   55566.29 |   55566.29 |   |
242.08554 |  60.30783 |  6.517E+13 |  1.000E+00 |  3.055E-12 |  9.000E-14 |   55566.29 |   55566.29 |   |
242.08554 |  60.30783 |  8.817E+13 |  1.000E+00 |  3.057E-12 |  8.450E-14 |   55566.36 |   55566.36 |   |
242.08554 |  60.30783 |  6.517E+13 |  1.000E+00 |  2.920E-12 |  8.900E-14 |   55566.36 |   55566.36 |   |
242.08554 |  60.30783 |  8.817E+13 |  1.000E+00 |  2.954E-12 |  8.150E-14 |   55566.56 |   55566.56 |   |
242.08554 |  60.30783 |  6.517E+13 |  1.000E+00 |  3.084E-12 |  9.100E-14 |   55566.56 |   55566.56 |   |
242.08554 |  60.30783 |  8.817E+13 |  1.000E+00 |  2.778E-12 |  9.500E-14 |   55566.62 |   55566.62 |   |
242.08554 |  60.30783 |  6.517E+13 |  1.000E+00 |  3.011E-12 |  8.600E-14 |   55566.62 |   55566.62 |   |
242.08554 |  60.30783 |  8.817E+13 |  1.000E+00 |  3.029E-12 |  9.500E-14 |   55566.69 |   55566.69 |   |
242.08554 |  60.30783 |  6.517E+13 |  1.000E+00 |  3.170E-12 |  8.750E-14 |   55566.69 |   55566.69 |   |
242.08554 |  60.30783 |  8.817E+13 |  1.000E+00 |  3.125E-12 |  9.250E-14 |   55566.69 |   55566.69 |   |
242.08554 |  60.30783 |  6.517E+13 |  1.000E+00 |  3.220E-12 |  9.750E-14 |   55566.69 |   55566.69 |   |
242.08554 |  60.30783 |  8.817E+13 |  1.000E+00 |  2.903E-12 |  8.850E-14 |   55566.75 |   55566.75 |   |
242.08554 |  60.30783 |  6.517E+13 |  1.000E+00 |  2.661E-12 |  8.850E-14 |   55566.75 |   55566.75 |   |
242.08554 |  60.30783 |  8.817E+13 |  1.000E+00 |  3.012E-12 |  1.000E-13 |   55566.82 |   55566.82 |   |
242.08554 |  60.30783 |  6.517E+13 |  1.000E+00 |  3.055E-12 |  8.750E-14 |   55566.82 |   55566.82 |   |
242.08554 |  60.30783 |  8.817E+13 |  1.000E+00 |  3.026E-12 |  9.750E-14 |   55566.89 |   55566.89 |   |
242.08554 |  60.30783 |  6.517E+13 |  1.000E+00 |  2.956E-12 |  1.005E-13 |   55566.89 |   55566.89 |   |
242.08554 |  60.30783 |  8.817E+13 |  1.000E+00 |  2.941E-12 |  8.400E-14 |   55566.95 |   55566.95 |   |
242.08554 |  60.30783 |  6.517E+13 |  1.000E+00 |  3.150E-12 |  1.105E-13 |   55566.95 |   55566.95 |   |
242.08554 |  60.30783 |  8.817E+13 |  1.000E+00 |  2.638E-12 |  8.000E-14 |   55567.02 |   55567.02 |   |
242.08554 |  60.30783 |  6.517E+13 |  1.000E+00 |  3.115E-12 |  8.900E-14 |   55567.02 |   55567.02 |   |
242.08554 |  60.30783 |  8.817E+13 |  1.000E+00 |  3.254E-12 |  8.400E-14 |   55567.15 |   55567.15 |   |
242.08554 |  60.30783 |  6.517E+13 |  1.000E+00 |  2.799E-12 |  1.135E-13 |   55567.15 |   55567.15 |   |
242.08554 |  60.30783 |  8.817E+13 |  1.000E+00 |  2.954E-12 |  8.150E-14 |   55565.43 |   55565.43 |   |
242.08554 |  60.30783 |  6.517E+13 |  1.000E+00 |  3.069E-12 |  8.450E-14 |   55565.43 |   55565.43 |   |
242.08554 |  60.30783 |  8.817E+13 |  1.000E+00 |  2.954E-12 |  8.700E-14 |   55565.57 |   55565.57 |   |
242.08554 |  60.30783 |  6.517E+13 |  1.000E+00 |  3.000E-12 |  9.400E-14 |   55565.57 |   55565.57 |   |
242.08554 |  60.30783 |  8.817E+13 |  1.000E+00 |  3.177E-12 |  7.900E-14 |   55565.63 |   55565.63 |   |
242.08554 |  60.30783 |  6.517E+13 |  1.000E+00 |  3.081E-12 |  7.950E-14 |   55565.63 |   55565.63 |   |
242.08554 |  60.30783 |  8.817E+13 |  1.000E+00 |  3.166E-12 |  1.075E-13 |   55565.70 |   55565.70 |   |
242.08554 |  60.30783 |  6.517E+13 |  1.000E+00 |  3.196E-12 |  8.850E-14 |   55565.70 |   55565.70 |   |
242.08554 |  60.30783 |  8.817E+13 |  1.000E+00 |  3.034E-12 |  8.350E-14 |   55565.77 |   55565.77 |   |
242.08554 |  60.30783 |  6.517E+13 |  1.000E+00 |  3.000E-12 |  9.400E-14 |   55565.77 |   55565.77 |   |
242.08554 |  60.30783 |  8.817E+13 |  1.000E+00 |  3.023E-12 |  8.100E-14 |   55565.83 |   55565.83 |   |
242.08554 |  60.30783 |  6.517E+13 |  1.000E+00 |  3.047E-12 |  7.850E-14 |   55565.83 |   55565.83 |   |
242.08554 |  60.30783 |  8.817E+13 |  1.000E+00 |  3.297E-12 |  8.800E-14 |   55378.06 |   55378.06 |   |
242.08554 |  60.30783 |  6.517E+13 |  1.000E+00 |  3.244E-12 |  8.700E-14 |   55378.06 |   55378.06 |   |
242.08554 |  60.30783 |  2.498E+13 |  1.000E+00 |  2.128E-12 |  1.160E-13 |   55378.06 |   55378.06 |   |
242.08554 |  60.30783 |  1.363E+13 |  1.000E+00 |  1.559E-12 |  3.990E-13 |   55378.06 |   55378.06 |   |
242.08554 |  60.30783 |  8.817E+13 |  1.000E+00 |  3.336E-12 |  1.015E-13 |   55378.12 |   55378.12 |   |
242.08554 |  60.30783 |  6.517E+13 |  1.000E+00 |  3.344E-12 |  8.300E-14 |   55378.12 |   55378.12 |   |
242.08554 |  60.30783 |  2.498E+13 |  1.000E+00 |  2.185E-12 |  1.210E-13 |   55378.12 |   55378.12 |   |
242.08554 |  60.30783 |  1.363E+13 |  1.000E+00 |  2.222E-12 |  3.865E-13 |   55378.12 |   55378.12 |   |
242.08554 |  60.30783 |  8.817E+13 |  1.000E+00 |  3.449E-12 |  8.250E-14 |   55378.19 |   55378.19 |   |
242.08554 |  60.30783 |  6.517E+13 |  1.000E+00 |  3.347E-12 |  8.950E-14 |   55378.19 |   55378.19 |   |
242.08554 |  60.30783 |  2.498E+13 |  1.000E+00 |  2.363E-12 |  1.110E-13 |   55378.19 |   55378.19 |   |
242.08554 |  60.30783 |  1.363E+13 |  1.000E+00 |  2.599E-12 |  4.060E-13 |   55378.19 |   55378.19 |   |
242.08554 |  60.30783 |  8.817E+13 |  1.000E+00 |  3.297E-12 |  1.065E-13 |   55378.26 |   55378.26 |   |
242.08554 |  60.30783 |  6.517E+13 |  1.000E+00 |  3.344E-12 |  8.900E-14 |   55378.26 |   55378.26 |   |
242.08554 |  60.30783 |  2.498E+13 |  1.000E+00 |  2.363E-12 |  1.155E-13 |   55378.26 |   55378.26 |   |
242.08554 |  60.30783 |  1.363E+13 |  1.000E+00 |  2.368E-12 |  3.545E-13 |   55378.26 |   55378.26 |   |
242.08554 |  60.30783 |  8.817E+13 |  1.000E+00 |  3.287E-12 |  9.700E-14 |   55378.26 |   55378.26 |   |
242.08554 |  60.30783 |  6.517E+13 |  1.000E+00 |  3.061E-12 |  9.300E-14 |   55378.26 |   55378.26 |   |
242.08554 |  60.30783 |  2.498E+13 |  1.000E+00 |  2.329E-12 |  1.245E-13 |   55378.26 |   55378.26 |   |
242.08554 |  60.30783 |  1.363E+13 |  1.000E+00 |  2.584E-12 |  4.620E-13 |   55378.26 |   55378.26 |   |
242.08554 |  60.30783 |  8.817E+13 |  1.000E+00 |  2.281E-12 |  2.040E-13 |   55378.52 |   55378.52 |   |
242.08554 |  60.30783 |  6.517E+13 |  1.000E+00 |  3.415E-12 |  8.450E-14 |   55378.52 |   55378.52 |   |
242.08554 |  60.30783 |  2.498E+13 |  1.000E+00 |  2.066E-12 |  1.100E-13 |   55378.52 |   55378.52 |   |
242.08554 |  60.30783 |  1.363E+13 |  1.000E+00 |  2.295E-12 |  3.630E-13 |   55378.52 |   55378.52 |   |
242.08554 |  60.30783 |  8.817E+13 |  1.000E+00 |  3.198E-12 |  7.650E-14 |   55378.59 |   55378.59 |   |
242.08554 |  60.30783 |  6.517E+13 |  1.000E+00 |  3.341E-12 |  8.900E-14 |   55378.59 |   55378.59 |   |
242.08554 |  60.30783 |  8.817E+13 |  1.000E+00 |  3.174E-12 |  8.150E-14 |   55378.65 |   55378.65 |   |
242.08554 |  60.30783 |  6.517E+13 |  1.000E+00 |  3.381E-12 |  8.400E-14 |   55378.65 |   55378.65 |   |
242.08554 |  60.30783 |  2.498E+13 |  1.000E+00 |  2.274E-12 |  1.110E-13 |   55378.65 |   55378.65 |   |
242.08554 |  60.30783 |  1.363E+13 |  1.000E+00 |  2.594E-12 |  4.055E-13 |   55378.65 |   55378.65 |   |
242.08554 |  60.30783 |  8.817E+13 |  1.000E+00 |  3.309E-12 |  7.650E-14 |   55378.72 |   55378.72 |   |
242.08554 |  60.30783 |  6.517E+13 |  1.000E+00 |  3.190E-12 |  8.550E-14 |   55378.72 |   55378.72 |   |
242.08554 |  60.30783 |  2.498E+13 |  1.000E+00 |  2.249E-12 |  1.095E-13 |   55378.72 |   55378.72 |   |
242.08554 |  60.30783 |  1.363E+13 |  1.000E+00 |  2.128E-12 |  3.820E-13 |   55378.72 |   55378.72 |   |
242.08554 |  60.30783 |  8.817E+13 |  1.000E+00 |  3.257E-12 |  8.100E-14 |   55378.79 |   55378.79 |   |
242.08554 |  60.30783 |  6.517E+13 |  1.000E+00 |  3.262E-12 |  1.025E-13 |   55378.79 |   55378.79 |   |
242.08554 |  60.30783 |  2.498E+13 |  1.000E+00 |  2.226E-12 |  1.130E-13 |   55378.79 |   55378.79 |   |
242.08554 |  60.30783 |  1.363E+13 |  1.000E+00 |  2.502E-12 |  3.745E-13 |   55378.79 |   55378.79 |   |
242.08554 |  60.30783 |  8.817E+13 |  1.000E+00 |  3.057E-12 |  8.700E-14 |   55378.85 |   55378.85 |   |
242.08554 |  60.30783 |  6.517E+13 |  1.000E+00 |  3.301E-12 |  9.150E-14 |   55378.85 |   55378.85 |   |
242.08554 |  60.30783 |  2.498E+13 |  1.000E+00 |  1.830E-12 |  1.165E-13 |   55378.85 |   55378.85 |   |
242.08554 |  60.30783 |  1.363E+13 |  1.000E+00 |  2.694E-12 |  4.310E-13 |   55378.85 |   55378.85 |   |
242.08554 |  60.30783 |  8.817E+13 |  1.000E+00 |  3.145E-12 |  8.100E-14 |   55378.92 |   55378.92 |   |
242.08554 |  60.30783 |  6.517E+13 |  1.000E+00 |  3.253E-12 |  8.700E-14 |   55378.92 |   55378.92 |   |
242.08554 |  60.30783 |  2.498E+13 |  1.000E+00 |  2.196E-12 |  1.195E-13 |   55378.92 |   55378.92 |   |
242.08554 |  60.30783 |  1.363E+13 |  1.000E+00 |  2.318E-12 |  3.710E-13 |   55378.92 |   55378.92 |   |
242.08554 |  60.30783 |  8.817E+13 |  1.000E+00 |  3.293E-12 |  8.800E-14 |   55378.98 |   55378.98 |   |
242.08554 |  60.30783 |  6.517E+13 |  1.000E+00 |  3.381E-12 |  7.800E-14 |   55378.98 |   55378.98 |   |
242.08554 |  60.30783 |  2.498E+13 |  1.000E+00 |  2.146E-12 |  1.105E-13 |   55378.98 |   55378.98 |   |
242.08554 |  60.30783 |  1.363E+13 |  1.000E+00 |  2.863E-12 |  4.925E-13 |   55378.98 |   55378.98 |   |
242.08554 |  60.30783 |  8.817E+13 |  1.000E+00 |  3.227E-12 |  8.650E-14 |   55379.05 |   55379.05 |   |
242.08554 |  60.30783 |  6.517E+13 |  1.000E+00 |  3.167E-12 |  8.450E-14 |   55379.05 |   55379.05 |   |
242.08554 |  60.30783 |  2.498E+13 |  1.000E+00 |  2.267E-12 |  1.210E-13 |   55379.05 |   55379.05 |   |
242.08554 |  60.30783 |  1.363E+13 |  1.000E+00 |  2.551E-12 |  3.605E-13 |   55379.05 |   55379.05 |   |
242.08554 |  60.30783 |  8.817E+13 |  1.000E+00 |  3.171E-12 |  8.750E-14 |   55379.12 |   55379.12 |   |
242.08554 |  60.30783 |  6.517E+13 |  1.000E+00 |  3.384E-12 |  7.800E-14 |   55379.12 |   55379.12 |   |
242.08554 |  60.30783 |  2.498E+13 |  1.000E+00 |  2.436E-12 |  1.075E-13 |   55379.12 |   55379.12 |   |
242.08554 |  60.30783 |  1.363E+13 |  1.000E+00 |  2.206E-12 |  3.880E-13 |   55379.12 |   55379.12 |   |
242.08554 |  60.30783 |  8.817E+13 |  1.000E+00 |  3.275E-12 |  1.145E-13 |   55379.25 |   55379.25 |   |
242.08554 |  60.30783 |  6.517E+13 |  1.000E+00 |  3.208E-12 |  8.550E-14 |   55379.25 |   55379.25 |   |
242.08554 |  60.30783 |  2.498E+13 |  1.000E+00 |  2.331E-12 |  1.285E-13 |   55379.25 |   55379.25 |   |
242.08554 |  60.30783 |  1.363E+13 |  1.000E+00 |  2.042E-12 |  3.705E-13 |   55379.25 |   55379.25 |   |
242.08554 |  60.30783 |  8.817E+13 |  1.000E+00 |  3.111E-12 |  8.050E-14 |   55379.25 |   55379.25 |   |
242.08554 |  60.30783 |  6.517E+13 |  1.000E+00 |  3.341E-12 |  9.850E-14 |   55379.25 |   55379.25 |   |
242.08554 |  60.30783 |  2.498E+13 |  1.000E+00 |  2.017E-12 |  1.265E-13 |   55379.25 |   55379.25 |   |
242.08554 |  60.30783 |  1.363E+13 |  1.000E+00 |  2.388E-12 |  4.065E-13 |   55379.25 |   55379.25 |   |
242.08554 |  60.30783 |  8.817E+13 |  1.000E+00 |  3.272E-12 |  1.175E-13 |   55379.38 |   55379.38 |   |
242.08554 |  60.30783 |  6.517E+13 |  1.000E+00 |  3.217E-12 |  8.600E-14 |   55379.38 |   55379.38 |   |
242.08554 |  60.30783 |  2.498E+13 |  1.000E+00 |  2.077E-12 |  1.050E-13 |   55379.38 |   55379.38 |   |
242.08554 |  60.30783 |  1.363E+13 |  1.000E+00 |  2.575E-12 |  3.810E-13 |   55379.38 |   55379.38 |   |
242.08554 |  60.30783 |  8.817E+13 |  1.000E+00 |  3.057E-12 |  8.150E-14 |   55379.38 |   55379.38 |   |
242.08554 |  60.30783 |  6.517E+13 |  1.000E+00 |  3.274E-12 |  9.650E-14 |   55379.38 |   55379.38 |   |
242.08554 |  60.30783 |  2.498E+13 |  1.000E+00 |  2.226E-12 |  1.190E-13 |   55379.38 |   55379.38 |   |
242.08554 |  60.30783 |  1.363E+13 |  1.000E+00 |  2.202E-12 |  4.470E-13 |   55379.38 |   55379.38 |   |
242.08554 |  60.30783 |  8.817E+13 |  1.000E+00 |  3.345E-12 |  1.050E-13 |   55379.51 |   55379.51 |   |
242.08554 |  60.30783 |  6.517E+13 |  1.000E+00 |  3.403E-12 |  9.400E-14 |   55379.51 |   55379.51 |   |
242.08554 |  60.30783 |  2.498E+13 |  1.000E+00 |  2.038E-12 |  1.105E-13 |   55379.51 |   55379.51 |   |
242.08554 |  60.30783 |  1.363E+13 |  1.000E+00 |  2.570E-12 |  3.490E-13 |   55379.51 |   55379.51 |   |
242.08554 |  60.30783 |  8.817E+13 |  1.000E+00 |  2.973E-12 |  8.250E-14 |   55564.57 |   55564.57 |   |
242.08554 |  60.30783 |  6.517E+13 |  1.000E+00 |  3.155E-12 |  9.900E-14 |   55564.57 |   55564.57 |   |
242.08554 |  60.30783 |  8.817E+13 |  1.000E+00 |  3.131E-12 |  1.035E-13 |   55564.71 |   55564.71 |   |
242.08554 |  60.30783 |  6.517E+13 |  1.000E+00 |  2.975E-12 |  9.300E-14 |   55564.71 |   55564.71 |   |
242.08554 |  60.30783 |  8.817E+13 |  1.000E+00 |  3.186E-12 |  8.200E-14 |   55564.84 |   55564.84 |   |
242.08554 |  60.30783 |  6.517E+13 |  1.000E+00 |  3.098E-12 |  8.600E-14 |   55564.84 |   55564.84 |   |
242.08554 |  60.30783 |  8.817E+13 |  1.000E+00 |  3.242E-12 |  8.050E-14 |   55378.32 |   55378.32 |   |
242.08554 |  60.30783 |  6.517E+13 |  1.000E+00 |  3.441E-12 |  8.550E-14 |   55378.32 |   55378.32 |   |
242.08554 |  60.30783 |  2.498E+13 |  1.000E+00 |  2.301E-12 |  1.190E-13 |   55378.32 |   55378.32 |   |
242.08554 |  60.30783 |  1.363E+13 |  1.000E+00 |  2.908E-12 |  5.440E-13 |   55378.32 |   55378.32 |   |
242.08554 |  60.30783 |  8.817E+13 |  1.000E+00 |  3.242E-12 |  8.650E-14 |   55378.39 |   55378.39 |   |
242.08554 |  60.30783 |  6.517E+13 |  1.000E+00 |  3.369E-12 |  8.350E-14 |   55378.39 |   55378.39 |   |
242.08554 |  60.30783 |  2.498E+13 |  1.000E+00 |  2.218E-12 |  1.065E-13 |   55378.39 |   55378.39 |   |
242.08554 |  60.30783 |  1.363E+13 |  1.000E+00 |  2.289E-12 |  3.725E-13 |   55378.39 |   55378.39 |   |
242.08554 |  60.30783 |  8.817E+13 |  1.000E+00 |  3.227E-12 |  8.650E-14 |   55378.45 |   55378.45 |   |
242.08554 |  60.30783 |  6.517E+13 |  1.000E+00 |  3.441E-12 |  9.500E-14 |   55378.45 |   55378.45 |   |
242.08554 |  60.30783 |  2.498E+13 |  1.000E+00 |  2.346E-12 |  1.085E-13 |   55378.45 |   55378.45 |   |
242.08554 |  60.30783 |  1.363E+13 |  1.000E+00 |  3.667E-12 |  5.150E-13 |   55378.45 |   55378.45 |   |
242.08554 |  60.30783 |  8.817E+13 |  1.000E+00 |  3.043E-12 |  1.035E-13 |   55564.90 |   55564.90 |   |
242.08554 |  60.30783 |  6.517E+13 |  1.000E+00 |  3.256E-12 |  9.000E-14 |   55564.90 |   55564.90 |   |
242.08554 |  60.30783 |  8.817E+13 |  1.000E+00 |  3.034E-12 |  9.800E-14 |   55564.97 |   55564.97 |   |
242.08554 |  60.30783 |  6.517E+13 |  1.000E+00 |  3.106E-12 |  9.150E-14 |   55564.97 |   55564.97 |   |
242.08554 |  60.30783 |  8.817E+13 |  1.000E+00 |  3.096E-12 |  7.700E-14 |   55567.22 |   55567.22 |   |
242.08554 |  60.30783 |  6.517E+13 |  1.000E+00 |  3.150E-12 |  7.550E-14 |   55567.22 |   55567.22 |   |
242.08554 |  60.30783 |  8.817E+13 |  1.000E+00 |  3.015E-12 |  9.150E-14 |   55567.29 |   55567.29 |   |
242.08554 |  60.30783 |  6.517E+13 |  1.000E+00 |  3.118E-12 |  1.005E-13 |   55567.29 |   55567.29 |   |
242.08554 |  60.30783 |  8.817E+13 |  1.000E+00 |  3.102E-12 |  9.450E-14 |   55567.29 |   55567.29 |   |
242.08554 |  60.30783 |  6.517E+13 |  1.000E+00 |  3.138E-12 |  9.550E-14 |   55567.29 |   55567.29 |   |
242.08554 |  60.30783 |  8.817E+13 |  1.000E+00 |  3.096E-12 |  8.550E-14 |   55567.55 |   55567.55 |   |
242.08554 |  60.30783 |  6.517E+13 |  1.000E+00 |  3.262E-12 |  9.000E-14 |   55567.55 |   55567.55 |   |
242.08554 |  60.30783 |  8.817E+13 |  1.000E+00 |  3.254E-12 |  1.170E-13 |   55567.68 |   55567.68 |   |
242.08554 |  60.30783 |  6.517E+13 |  1.000E+00 |  3.047E-12 |  8.700E-14 |   55567.68 |   55567.68 |   |
242.08554 |  60.30783 |  8.817E+13 |  1.000E+00 |  2.984E-12 |  8.550E-14 |   55565.96 |   55565.96 |   |
242.08554 |  60.30783 |  6.517E+13 |  1.000E+00 |  3.000E-12 |  8.050E-14 |   55565.96 |   55565.96 |   |
242.08554 |  60.30783 |  8.817E+13 |  1.000E+00 |  3.625E-12 |  8.650E-14 |   55204.46 |   55204.46 |   |
242.08554 |  60.30783 |  6.517E+13 |  1.000E+00 |  3.268E-12 |  9.950E-14 |   55204.46 |   55204.46 |   |
242.08554 |  60.30783 |  2.498E+13 |  1.000E+00 |  2.177E-12 |  1.105E-13 |   55204.46 |   55204.46 |   |
242.08554 |  60.30783 |  1.363E+13 |  1.000E+00 |  2.265E-12 |  5.025E-13 |   55204.46 |   55204.46 |   |
242.08554 |  60.30783 |  8.817E+13 |  1.000E+00 |  3.321E-12 |  9.200E-14 |   55377.99 |   55377.99 |   |
242.08554 |  60.30783 |  6.517E+13 |  1.000E+00 |  3.356E-12 |  8.050E-14 |   55377.99 |   55377.99 |   |
242.08554 |  60.30783 |  2.498E+13 |  1.000E+00 |  2.249E-12 |  1.265E-13 |   55377.99 |   55377.99 |   |
242.08554 |  60.30783 |  1.363E+13 |  1.000E+00 |  2.253E-12 |  3.940E-13 |   55377.99 |   55377.99 |   |
242.08554 |  60.30783 |  8.817E+13 |  1.000E+00 |  3.484E-12 |  8.350E-14 |   55204.66 |   55204.66 |   |
242.08554 |  60.30783 |  6.517E+13 |  1.000E+00 |  3.537E-12 |  9.450E-14 |   55204.66 |   55204.66 |   |
242.08554 |  60.30783 |  2.498E+13 |  1.000E+00 |  1.991E-12 |  1.115E-13 |   55204.66 |   55204.66 |   |
242.08554 |  60.30783 |  1.363E+13 |  1.000E+00 |  2.554E-12 |  3.915E-13 |   55204.66 |   55204.66 |   |
242.08554 |  60.30783 |  8.817E+13 |  1.000E+00 |  3.500E-12 |  1.000E-13 |   55204.73 |   55204.73 |   |
242.08554 |  60.30783 |  6.517E+13 |  1.000E+00 |  3.544E-12 |  8.500E-14 |   55204.73 |   55204.73 |   |
242.08554 |  60.30783 |  2.498E+13 |  1.000E+00 |  2.263E-12 |  1.185E-13 |   55204.73 |   55204.73 |   |
242.08554 |  60.30783 |  1.363E+13 |  1.000E+00 |  2.439E-12 |  3.970E-13 |   55204.73 |   55204.73 |   |
242.08554 |  60.30783 |  8.817E+13 |  1.000E+00 |  3.545E-12 |  8.150E-14 |   55204.79 |   55204.79 |   |
242.08554 |  60.30783 |  6.517E+13 |  1.000E+00 |  3.495E-12 |  9.350E-14 |   55204.79 |   55204.79 |   |
242.08554 |  60.30783 |  2.498E+13 |  1.000E+00 |  2.299E-12 |  1.145E-13 |   55204.79 |   55204.79 |   |
242.08554 |  60.30783 |  1.363E+13 |  1.000E+00 |  2.608E-12 |  3.785E-13 |   55204.79 |   55204.79 |   |
242.08554 |  60.30783 |  8.817E+13 |  1.000E+00 |  3.423E-12 |  9.150E-14 |   55204.86 |   55204.86 |   |
242.08554 |  60.30783 |  6.517E+13 |  1.000E+00 |  3.365E-12 |  8.650E-14 |   55204.86 |   55204.86 |   |
242.08554 |  60.30783 |  2.498E+13 |  1.000E+00 |  2.333E-12 |  1.120E-13 |   55204.86 |   55204.86 |   |
242.08554 |  60.30783 |  1.363E+13 |  1.000E+00 |  1.930E-12 |  3.975E-13 |   55204.86 |   55204.86 |   |
242.08554 |  60.30783 |  8.817E+13 |  1.000E+00 |  3.392E-12 |  9.050E-14 |   55203.80 |   55203.80 |   |
242.08554 |  60.30783 |  6.517E+13 |  1.000E+00 |  3.534E-12 |  9.100E-14 |   55203.80 |   55203.80 |   |
242.08554 |  60.30783 |  2.498E+13 |  1.000E+00 |  2.333E-12 |  1.120E-13 |   55203.80 |   55203.80 |   |
242.08554 |  60.30783 |  1.363E+13 |  1.000E+00 |  2.831E-12 |  3.690E-13 |   55203.80 |   55203.80 |   |
242.08554 |  60.30783 |  8.817E+13 |  1.000E+00 |  3.558E-12 |  8.550E-14 |   55203.87 |   55203.87 |   |
242.08554 |  60.30783 |  6.517E+13 |  1.000E+00 |  3.463E-12 |  9.250E-14 |   55203.87 |   55203.87 |   |
242.08554 |  60.30783 |  2.498E+13 |  1.000E+00 |  2.253E-12 |  1.140E-13 |   55203.87 |   55203.87 |   |
242.08554 |  60.30783 |  1.363E+13 |  1.000E+00 |  2.430E-12 |  3.910E-13 |   55203.87 |   55203.87 |   |
242.08554 |  60.30783 |  8.817E+13 |  1.000E+00 |  3.436E-12 |  8.550E-14 |   55203.93 |   55203.93 |   |
242.08554 |  60.30783 |  6.517E+13 |  1.000E+00 |  3.583E-12 |  7.900E-14 |   55203.93 |   55203.93 |   |
242.08554 |  60.30783 |  2.498E+13 |  1.000E+00 |  2.169E-12 |  1.180E-13 |   55203.93 |   55203.93 |   |
242.08554 |  60.30783 |  1.363E+13 |  1.000E+00 |  2.270E-12 |  4.885E-13 |   55203.93 |   55203.93 |   |
242.08554 |  60.30783 |  8.817E+13 |  1.000E+00 |  3.376E-12 |  8.400E-14 |   55204.07 |   55204.07 |   |
242.08554 |  60.30783 |  6.517E+13 |  1.000E+00 |  3.711E-12 |  8.900E-14 |   55204.07 |   55204.07 |   |
242.08554 |  60.30783 |  2.498E+13 |  1.000E+00 |  2.261E-12 |  1.145E-13 |   55204.07 |   55204.07 |   |
242.08554 |  60.30783 |  1.363E+13 |  1.000E+00 |  2.749E-12 |  4.655E-13 |   55204.07 |   55204.07 |   |
242.08554 |  60.30783 |  8.817E+13 |  1.000E+00 |  3.430E-12 |  1.045E-13 |   55204.13 |   55204.13 |   |
242.08554 |  60.30783 |  6.517E+13 |  1.000E+00 |  3.553E-12 |  9.500E-14 |   55204.13 |   55204.13 |   |
242.08554 |  60.30783 |  2.498E+13 |  1.000E+00 |  2.114E-12 |  1.165E-13 |   55204.13 |   55204.13 |   |
242.08554 |  60.30783 |  1.363E+13 |  1.000E+00 |  2.066E-12 |  5.090E-13 |   55204.13 |   55204.13 |   |
242.08554 |  60.30783 |  8.817E+13 |  1.000E+00 |  3.408E-12 |  8.450E-14 |   55204.27 |   55204.27 |   |
242.08554 |  60.30783 |  6.517E+13 |  1.000E+00 |  3.553E-12 |  9.800E-14 |   55204.27 |   55204.27 |   |
242.08554 |  60.30783 |  2.498E+13 |  1.000E+00 |  2.074E-12 |  1.185E-13 |   55204.27 |   55204.27 |   |
242.08554 |  60.30783 |  1.363E+13 |  1.000E+00 |  2.390E-12 |  5.595E-13 |   55204.27 |   55204.27 |   |
242.08554 |  60.30783 |  8.817E+13 |  1.000E+00 |  3.552E-12 |  8.500E-14 |   55204.99 |   55204.99 |   |
242.08554 |  60.30783 |  6.517E+13 |  1.000E+00 |  3.347E-12 |  1.045E-13 |   55204.99 |   55204.99 |   |
242.08554 |  60.30783 |  2.498E+13 |  1.000E+00 |  2.350E-12 |  1.060E-13 |   55204.99 |   55204.99 |   |
242.08554 |  60.30783 |  1.363E+13 |  1.000E+00 |  2.594E-12 |  3.595E-13 |   55204.99 |   55204.99 |   |
242.08554 |  60.30783 |  8.817E+13 |  1.000E+00 |  3.585E-12 |  1.090E-13 |   55205.06 |   55205.06 |   |
242.08554 |  60.30783 |  6.517E+13 |  1.000E+00 |  3.307E-12 |  8.200E-14 |   55205.06 |   55205.06 |   |
242.08554 |  60.30783 |  2.498E+13 |  1.000E+00 |  2.270E-12 |  1.110E-13 |   55205.06 |   55205.06 |   |
242.08554 |  60.30783 |  1.363E+13 |  1.000E+00 |  2.325E-12 |  4.090E-13 |   55205.06 |   55205.06 |   |
242.08554 |  60.30783 |  8.817E+13 |  1.000E+00 |  3.318E-12 |  9.200E-14 |   55205.12 |   55205.12 |   |
242.08554 |  60.30783 |  6.517E+13 |  1.000E+00 |  3.544E-12 |  8.500E-14 |   55205.12 |   55205.12 |   |
242.08554 |  60.30783 |  2.498E+13 |  1.000E+00 |  2.124E-12 |  1.195E-13 |   55205.12 |   55205.12 |   |
242.08554 |  60.30783 |  1.363E+13 |  1.000E+00 |  2.226E-12 |  3.730E-13 |   55205.12 |   55205.12 |   |
242.08554 |  60.30783 |  8.817E+13 |  1.000E+00 |  3.487E-12 |  1.190E-13 |   55205.26 |   55205.26 |   |
242.08554 |  60.30783 |  6.517E+13 |  1.000E+00 |  3.365E-12 |  9.000E-14 |   55205.26 |   55205.26 |   |
242.08554 |  60.30783 |  2.498E+13 |  1.000E+00 |  2.265E-12 |  1.375E-13 |   55205.26 |   55205.26 |   |
242.08554 |  60.30783 |  1.363E+13 |  1.000E+00 |  2.592E-12 |  3.665E-13 |   55205.26 |   55205.26 |   |
242.08554 |  60.30783 |  8.817E+13 |  1.000E+00 |  3.433E-12 |  8.900E-14 |   55205.26 |   55205.26 |   |
242.08554 |  60.30783 |  6.517E+13 |  1.000E+00 |  3.397E-12 |  1.095E-13 |   55205.26 |   55205.26 |   |
242.08554 |  60.30783 |  2.498E+13 |  1.000E+00 |  2.297E-12 |  1.035E-13 |   55205.26 |   55205.26 |   |
242.08554 |  60.30783 |  1.363E+13 |  1.000E+00 |  2.473E-12 |  4.045E-13 |   55205.26 |   55205.26 |   |
242.08554 |  60.30783 |  8.817E+13 |  1.000E+00 |  3.493E-12 |  9.000E-14 |   55205.32 |   55205.32 |   |
242.08554 |  60.30783 |  6.517E+13 |  1.000E+00 |  3.362E-12 |  8.650E-14 |   55205.32 |   55205.32 |   |
242.08554 |  60.30783 |  2.498E+13 |  1.000E+00 |  2.153E-12 |  1.110E-13 |   55205.32 |   55205.32 |   |
242.08554 |  60.30783 |  1.363E+13 |  1.000E+00 |  2.452E-12 |  3.675E-13 |   55205.32 |   55205.32 |   |
242.08554 |  60.30783 |  8.817E+13 |  1.000E+00 |  3.455E-12 |  8.600E-14 |   55205.39 |   55205.39 |   |
242.08554 |  60.30783 |  6.517E+13 |  1.000E+00 |  3.590E-12 |  8.950E-14 |   55205.39 |   55205.39 |   |
242.08554 |  60.30783 |  2.498E+13 |  1.000E+00 |  2.350E-12 |  1.060E-13 |   55205.39 |   55205.39 |   |
242.08554 |  60.30783 |  1.363E+13 |  1.000E+00 |  3.168E-12 |  4.155E-13 |   55205.39 |   55205.39 |   |
242.08554 |  60.30783 |  8.817E+13 |  1.000E+00 |  3.474E-12 |  9.950E-14 |   55204.33 |   55204.33 |   |
242.08554 |  60.30783 |  6.517E+13 |  1.000E+00 |  3.560E-12 |  8.500E-14 |   55204.33 |   55204.33 |   |
242.08554 |  60.30783 |  2.498E+13 |  1.000E+00 |  2.363E-12 |  1.395E-13 |   55204.33 |   55204.33 |   |
242.08554 |  60.30783 |  1.363E+13 |  1.000E+00 |  2.962E-12 |  4.160E-13 |   55204.33 |   55204.33 |   |
242.08554 |  60.30783 |  8.817E+13 |  1.000E+00 |  3.239E-12 |  1.015E-13 |   55376.14 |   55376.14 |   |
242.08554 |  60.30783 |  6.517E+13 |  1.000E+00 |  3.202E-12 |  1.150E-13 |   55376.14 |   55376.14 |   |
242.08554 |  60.30783 |  2.498E+13 |  1.000E+00 |  1.948E-12 |  1.165E-13 |   55376.14 |   55376.14 |   |
242.08554 |  60.30783 |  1.363E+13 |  1.000E+00 |  2.561E-12 |  4.095E-13 |   55376.14 |   55376.14 |   |
242.08554 |  60.30783 |  8.817E+13 |  1.000E+00 |  3.131E-12 |  1.240E-13 |   55376.27 |   55376.27 |   |
242.08554 |  60.30783 |  6.517E+13 |  1.000E+00 |  3.214E-12 |  8.300E-14 |   55376.27 |   55376.27 |   |
242.08554 |  60.30783 |  2.498E+13 |  1.000E+00 |  2.002E-12 |  1.235E-13 |   55376.27 |   55376.27 |   |
242.08554 |  60.30783 |  1.363E+13 |  1.000E+00 |  1.960E-12 |  3.630E-13 |   55376.27 |   55376.27 |   |
242.08554 |  60.30783 |  8.817E+13 |  1.000E+00 |  3.251E-12 |  8.950E-14 |   55376.27 |   55376.27 |   |
242.08554 |  60.30783 |  6.517E+13 |  1.000E+00 |  3.283E-12 |  1.055E-13 |   55376.27 |   55376.27 |   |
242.08554 |  60.30783 |  2.498E+13 |  1.000E+00 |  2.255E-12 |  1.100E-13 |   55376.27 |   55376.27 |   |
242.08554 |  60.30783 |  1.363E+13 |  1.000E+00 |  2.297E-12 |  4.405E-13 |   55376.27 |   55376.27 |   |
242.08554 |  60.30783 |  8.817E+13 |  1.000E+00 |  3.324E-12 |  9.500E-14 |   55376.41 |   55376.41 |   |
242.08554 |  60.30783 |  6.517E+13 |  1.000E+00 |  3.335E-12 |  1.015E-13 |   55376.41 |   55376.41 |   |
242.08554 |  60.30783 |  2.498E+13 |  1.000E+00 |  2.322E-12 |  1.110E-13 |   55376.41 |   55376.41 |   |
242.08554 |  60.30783 |  1.363E+13 |  1.000E+00 |  2.359E-12 |  3.685E-13 |   55376.41 |   55376.41 |   |
242.08554 |  60.30783 |  8.817E+13 |  1.000E+00 |  3.119E-12 |  8.650E-14 |   55376.47 |   55376.47 |   |
242.08554 |  60.30783 |  6.517E+13 |  1.000E+00 |  3.247E-12 |  8.700E-14 |   55376.47 |   55376.47 |   |
242.08554 |  60.30783 |  2.498E+13 |  1.000E+00 |  2.220E-12 |  1.085E-13 |   55376.47 |   55376.47 |   |
242.08554 |  60.30783 |  1.363E+13 |  1.000E+00 |  3.000E-12 |  5.420E-13 |   55376.47 |   55376.47 |   |
242.08554 |  60.30783 |  8.817E+13 |  1.000E+00 |  3.336E-12 |  1.045E-13 |   55376.54 |   55376.54 |   |
242.08554 |  60.30783 |  6.517E+13 |  1.000E+00 |  3.298E-12 |  8.500E-14 |   55376.54 |   55376.54 |   |
242.08554 |  60.30783 |  2.498E+13 |  1.000E+00 |  2.295E-12 |  1.080E-13 |   55376.54 |   55376.54 |   |
242.08554 |  60.30783 |  1.363E+13 |  1.000E+00 |  2.839E-12 |  4.200E-13 |   55376.54 |   55376.54 |   |
242.08554 |  60.30783 |  8.817E+13 |  1.000E+00 |  3.221E-12 |  8.600E-14 |   55376.60 |   55376.60 |   |
242.08554 |  60.30783 |  6.517E+13 |  1.000E+00 |  3.289E-12 |  9.100E-14 |   55376.60 |   55376.60 |   |
242.08554 |  60.30783 |  8.817E+13 |  1.000E+00 |  3.411E-12 |  9.750E-14 |   55376.67 |   55376.67 |   |
242.08554 |  60.30783 |  6.517E+13 |  1.000E+00 |  3.238E-12 |  8.650E-14 |   55376.67 |   55376.67 |   |
242.08554 |  60.30783 |  2.498E+13 |  1.000E+00 |  2.276E-12 |  1.155E-13 |   55376.67 |   55376.67 |   |
242.08554 |  60.30783 |  1.363E+13 |  1.000E+00 |  1.546E-12 |  4.325E-13 |   55376.67 |   55376.67 |   |
242.08554 |  60.30783 |  8.817E+13 |  1.000E+00 |  3.216E-12 |  9.800E-14 |   55376.73 |   55376.73 |   |
242.08554 |  60.30783 |  6.517E+13 |  1.000E+00 |  3.356E-12 |  9.550E-14 |   55376.73 |   55376.73 |   |
242.08554 |  60.30783 |  2.498E+13 |  1.000E+00 |  2.379E-12 |  1.095E-13 |   55376.73 |   55376.73 |   |
242.08554 |  60.30783 |  1.363E+13 |  1.000E+00 |  2.787E-12 |  4.670E-13 |   55376.73 |   55376.73 |   |
242.08554 |  60.30783 |  8.817E+13 |  1.000E+00 |  3.221E-12 |  9.800E-14 |   55376.80 |   55376.80 |   |
242.08554 |  60.30783 |  6.517E+13 |  1.000E+00 |  3.400E-12 |  1.095E-13 |   55376.80 |   55376.80 |   |
242.08554 |  60.30783 |  2.498E+13 |  1.000E+00 |  2.104E-12 |  1.065E-13 |   55376.80 |   55376.80 |   |
242.08554 |  60.30783 |  1.363E+13 |  1.000E+00 |  2.580E-12 |  3.675E-13 |   55376.80 |   55376.80 |   |
242.08554 |  60.30783 |  8.817E+13 |  1.000E+00 |  3.300E-12 |  8.800E-14 |   55376.87 |   55376.87 |   |
242.08554 |  60.30783 |  6.517E+13 |  1.000E+00 |  3.485E-12 |  1.155E-13 |   55376.87 |   55376.87 |   |
242.08554 |  60.30783 |  2.498E+13 |  1.000E+00 |  2.398E-12 |  1.150E-13 |   55376.87 |   55376.87 |   |
242.08554 |  60.30783 |  1.363E+13 |  1.000E+00 |  2.377E-12 |  4.670E-13 |   55376.87 |   55376.87 |   |
242.08554 |  60.30783 |  8.817E+13 |  1.000E+00 |  3.306E-12 |  9.100E-14 |   55377.00 |   55377.00 |   |
242.08554 |  60.30783 |  6.517E+13 |  1.000E+00 |  3.378E-12 |  8.700E-14 |   55377.00 |   55377.00 |   |
242.08554 |  60.30783 |  2.498E+13 |  1.000E+00 |  2.303E-12 |  1.275E-13 |   55377.00 |   55377.00 |   |
242.08554 |  60.30783 |  1.363E+13 |  1.000E+00 |  3.518E-12 |  5.040E-13 |   55377.00 |   55377.00 |   |
242.08554 |  60.30783 |  8.817E+13 |  1.000E+00 |  3.318E-12 |  8.600E-14 |   55377.07 |   55377.07 |   |
242.08554 |  60.30783 |  6.517E+13 |  1.000E+00 |  3.223E-12 |  8.600E-14 |   55377.07 |   55377.07 |   |
242.08554 |  60.30783 |  2.498E+13 |  1.000E+00 |  2.159E-12 |  1.095E-13 |   55377.07 |   55377.07 |   |
242.08554 |  60.30783 |  1.363E+13 |  1.000E+00 |  2.701E-12 |  3.845E-13 |   55377.07 |   55377.07 |   |
242.08554 |  60.30783 |  8.817E+13 |  1.000E+00 |  3.266E-12 |  1.050E-13 |   55377.13 |   55377.13 |   |
242.08554 |  60.30783 |  6.517E+13 |  1.000E+00 |  3.476E-12 |  9.000E-14 |   55377.13 |   55377.13 |   |
242.08554 |  60.30783 |  2.498E+13 |  1.000E+00 |  2.387E-12 |  1.120E-13 |   55377.13 |   55377.13 |   |
242.08554 |  60.30783 |  1.363E+13 |  1.000E+00 |  2.704E-12 |  4.100E-13 |   55377.13 |   55377.13 |   |
242.08554 |  60.30783 |  8.817E+13 |  1.000E+00 |  3.333E-12 |  8.000E-14 |   55377.20 |   55377.20 |   |
242.08554 |  60.30783 |  6.517E+13 |  1.000E+00 |  3.241E-12 |  9.000E-14 |   55377.20 |   55377.20 |   |
242.08554 |  60.30783 |  2.498E+13 |  1.000E+00 |  2.159E-12 |  1.135E-13 |   55377.20 |   55377.20 |   |
242.08554 |  60.30783 |  1.363E+13 |  1.000E+00 |  2.568E-12 |  3.725E-13 |   55377.20 |   55377.20 |   |
242.08554 |  60.30783 |  8.817E+13 |  1.000E+00 |  3.254E-12 |  9.900E-14 |   55377.27 |   55377.27 |   |
242.08554 |  60.30783 |  6.517E+13 |  1.000E+00 |  3.501E-12 |  9.050E-14 |   55377.27 |   55377.27 |   |
242.08554 |  60.30783 |  2.498E+13 |  1.000E+00 |  2.194E-12 |  1.135E-13 |   55377.27 |   55377.27 |   |
242.08554 |  60.30783 |  1.363E+13 |  1.000E+00 |  3.142E-12 |  5.025E-13 |   55377.27 |   55377.27 |   |
242.08554 |  60.30783 |  8.817E+13 |  1.000E+00 |  3.245E-12 |  9.250E-14 |   55377.27 |   55377.27 |   |
242.08554 |  60.30783 |  6.517E+13 |  1.000E+00 |  3.441E-12 |  9.500E-14 |   55377.27 |   55377.27 |   |
242.08554 |  60.30783 |  2.498E+13 |  1.000E+00 |  2.572E-12 |  1.065E-13 |   55377.27 |   55377.27 |   |
242.08554 |  60.30783 |  1.363E+13 |  1.000E+00 |  2.774E-12 |  3.745E-13 |   55377.27 |   55377.27 |   |
242.08554 |  60.30783 |  8.817E+13 |  1.000E+00 |  3.442E-12 |  9.500E-14 |   55377.33 |   55377.33 |   |
242.08554 |  60.30783 |  6.517E+13 |  1.000E+00 |  3.101E-12 |  8.850E-14 |   55377.33 |   55377.33 |   |
242.08554 |  60.30783 |  2.498E+13 |  1.000E+00 |  2.274E-12 |  1.155E-13 |   55377.33 |   55377.33 |   |
242.08554 |  60.30783 |  1.363E+13 |  1.000E+00 |  1.747E-12 |  4.340E-13 |   55377.33 |   55377.33 |   |
242.08554 |  60.30783 |  8.817E+13 |  1.000E+00 |  3.254E-12 |  9.300E-14 |   55377.40 |   55377.40 |   |
242.08554 |  60.30783 |  6.517E+13 |  1.000E+00 |  3.235E-12 |  8.350E-14 |   55377.40 |   55377.40 |   |
242.08554 |  60.30783 |  2.498E+13 |  1.000E+00 |  2.243E-12 |  1.405E-13 |   55377.40 |   55377.40 |   |
242.08554 |  60.30783 |  1.363E+13 |  1.000E+00 |  1.935E-12 |  3.715E-13 |   55377.40 |   55377.40 |   |
242.08554 |  60.30783 |  8.817E+13 |  1.000E+00 |  3.336E-12 |  8.600E-14 |   55377.46 |   55377.46 |   |
242.08554 |  60.30783 |  6.517E+13 |  1.000E+00 |  3.271E-12 |  9.300E-14 |   55377.46 |   55377.46 |   |
242.08554 |  60.30783 |  2.498E+13 |  1.000E+00 |  2.191E-12 |  1.110E-13 |   55377.46 |   55377.46 |   |
242.08554 |  60.30783 |  1.363E+13 |  1.000E+00 |  2.943E-12 |  4.405E-13 |   55377.46 |   55377.46 |   |
242.08554 |  60.30783 |  8.817E+13 |  1.000E+00 |  3.278E-12 |  9.050E-14 |   55377.53 |   55377.53 |   |
242.08554 |  60.30783 |  6.517E+13 |  1.000E+00 |  3.469E-12 |  8.950E-14 |   55377.53 |   55377.53 |   |
242.08554 |  60.30783 |  2.498E+13 |  1.000E+00 |  2.210E-12 |  1.200E-13 |   55377.53 |   55377.53 |   |
242.08554 |  60.30783 |  1.363E+13 |  1.000E+00 |  2.558E-12 |  3.900E-13 |   55377.53 |   55377.53 |   |
242.08554 |  60.30783 |  8.817E+13 |  1.000E+00 |  3.364E-12 |  9.000E-14 |   55377.59 |   55377.59 |   |
242.08554 |  60.30783 |  6.517E+13 |  1.000E+00 |  3.412E-12 |  9.450E-14 |   55377.59 |   55377.59 |   |
242.08554 |  60.30783 |  8.817E+13 |  1.000E+00 |  3.380E-12 |  1.000E-13 |   55377.66 |   55377.66 |   |
242.08554 |  60.30783 |  6.517E+13 |  1.000E+00 |  3.365E-12 |  9.000E-14 |   55377.66 |   55377.66 |   |
242.08554 |  60.30783 |  2.498E+13 |  1.000E+00 |  2.132E-12 |  1.180E-13 |   55377.66 |   55377.66 |   |
242.08554 |  60.30783 |  1.363E+13 |  1.000E+00 |  2.754E-12 |  3.815E-13 |   55377.66 |   55377.66 |   |
242.08554 |  60.30783 |  8.817E+13 |  1.000E+00 |  3.219E-12 |  8.300E-14 |   55377.73 |   55377.73 |   |
242.08554 |  60.30783 |  6.517E+13 |  1.000E+00 |  3.235E-12 |  9.550E-14 |   55377.73 |   55377.73 |   |
242.08554 |  60.30783 |  2.498E+13 |  1.000E+00 |  2.157E-12 |  1.070E-13 |   55377.73 |   55377.73 |   |
242.08554 |  60.30783 |  1.363E+13 |  1.000E+00 |  2.736E-12 |  3.920E-13 |   55377.73 |   55377.73 |   |
242.08554 |  60.30783 |  8.817E+13 |  1.000E+00 |  3.303E-12 |  7.950E-14 |   55377.79 |   55377.79 |   |
242.08554 |  60.30783 |  6.517E+13 |  1.000E+00 |  3.292E-12 |  1.065E-13 |   55377.79 |   55377.79 |   |
242.08554 |  60.30783 |  2.498E+13 |  1.000E+00 |  2.101E-12 |  1.105E-13 |   55377.79 |   55377.79 |   |
242.08554 |  60.30783 |  1.363E+13 |  1.000E+00 |  2.956E-12 |  6.365E-13 |   55377.79 |   55377.79 |   |
242.08554 |  60.30783 |  8.817E+13 |  1.000E+00 |  3.192E-12 |  9.400E-14 |   55377.86 |   55377.86 |   |
242.08554 |  60.30783 |  6.517E+13 |  1.000E+00 |  3.268E-12 |  7.850E-14 |   55377.86 |   55377.86 |   |
242.08554 |  60.30783 |  2.498E+13 |  1.000E+00 |  2.185E-12 |  1.165E-13 |   55377.86 |   55377.86 |   |
242.08554 |  60.30783 |  1.363E+13 |  1.000E+00 |  2.823E-12 |  3.810E-13 |   55377.86 |   55377.86 |   |
242.08554 |  60.30783 |  8.817E+13 |  1.000E+00 |  3.221E-12 |  8.350E-14 |   55377.93 |   55377.93 |   |
242.08554 |  60.30783 |  6.517E+13 |  1.000E+00 |  3.182E-12 |  1.085E-13 |   55377.93 |   55377.93 |   |
242.08554 |  60.30783 |  2.498E+13 |  1.000E+00 |  2.226E-12 |  1.190E-13 |   55377.93 |   55377.93 |   |
242.08554 |  60.30783 |  1.363E+13 |  1.000E+00 |  2.340E-12 |  4.045E-13 |   55377.93 |   55377.93 |   |
242.08554 |  60.30783 |  8.817E+13 |  1.000E+00 |  3.442E-12 |  8.850E-14 |   55204.60 |   55204.60 |   |
242.08554 |  60.30783 |  6.517E+13 |  1.000E+00 |  3.550E-12 |  9.150E-14 |   55204.60 |   55204.60 |   |
242.08554 |  60.30783 |  2.498E+13 |  1.000E+00 |  2.253E-12 |  1.100E-13 |   55204.60 |   55204.60 |   |
242.08554 |  60.30783 |  1.363E+13 |  1.000E+00 |  2.452E-12 |  4.910E-13 |   55204.60 |   55204.60 |   |
242.08554 |  60.30783 |  4.455E+14 |  1.000E+00 |  1.252E-12 |  0.000E+00 |   55000.00 |   55000.00 |   |
242.08554 |  60.30783 |  6.813E+14 |  1.000E+00 |  1.088E-11 |  3.397E-12 |   55000.00 |   55000.00 |   |
242.08554 |  60.30783 |  5.451E+14 |  1.000E+00 |  4.281E-12 |  9.605E-13 |   55000.00 |   55000.00 |   |
242.08554 |  60.30783 |  6.233E+14 |  1.000E+00 |  3.275E-12 |  5.000E-15 |   55000.00 |   55000.00 |   |
242.08554 |  60.30783 |  4.859E+14 |  1.000E+00 |  2.166E-12 |  1.450E-14 |   55000.00 |   55000.00 |   |
242.08554 |  60.30783 |  3.987E+14 |  1.000E+00 |  2.602E-12 |  2.100E-14 |   55000.00 |   55000.00 |   |
242.08554 |  60.30783 |  3.462E+14 |  1.000E+00 |  2.202E-12 |  9.400E-14 |   55000.00 |   55000.00 |   |
242.08554 |  60.30783 |  3.116E+14 |  1.000E+00 |  2.326E-12 |  2.450E-14 |   55000.00 |   55000.00 |   |
242.08554 |  60.30783 |  8.402E+14 |  1.000E+00 |  5.896E-12 |  4.800E-14 |   55000.00 |   55000.00 |   |
242.08554 |  60.30783 |  6.443E+14 |  1.000E+00 |  4.384E-12 |  1.650E-14 |   55000.00 |   55000.00 |   |
242.08554 |  60.30783 |  4.876E+14 |  1.000E+00 |  3.791E-12 |  1.450E-14 |   55000.00 |   55000.00 |   |
242.08554 |  60.30783 |  4.014E+14 |  1.000E+00 |  4.656E-12 |  1.750E-14 |   55000.00 |   55000.00 |   |
242.08554 |  60.30783 |  3.382E+14 |  1.000E+00 |  3.600E-12 |  3.300E-14 |   55000.00 |   55000.00 |   |
242.08554 |  60.30783 |  1.948E+15 |  1.000E+00 |  7.782E-12 |  3.380E-13 |   55000.00 |   55000.00 |   |
242.08554 |  60.30783 |  1.295E+15 |  1.000E+00 |  5.454E-12 |  1.525E-13 |   55000.00 |   55000.00 |   |
242.08554 |  60.30783 |  8.715E+14 |  1.000E+00 |  7.461E-12 |  5.950E-14 |   55000.00 |   55000.00 |   |
242.08554 |  60.30783 |  5.521E+14 |  1.000E+00 |  4.733E-12 |  7.850E-14 |   55000.00 |   55000.00 |   |
