246.94254 |  48.05692 |  1.400E+09 |  1.000E+00 |  1.100E-15 |  2.000E-18 |   55000.00 |   55000.00 |   |
246.94254 |  48.05692 |  1.400E+09 |  1.000E+00 |  1.361E-15 |  4.050E-17 |   55000.00 |   55000.00 |   |
246.94254 |  48.05692 |  3.000E+09 |  1.000E+00 |  1.671E-15 |  7.000E-18 |   55000.00 |   55000.00 |   |
246.94254 |  48.05692 |  1.500E+08 |  1.000E+00 |  1.389E-16 |  1.455E-17 |   55000.00 |   55000.00 |   |
246.94254 |  48.05692 |  8.400E+09 |  1.000E+00 |  6.947E-15 |  0.000E+00 |   55000.00 |   55000.00 |   |
246.94254 |  48.05692 |  4.800E+09 |  1.000E+00 |  3.120E-15 |  3.360E-16 |   55000.00 |   55000.00 |   |
246.94254 |  48.05692 |  4.800E+09 |  1.000E+00 |  3.552E-15 |  4.320E-16 |   55000.00 |   55000.00 |   |
246.94254 |  48.05692 |  8.817E+13 |  1.000E+00 |  3.740E-14 |  2.860E-15 |   55000.00 |   55000.00 |   |
246.94254 |  48.05692 |  6.517E+13 |  1.000E+00 |  3.596E-14 |  4.115E-15 |   55000.00 |   55000.00 |   |
246.94254 |  48.05692 |  2.498E+13 |  1.000E+00 |  5.414E-14 |  1.598E-14 |   55000.00 |   55000.00 |   |
246.94254 |  48.05692 |  1.363E+13 |  1.000E+00 |  2.087E-13 |  0.000E+00 |   55000.00 |   55000.00 | UL|
246.94254 |  48.05692 |  8.817E+13 |  1.000E+00 |  3.802E-14 |  0.000E+00 |   55230.60 |   55230.60 | UL|
246.94254 |  48.05692 |  6.517E+13 |  1.000E+00 |  5.963E-14 |  0.000E+00 |   55230.60 |   55230.60 | UL|
246.94254 |  48.05692 |  2.498E+13 |  1.000E+00 |  2.206E-13 |  0.000E+00 |   55230.60 |   55230.60 | UL|
246.94254 |  48.05692 |  1.363E+13 |  1.000E+00 |  9.549E-13 |  0.000E+00 |   55230.60 |   55230.60 | UL|
246.94254 |  48.05692 |  8.817E+13 |  1.000E+00 |  4.146E-14 |  2.097E-14 |   55410.27 |   55410.27 |   |
246.94254 |  48.05692 |  6.517E+13 |  1.000E+00 |  6.871E-14 |  0.000E+00 |   55410.27 |   55410.27 | UL|
246.94254 |  48.05692 |  2.498E+13 |  1.000E+00 |  1.833E-13 |  0.000E+00 |   55410.27 |   55410.27 | UL|
246.94254 |  48.05692 |  1.363E+13 |  1.000E+00 |  9.357E-13 |  0.000E+00 |   55410.27 |   55410.27 | UL|
246.94254 |  48.05692 |  8.817E+13 |  1.000E+00 |  6.547E-14 |  0.000E+00 |   55230.73 |   55230.73 | UL|
246.94254 |  48.05692 |  6.517E+13 |  1.000E+00 |  1.103E-13 |  0.000E+00 |   55230.73 |   55230.73 | UL|
246.94254 |  48.05692 |  2.498E+13 |  1.000E+00 |  1.872E-13 |  0.000E+00 |   55230.73 |   55230.73 | UL|
246.94254 |  48.05692 |  1.363E+13 |  1.000E+00 |  7.358E-13 |  0.000E+00 |   55230.73 |   55230.73 | UL|
246.94254 |  48.05692 |  8.817E+13 |  1.000E+00 |  7.455E-14 |  2.036E-14 |   55230.80 |   55230.80 |   |
246.94254 |  48.05692 |  6.517E+13 |  1.000E+00 |  1.166E-13 |  0.000E+00 |   55230.80 |   55230.80 | UL|
246.94254 |  48.05692 |  2.498E+13 |  1.000E+00 |  3.305E-13 |  0.000E+00 |   55230.80 |   55230.80 | UL|
246.94254 |  48.05692 |  1.363E+13 |  1.000E+00 |  8.629E-13 |  0.000E+00 |   55230.80 |   55230.80 | UL|
246.94254 |  48.05692 |  8.817E+13 |  1.000E+00 |  6.218E-14 |  1.877E-14 |   55230.87 |   55230.87 |   |
246.94254 |  48.05692 |  6.517E+13 |  1.000E+00 |  7.583E-14 |  0.000E+00 |   55230.87 |   55230.87 | UL|
246.94254 |  48.05692 |  2.498E+13 |  1.000E+00 |  2.797E-13 |  0.000E+00 |   55230.87 |   55230.87 | UL|
246.94254 |  48.05692 |  1.363E+13 |  1.000E+00 |  1.564E-12 |  0.000E+00 |   55230.87 |   55230.87 | UL|
246.94254 |  48.05692 |  8.817E+13 |  1.000E+00 |  6.428E-14 |  0.000E+00 |   55230.93 |   55230.93 | UL|
246.94254 |  48.05692 |  6.517E+13 |  1.000E+00 |  9.555E-14 |  3.004E-14 |   55230.93 |   55230.93 |   |
246.94254 |  48.05692 |  2.498E+13 |  1.000E+00 |  2.161E-13 |  1.077E-13 |   55230.93 |   55230.93 |   |
246.94254 |  48.05692 |  1.363E+13 |  1.000E+00 |  8.573E-13 |  0.000E+00 |   55230.93 |   55230.93 | UL|
246.94254 |  48.05692 |  8.817E+13 |  1.000E+00 |  4.704E-14 |  0.000E+00 |   55231.00 |   55231.00 | UL|
246.94254 |  48.05692 |  6.517E+13 |  1.000E+00 |  6.993E-14 |  0.000E+00 |   55231.00 |   55231.00 | UL|
246.94254 |  48.05692 |  2.498E+13 |  1.000E+00 |  2.288E-13 |  0.000E+00 |   55231.00 |   55231.00 | UL|
246.94254 |  48.05692 |  1.363E+13 |  1.000E+00 |  7.812E-13 |  0.000E+00 |   55231.00 |   55231.00 | UL|
246.94254 |  48.05692 |  8.817E+13 |  1.000E+00 |  3.855E-14 |  0.000E+00 |   55231.07 |   55231.07 | UL|
246.94254 |  48.05692 |  6.517E+13 |  1.000E+00 |  6.734E-14 |  0.000E+00 |   55231.07 |   55231.07 | UL|
246.94254 |  48.05692 |  2.498E+13 |  1.000E+00 |  3.305E-13 |  0.000E+00 |   55231.07 |   55231.07 | UL|
246.94254 |  48.05692 |  1.363E+13 |  1.000E+00 |  8.765E-13 |  0.000E+00 |   55231.07 |   55231.07 | UL|
246.94254 |  48.05692 |  8.817E+13 |  1.000E+00 |  6.258E-14 |  0.000E+00 |   55231.20 |   55231.20 | UL|
246.94254 |  48.05692 |  1.363E+13 |  1.000E+00 |  1.005E-12 |  0.000E+00 |   55231.20 |   55231.20 | UL|
246.94254 |  48.05692 |  8.817E+13 |  1.000E+00 |  5.341E-14 |  1.950E-14 |   55231.20 |   55231.20 |   |
246.94254 |  48.05692 |  6.517E+13 |  1.000E+00 |  8.771E-14 |  0.000E+00 |   55231.20 |   55231.20 | UL|
246.94254 |  48.05692 |  2.498E+13 |  1.000E+00 |  1.910E-13 |  0.000E+00 |   55231.20 |   55231.20 | UL|
246.94254 |  48.05692 |  1.363E+13 |  1.000E+00 |  8.661E-13 |  0.000E+00 |   55231.20 |   55231.20 | UL|
246.94254 |  48.05692 |  8.817E+13 |  1.000E+00 |  6.032E-14 |  2.232E-14 |   55231.26 |   55231.26 |   |
246.94254 |  48.05692 |  6.517E+13 |  1.000E+00 |  9.715E-14 |  0.000E+00 |   55231.26 |   55231.26 | UL|
246.94254 |  48.05692 |  2.498E+13 |  1.000E+00 |  3.551E-13 |  0.000E+00 |   55231.26 |   55231.26 | UL|
246.94254 |  48.05692 |  1.363E+13 |  1.000E+00 |  7.921E-13 |  0.000E+00 |   55231.26 |   55231.26 | UL|
246.94254 |  48.05692 |  8.817E+13 |  1.000E+00 |  7.650E-14 |  2.332E-14 |   55231.33 |   55231.33 |   |
246.94254 |  48.05692 |  6.517E+13 |  1.000E+00 |  5.816E-14 |  2.863E-14 |   55231.33 |   55231.33 |   |
246.94254 |  48.05692 |  2.498E+13 |  1.000E+00 |  1.957E-13 |  0.000E+00 |   55231.33 |   55231.33 | UL|
246.94254 |  48.05692 |  1.363E+13 |  1.000E+00 |  1.047E-12 |  0.000E+00 |   55231.33 |   55231.33 | UL|
246.94254 |  48.05692 |  8.817E+13 |  1.000E+00 |  4.418E-14 |  1.866E-14 |   55231.39 |   55231.39 |   |
246.94254 |  48.05692 |  6.517E+13 |  1.000E+00 |  8.771E-14 |  3.022E-14 |   55231.39 |   55231.39 |   |
246.94254 |  48.05692 |  2.498E+13 |  1.000E+00 |  3.897E-13 |  0.000E+00 |   55231.39 |   55231.39 | UL|
246.94254 |  48.05692 |  1.363E+13 |  1.000E+00 |  1.231E-12 |  0.000E+00 |   55231.39 |   55231.39 | UL|
246.94254 |  48.05692 |  8.817E+13 |  1.000E+00 |  8.099E-14 |  0.000E+00 |   55231.66 |   55231.66 | UL|
246.94254 |  48.05692 |  6.517E+13 |  1.000E+00 |  8.269E-14 |  0.000E+00 |   55231.66 |   55231.66 | UL|
246.94254 |  48.05692 |  8.817E+13 |  1.000E+00 |  5.110E-14 |  0.000E+00 |   55231.79 |   55231.79 | UL|
246.94254 |  48.05692 |  6.517E+13 |  1.000E+00 |  8.683E-14 |  0.000E+00 |   55231.79 |   55231.79 | UL|
246.94254 |  48.05692 |  2.498E+13 |  1.000E+00 |  2.935E-13 |  0.000E+00 |   55231.79 |   55231.79 | UL|
246.94254 |  48.05692 |  1.363E+13 |  1.000E+00 |  7.250E-13 |  0.000E+00 |   55231.79 |   55231.79 | UL|
246.94254 |  48.05692 |  8.817E+13 |  1.000E+00 |  9.810E-14 |  2.205E-14 |   55231.93 |   55231.93 |   |
246.94254 |  48.05692 |  6.517E+13 |  1.000E+00 |  6.935E-14 |  0.000E+00 |   55231.93 |   55231.93 | UL|
246.94254 |  48.05692 |  2.498E+13 |  1.000E+00 |  2.097E-13 |  9.790E-14 |   55231.93 |   55231.93 |   |
246.94254 |  48.05692 |  1.363E+13 |  1.000E+00 |  1.022E-12 |  0.000E+00 |   55231.93 |   55231.93 | UL|
246.94254 |  48.05692 |  8.817E+13 |  1.000E+00 |  9.377E-14 |  2.778E-14 |   55233.25 |   55233.25 |   |
246.94254 |  48.05692 |  6.517E+13 |  1.000E+00 |  8.407E-14 |  3.248E-14 |   55233.25 |   55233.25 |   |
246.94254 |  48.05692 |  2.498E+13 |  1.000E+00 |  2.077E-13 |  0.000E+00 |   55233.25 |   55233.25 | UL|
246.94254 |  48.05692 |  1.363E+13 |  1.000E+00 |  9.753E-13 |  0.000E+00 |   55233.25 |   55233.25 | UL|
246.94254 |  48.05692 |  8.817E+13 |  1.000E+00 |  8.568E-14 |  2.001E-14 |   55233.32 |   55233.32 |   |
246.94254 |  48.05692 |  6.517E+13 |  1.000E+00 |  1.031E-13 |  0.000E+00 |   55233.32 |   55233.32 | UL|
246.94254 |  48.05692 |  2.498E+13 |  1.000E+00 |  1.905E-13 |  0.000E+00 |   55233.32 |   55233.32 | UL|
246.94254 |  48.05692 |  1.363E+13 |  1.000E+00 |  7.578E-13 |  0.000E+00 |   55233.32 |   55233.32 | UL|
246.94254 |  48.05692 |  8.817E+13 |  1.000E+00 |  4.374E-14 |  2.033E-14 |   55233.32 |   55233.32 |   |
246.94254 |  48.05692 |  6.517E+13 |  1.000E+00 |  1.027E-13 |  2.884E-14 |   55233.32 |   55233.32 |   |
246.94254 |  48.05692 |  2.498E+13 |  1.000E+00 |  2.787E-13 |  0.000E+00 |   55233.32 |   55233.32 | UL|
246.94254 |  48.05692 |  1.363E+13 |  1.000E+00 |  9.700E-13 |  0.000E+00 |   55233.32 |   55233.32 | UL|
246.94254 |  48.05692 |  8.817E+13 |  1.000E+00 |  6.241E-14 |  0.000E+00 |   55233.38 |   55233.38 | UL|
246.94254 |  48.05692 |  6.517E+13 |  1.000E+00 |  1.257E-13 |  0.000E+00 |   55233.38 |   55233.38 | UL|
246.94254 |  48.05692 |  2.498E+13 |  1.000E+00 |  1.993E-13 |  9.835E-14 |   55233.38 |   55233.38 |   |
246.94254 |  48.05692 |  1.363E+13 |  1.000E+00 |  1.064E-12 |  0.000E+00 |   55233.38 |   55233.38 | UL|
246.94254 |  48.05692 |  8.817E+13 |  1.000E+00 |  8.411E-14 |  0.000E+00 |   55233.58 |   55233.58 | UL|
246.94254 |  48.05692 |  6.517E+13 |  1.000E+00 |  8.423E-14 |  0.000E+00 |   55233.58 |   55233.58 | UL|
246.94254 |  48.05692 |  2.498E+13 |  1.000E+00 |  3.561E-13 |  0.000E+00 |   55233.58 |   55233.58 | UL|
246.94254 |  48.05692 |  1.363E+13 |  1.000E+00 |  9.136E-13 |  0.000E+00 |   55233.58 |   55233.58 | UL|
246.94254 |  48.05692 |  8.817E+13 |  1.000E+00 |  6.369E-14 |  1.873E-14 |   55233.64 |   55233.64 |   |
246.94254 |  48.05692 |  6.517E+13 |  1.000E+00 |  7.583E-14 |  0.000E+00 |   55233.64 |   55233.64 | UL|
246.94254 |  48.05692 |  2.498E+13 |  1.000E+00 |  3.634E-13 |  0.000E+00 |   55233.64 |   55233.64 | UL|
246.94254 |  48.05692 |  1.363E+13 |  1.000E+00 |  7.691E-13 |  3.946E-13 |   55233.64 |   55233.64 |   |
246.94254 |  48.05692 |  8.817E+13 |  1.000E+00 |  7.814E-14 |  0.000E+00 |   55233.71 |   55233.71 | UL|
246.94254 |  48.05692 |  6.517E+13 |  1.000E+00 |  8.208E-14 |  0.000E+00 |   55233.71 |   55233.71 | UL|
246.94254 |  48.05692 |  2.498E+13 |  1.000E+00 |  3.483E-13 |  0.000E+00 |   55233.71 |   55233.71 | UL|
246.94254 |  48.05692 |  1.363E+13 |  1.000E+00 |  1.577E-12 |  0.000E+00 |   55233.71 |   55233.71 | UL|
246.94254 |  48.05692 |  8.817E+13 |  1.000E+00 |  7.205E-14 |  0.000E+00 |   55233.78 |   55233.78 | UL|
246.94254 |  48.05692 |  6.517E+13 |  1.000E+00 |  7.977E-14 |  0.000E+00 |   55233.78 |   55233.78 | UL|
246.94254 |  48.05692 |  2.498E+13 |  1.000E+00 |  2.886E-13 |  0.000E+00 |   55233.78 |   55233.78 | UL|
246.94254 |  48.05692 |  1.363E+13 |  1.000E+00 |  1.192E-12 |  0.000E+00 |   55233.78 |   55233.78 | UL|
246.94254 |  48.05692 |  8.817E+13 |  1.000E+00 |  6.428E-14 |  1.978E-14 |   55233.91 |   55233.91 |   |
246.94254 |  48.05692 |  6.517E+13 |  1.000E+00 |  1.120E-13 |  0.000E+00 |   55233.91 |   55233.91 | UL|
246.94254 |  48.05692 |  2.498E+13 |  1.000E+00 |  2.288E-13 |  9.350E-14 |   55233.91 |   55233.91 |   |
246.94254 |  48.05692 |  1.363E+13 |  1.000E+00 |  1.293E-12 |  0.000E+00 |   55233.91 |   55233.91 | UL|
246.94254 |  48.05692 |  8.817E+13 |  1.000E+00 |  9.038E-14 |  1.996E-14 |   55234.04 |   55234.04 |   |
246.94254 |  48.05692 |  6.517E+13 |  1.000E+00 |  6.715E-14 |  2.855E-14 |   55234.04 |   55234.04 |   |
246.94254 |  48.05692 |  2.498E+13 |  1.000E+00 |  3.308E-13 |  0.000E+00 |   55234.04 |   55234.04 | UL|
246.94254 |  48.05692 |  1.363E+13 |  1.000E+00 |  1.023E-12 |  0.000E+00 |   55234.04 |   55234.04 | UL|
246.94254 |  48.05692 |  8.817E+13 |  1.000E+00 |  3.952E-14 |  0.000E+00 |   55410.14 |   55410.14 | UL|
246.94254 |  48.05692 |  6.517E+13 |  1.000E+00 |  6.715E-14 |  0.000E+00 |   55410.14 |   55410.14 | UL|
246.94254 |  48.05692 |  2.498E+13 |  1.000E+00 |  1.803E-13 |  0.000E+00 |   55410.14 |   55410.14 | UL|
246.94254 |  48.05692 |  1.363E+13 |  1.000E+00 |  7.118E-13 |  0.000E+00 |   55410.14 |   55410.14 | UL|
246.94254 |  48.05692 |  8.817E+13 |  1.000E+00 |  5.713E-14 |  0.000E+00 |   55230.67 |   55230.67 | UL|
246.94254 |  48.05692 |  6.517E+13 |  1.000E+00 |  1.094E-13 |  0.000E+00 |   55230.67 |   55230.67 | UL|
246.94254 |  48.05692 |  2.498E+13 |  1.000E+00 |  2.589E-13 |  0.000E+00 |   55230.67 |   55230.67 | UL|
246.94254 |  48.05692 |  1.363E+13 |  1.000E+00 |  8.425E-13 |  0.000E+00 |   55230.67 |   55230.67 | UL|
246.94254 |  48.05692 |  8.817E+13 |  1.000E+00 |  5.244E-14 |  0.000E+00 |   55410.87 |   55410.87 | UL|
246.94254 |  48.05692 |  6.517E+13 |  1.000E+00 |  5.700E-14 |  2.894E-14 |   55410.87 |   55410.87 |   |
246.94254 |  48.05692 |  2.498E+13 |  1.000E+00 |  1.914E-13 |  0.000E+00 |   55410.87 |   55410.87 | UL|
246.94254 |  48.05692 |  1.363E+13 |  1.000E+00 |  1.330E-12 |  0.000E+00 |   55410.87 |   55410.87 | UL|
246.94254 |  48.05692 |  8.817E+13 |  1.000E+00 |  4.204E-14 |  0.000E+00 |   55230.01 |   55230.01 | UL|
246.94254 |  48.05692 |  6.517E+13 |  1.000E+00 |  1.007E-13 |  0.000E+00 |   55230.01 |   55230.01 | UL|
246.94254 |  48.05692 |  2.498E+13 |  1.000E+00 |  2.208E-13 |  0.000E+00 |   55230.01 |   55230.01 | UL|
246.94254 |  48.05692 |  1.363E+13 |  1.000E+00 |  7.072E-13 |  0.000E+00 |   55230.01 |   55230.01 | UL|
246.94254 |  48.05692 |  8.817E+13 |  1.000E+00 |  6.868E-14 |  1.791E-14 |   55411.00 |   55411.00 |   |
246.94254 |  48.05692 |  6.517E+13 |  1.000E+00 |  6.313E-14 |  2.844E-14 |   55411.00 |   55411.00 |   |
246.94254 |  48.05692 |  2.498E+13 |  1.000E+00 |  2.089E-13 |  0.000E+00 |   55411.00 |   55411.00 | UL|
246.94254 |  48.05692 |  1.363E+13 |  1.000E+00 |  7.331E-13 |  0.000E+00 |   55411.00 |   55411.00 | UL|
246.94254 |  48.05692 |  8.817E+13 |  1.000E+00 |  6.913E-14 |  1.915E-14 |   55411.06 |   55411.06 |   |
246.94254 |  48.05692 |  6.517E+13 |  1.000E+00 |  5.903E-14 |  2.900E-14 |   55411.06 |   55411.06 |   |
246.94254 |  48.05692 |  2.498E+13 |  1.000E+00 |  2.295E-13 |  0.000E+00 |   55411.06 |   55411.06 | UL|
246.94254 |  48.05692 |  1.363E+13 |  1.000E+00 |  1.052E-12 |  0.000E+00 |   55411.06 |   55411.06 | UL|
246.94254 |  48.05692 |  8.817E+13 |  1.000E+00 |  6.875E-14 |  0.000E+00 |   55411.13 |   55411.13 | UL|
246.94254 |  48.05692 |  6.517E+13 |  1.000E+00 |  6.029E-14 |  0.000E+00 |   55411.13 |   55411.13 | UL|
246.94254 |  48.05692 |  2.498E+13 |  1.000E+00 |  3.133E-13 |  0.000E+00 |   55411.13 |   55411.13 | UL|
246.94254 |  48.05692 |  1.363E+13 |  1.000E+00 |  8.534E-13 |  0.000E+00 |   55411.13 |   55411.13 | UL|
246.94254 |  48.05692 |  8.817E+13 |  1.000E+00 |  5.718E-14 |  0.000E+00 |   55411.20 |   55411.20 | UL|
246.94254 |  48.05692 |  6.517E+13 |  1.000E+00 |  6.068E-14 |  2.667E-14 |   55411.20 |   55411.20 |   |
246.94254 |  48.05692 |  2.498E+13 |  1.000E+00 |  2.220E-13 |  0.000E+00 |   55411.20 |   55411.20 | UL|
246.94254 |  48.05692 |  1.363E+13 |  1.000E+00 |  1.333E-12 |  0.000E+00 |   55411.20 |   55411.20 | UL|
246.94254 |  48.05692 |  8.817E+13 |  1.000E+00 |  7.930E-14 |  0.000E+00 |   55411.26 |   55411.26 | UL|
246.94254 |  48.05692 |  6.517E+13 |  1.000E+00 |  8.787E-14 |  0.000E+00 |   55411.26 |   55411.26 | UL|
246.94254 |  48.05692 |  2.498E+13 |  1.000E+00 |  2.937E-13 |  0.000E+00 |   55411.26 |   55411.26 | UL|
246.94254 |  48.05692 |  1.363E+13 |  1.000E+00 |  8.887E-13 |  0.000E+00 |   55411.26 |   55411.26 | UL|
246.94254 |  48.05692 |  8.817E+13 |  1.000E+00 |  8.528E-14 |  1.999E-14 |   55411.33 |   55411.33 |   |
246.94254 |  48.05692 |  6.517E+13 |  1.000E+00 |  5.596E-14 |  0.000E+00 |   55411.33 |   55411.33 | UL|
246.94254 |  48.05692 |  2.498E+13 |  1.000E+00 |  2.521E-13 |  0.000E+00 |   55411.33 |   55411.33 | UL|
246.94254 |  48.05692 |  1.363E+13 |  1.000E+00 |  1.193E-12 |  0.000E+00 |   55411.33 |   55411.33 | UL|
246.94254 |  48.05692 |  8.817E+13 |  1.000E+00 |  4.282E-14 |  0.000E+00 |   55411.39 |   55411.39 | UL|
246.94254 |  48.05692 |  6.517E+13 |  1.000E+00 |  7.356E-14 |  2.961E-14 |   55411.39 |   55411.39 |   |
246.94254 |  48.05692 |  2.498E+13 |  1.000E+00 |  2.138E-13 |  0.000E+00 |   55411.39 |   55411.39 | UL|
246.94254 |  48.05692 |  1.363E+13 |  1.000E+00 |  1.130E-12 |  0.000E+00 |   55411.39 |   55411.39 | UL|
246.94254 |  48.05692 |  8.817E+13 |  1.000E+00 |  4.286E-14 |  2.058E-14 |   55411.46 |   55411.46 |   |
246.94254 |  48.05692 |  6.517E+13 |  1.000E+00 |  5.539E-14 |  2.681E-14 |   55411.46 |   55411.46 |   |
246.94254 |  48.05692 |  2.498E+13 |  1.000E+00 |  1.852E-13 |  0.000E+00 |   55411.46 |   55411.46 | UL|
246.94254 |  48.05692 |  1.363E+13 |  1.000E+00 |  8.629E-13 |  0.000E+00 |   55411.46 |   55411.46 | UL|
246.94254 |  48.05692 |  8.817E+13 |  1.000E+00 |  7.259E-14 |  0.000E+00 |   55411.46 |   55411.46 | UL|
246.94254 |  48.05692 |  6.517E+13 |  1.000E+00 |  7.129E-14 |  0.000E+00 |   55411.46 |   55411.46 | UL|
246.94254 |  48.05692 |  2.498E+13 |  1.000E+00 |  2.565E-13 |  0.000E+00 |   55411.46 |   55411.46 | UL|
246.94254 |  48.05692 |  1.363E+13 |  1.000E+00 |  8.709E-13 |  0.000E+00 |   55411.46 |   55411.46 | UL|
246.94254 |  48.05692 |  8.817E+13 |  1.000E+00 |  7.319E-14 |  0.000E+00 |   55411.53 |   55411.53 | UL|
246.94254 |  48.05692 |  6.517E+13 |  1.000E+00 |  5.237E-14 |  0.000E+00 |   55411.53 |   55411.53 | UL|
246.94254 |  48.05692 |  2.498E+13 |  1.000E+00 |  2.580E-13 |  0.000E+00 |   55411.53 |   55411.53 | UL|
246.94254 |  48.05692 |  1.363E+13 |  1.000E+00 |  7.007E-13 |  0.000E+00 |   55411.53 |   55411.53 | UL|
246.94254 |  48.05692 |  8.817E+13 |  1.000E+00 |  3.730E-14 |  1.928E-14 |   55411.59 |   55411.59 |   |
246.94254 |  48.05692 |  6.517E+13 |  1.000E+00 |  6.752E-14 |  0.000E+00 |   55411.59 |   55411.59 | UL|
246.94254 |  48.05692 |  8.817E+13 |  1.000E+00 |  7.353E-14 |  0.000E+00 |   55411.66 |   55411.66 | UL|
246.94254 |  48.05692 |  6.517E+13 |  1.000E+00 |  5.827E-14 |  0.000E+00 |   55411.66 |   55411.66 | UL|
246.94254 |  48.05692 |  2.498E+13 |  1.000E+00 |  2.815E-13 |  0.000E+00 |   55411.66 |   55411.66 | UL|
246.94254 |  48.05692 |  1.363E+13 |  1.000E+00 |  1.085E-12 |  0.000E+00 |   55411.66 |   55411.66 | UL|
246.94254 |  48.05692 |  8.817E+13 |  1.000E+00 |  4.765E-14 |  0.000E+00 |   55411.73 |   55411.73 | UL|
246.94254 |  48.05692 |  6.517E+13 |  1.000E+00 |  7.302E-14 |  2.844E-14 |   55411.73 |   55411.73 |   |
246.94254 |  48.05692 |  2.498E+13 |  1.000E+00 |  1.946E-13 |  0.000E+00 |   55411.73 |   55411.73 | UL|
246.94254 |  48.05692 |  1.363E+13 |  1.000E+00 |  7.098E-13 |  0.000E+00 |   55411.73 |   55411.73 | UL|
246.94254 |  48.05692 |  8.817E+13 |  1.000E+00 |  3.641E-14 |  0.000E+00 |   55411.79 |   55411.79 | UL|
246.94254 |  48.05692 |  6.517E+13 |  1.000E+00 |  7.038E-14 |  2.971E-14 |   55411.79 |   55411.79 |   |
246.94254 |  48.05692 |  2.498E+13 |  1.000E+00 |  3.247E-13 |  0.000E+00 |   55411.79 |   55411.79 | UL|
246.94254 |  48.05692 |  1.363E+13 |  1.000E+00 |  9.505E-13 |  0.000E+00 |   55411.79 |   55411.79 | UL|
246.94254 |  48.05692 |  8.817E+13 |  1.000E+00 |  7.930E-14 |  0.000E+00 |   55411.86 |   55411.86 | UL|
246.94254 |  48.05692 |  6.517E+13 |  1.000E+00 |  6.827E-14 |  0.000E+00 |   55411.86 |   55411.86 | UL|
246.94254 |  48.05692 |  2.498E+13 |  1.000E+00 |  2.357E-13 |  0.000E+00 |   55411.86 |   55411.86 | UL|
246.94254 |  48.05692 |  1.363E+13 |  1.000E+00 |  8.621E-13 |  0.000E+00 |   55411.86 |   55411.86 | UL|
246.94254 |  48.05692 |  8.817E+13 |  1.000E+00 |  4.484E-14 |  1.989E-14 |   55411.93 |   55411.93 |   |
246.94254 |  48.05692 |  6.517E+13 |  1.000E+00 |  8.148E-14 |  0.000E+00 |   55411.93 |   55411.93 | UL|
246.94254 |  48.05692 |  2.498E+13 |  1.000E+00 |  3.039E-13 |  9.350E-14 |   55411.93 |   55411.93 |   |
246.94254 |  48.05692 |  1.363E+13 |  1.000E+00 |  1.286E-12 |  0.000E+00 |   55411.93 |   55411.93 | UL|
246.94254 |  48.05692 |  8.817E+13 |  1.000E+00 |  8.963E-14 |  1.873E-14 |   55411.99 |   55411.99 |   |
246.94254 |  48.05692 |  6.517E+13 |  1.000E+00 |  5.448E-14 |  0.000E+00 |   55411.99 |   55411.99 | UL|
246.94254 |  48.05692 |  2.498E+13 |  1.000E+00 |  1.788E-13 |  0.000E+00 |   55411.99 |   55411.99 | UL|
246.94254 |  48.05692 |  1.363E+13 |  1.000E+00 |  1.129E-12 |  0.000E+00 |   55411.99 |   55411.99 | UL|
246.94254 |  48.05692 |  8.817E+13 |  1.000E+00 |  6.620E-14 |  1.923E-14 |   55412.05 |   55412.05 |   |
246.94254 |  48.05692 |  6.517E+13 |  1.000E+00 |  8.885E-14 |  0.000E+00 |   55412.05 |   55412.05 | UL|
246.94254 |  48.05692 |  2.498E+13 |  1.000E+00 |  1.818E-13 |  0.000E+00 |   55412.05 |   55412.05 | UL|
246.94254 |  48.05692 |  1.363E+13 |  1.000E+00 |  9.673E-13 |  0.000E+00 |   55412.05 |   55412.05 | UL|
246.94254 |  48.05692 |  8.817E+13 |  1.000E+00 |  6.553E-14 |  1.947E-14 |   55412.19 |   55412.19 |   |
246.94254 |  48.05692 |  6.517E+13 |  1.000E+00 |  5.585E-14 |  0.000E+00 |   55412.19 |   55412.19 | UL|
246.94254 |  48.05692 |  2.498E+13 |  1.000E+00 |  1.826E-13 |  0.000E+00 |   55412.19 |   55412.19 | UL|
246.94254 |  48.05692 |  1.363E+13 |  1.000E+00 |  7.157E-13 |  0.000E+00 |   55412.19 |   55412.19 | UL|
246.94254 |  48.05692 |  8.817E+13 |  1.000E+00 |  5.750E-14 |  0.000E+00 |   55410.40 |   55410.40 | UL|
246.94254 |  48.05692 |  6.517E+13 |  1.000E+00 |  7.316E-14 |  2.730E-14 |   55410.40 |   55410.40 |   |
246.94254 |  48.05692 |  2.498E+13 |  1.000E+00 |  3.028E-13 |  0.000E+00 |   55410.40 |   55410.40 | UL|
246.94254 |  48.05692 |  1.363E+13 |  1.000E+00 |  1.397E-12 |  0.000E+00 |   55410.40 |   55410.40 | UL|
246.94254 |  48.05692 |  8.817E+13 |  1.000E+00 |  3.672E-14 |  1.831E-14 |   55410.54 |   55410.54 |   |
246.94254 |  48.05692 |  6.517E+13 |  1.000E+00 |  8.141E-14 |  0.000E+00 |   55410.54 |   55410.54 | UL|
246.94254 |  48.05692 |  2.498E+13 |  1.000E+00 |  2.436E-13 |  0.000E+00 |   55410.54 |   55410.54 | UL|
246.94254 |  48.05692 |  1.363E+13 |  1.000E+00 |  8.518E-13 |  4.257E-13 |   55410.54 |   55410.54 |   |
246.94254 |  48.05692 |  8.817E+13 |  1.000E+00 |  4.530E-14 |  2.207E-14 |   55410.60 |   55410.60 |   |
246.94254 |  48.05692 |  6.517E+13 |  1.000E+00 |  1.007E-13 |  0.000E+00 |   55410.60 |   55410.60 | UL|
246.94254 |  48.05692 |  8.817E+13 |  1.000E+00 |  4.239E-14 |  0.000E+00 |   55410.60 |   55410.60 | UL|
246.94254 |  48.05692 |  6.517E+13 |  1.000E+00 |  5.208E-14 |  2.645E-14 |   55410.60 |   55410.60 |   |
246.94254 |  48.05692 |  8.817E+13 |  1.000E+00 |  4.439E-14 |  0.000E+00 |   55410.67 |   55410.67 | UL|
246.94254 |  48.05692 |  6.517E+13 |  1.000E+00 |  1.100E-13 |  0.000E+00 |   55410.67 |   55410.67 | UL|
246.94254 |  48.05692 |  2.498E+13 |  1.000E+00 |  3.197E-13 |  0.000E+00 |   55410.67 |   55410.67 | UL|
246.94254 |  48.05692 |  1.363E+13 |  1.000E+00 |  7.762E-13 |  0.000E+00 |   55410.67 |   55410.67 | UL|
246.94254 |  48.05692 |  8.817E+13 |  1.000E+00 |  8.280E-14 |  0.000E+00 |   55410.73 |   55410.73 | UL|
246.94254 |  48.05692 |  6.517E+13 |  1.000E+00 |  7.660E-14 |  0.000E+00 |   55410.73 |   55410.73 | UL|
246.94254 |  48.05692 |  2.498E+13 |  1.000E+00 |  2.689E-13 |  0.000E+00 |   55410.73 |   55410.73 | UL|
246.94254 |  48.05692 |  1.363E+13 |  1.000E+00 |  7.812E-13 |  0.000E+00 |   55410.73 |   55410.73 | UL|
246.94254 |  48.05692 |  8.817E+13 |  1.000E+00 |  4.622E-14 |  0.000E+00 |   55410.80 |   55410.80 | UL|
246.94254 |  48.05692 |  6.517E+13 |  1.000E+00 |  8.036E-14 |  2.642E-14 |   55410.80 |   55410.80 |   |
246.94254 |  48.05692 |  2.498E+13 |  1.000E+00 |  1.999E-13 |  0.000E+00 |   55410.80 |   55410.80 | UL|
246.94254 |  48.05692 |  1.363E+13 |  1.000E+00 |  1.375E-12 |  0.000E+00 |   55410.80 |   55410.80 | UL|
246.94254 |  48.05692 |  8.817E+13 |  1.000E+00 |  5.900E-14 |  0.000E+00 |   55230.20 |   55230.20 | UL|
246.94254 |  48.05692 |  6.517E+13 |  1.000E+00 |  5.611E-14 |  2.889E-14 |   55230.20 |   55230.20 |   |
246.94254 |  48.05692 |  2.498E+13 |  1.000E+00 |  3.341E-13 |  0.000E+00 |   55230.20 |   55230.20 | UL|
246.94254 |  48.05692 |  1.363E+13 |  1.000E+00 |  7.855E-13 |  0.000E+00 |   55230.20 |   55230.20 | UL|
246.94254 |  48.05692 |  8.817E+13 |  1.000E+00 |  3.931E-14 |  0.000E+00 |   55230.27 |   55230.27 | UL|
246.94254 |  48.05692 |  6.517E+13 |  1.000E+00 |  1.071E-13 |  0.000E+00 |   55230.27 |   55230.27 | UL|
246.94254 |  48.05692 |  2.498E+13 |  1.000E+00 |  2.017E-13 |  0.000E+00 |   55230.27 |   55230.27 | UL|
246.94254 |  48.05692 |  1.363E+13 |  1.000E+00 |  1.281E-12 |  0.000E+00 |   55230.27 |   55230.27 | UL|
246.94254 |  48.05692 |  8.817E+13 |  1.000E+00 |  9.578E-14 |  2.045E-14 |   55230.34 |   55230.34 |   |
246.94254 |  48.05692 |  6.517E+13 |  1.000E+00 |  7.941E-14 |  0.000E+00 |   55230.34 |   55230.34 | UL|
246.94254 |  48.05692 |  2.498E+13 |  1.000E+00 |  2.030E-13 |  0.000E+00 |   55230.34 |   55230.34 | UL|
246.94254 |  48.05692 |  1.363E+13 |  1.000E+00 |  8.969E-13 |  0.000E+00 |   55230.34 |   55230.34 | UL|
246.94254 |  48.05692 |  8.817E+13 |  1.000E+00 |  6.843E-14 |  0.000E+00 |   55230.40 |   55230.40 | UL|
246.94254 |  48.05692 |  6.517E+13 |  1.000E+00 |  1.045E-13 |  0.000E+00 |   55230.40 |   55230.40 | UL|
246.94254 |  48.05692 |  2.498E+13 |  1.000E+00 |  4.032E-13 |  0.000E+00 |   55230.40 |   55230.40 | UL|
246.94254 |  48.05692 |  1.363E+13 |  1.000E+00 |  8.286E-13 |  0.000E+00 |   55230.40 |   55230.40 | UL|
246.94254 |  48.05692 |  8.817E+13 |  1.000E+00 |  3.813E-14 |  0.000E+00 |   55412.32 |   55412.32 | UL|
246.94254 |  48.05692 |  6.517E+13 |  1.000E+00 |  1.086E-13 |  0.000E+00 |   55412.32 |   55412.32 | UL|
246.94254 |  48.05692 |  2.498E+13 |  1.000E+00 |  2.721E-13 |  0.000E+00 |   55412.32 |   55412.32 | UL|
246.94254 |  48.05692 |  1.363E+13 |  1.000E+00 |  8.511E-13 |  0.000E+00 |   55412.32 |   55412.32 | UL|
246.94254 |  48.05692 |  8.817E+13 |  1.000E+00 |  6.428E-14 |  1.947E-14 |   55229.74 |   55229.74 |   |
246.94254 |  48.05692 |  6.517E+13 |  1.000E+00 |  8.081E-14 |  0.000E+00 |   55229.74 |   55229.74 | UL|
246.94254 |  48.05692 |  2.498E+13 |  1.000E+00 |  2.591E-13 |  0.000E+00 |   55229.74 |   55229.74 | UL|
246.94254 |  48.05692 |  1.363E+13 |  1.000E+00 |  8.150E-13 |  0.000E+00 |   55229.74 |   55229.74 | UL|
246.94254 |  48.05692 |  8.817E+13 |  1.000E+00 |  4.867E-14 |  2.012E-14 |   55229.88 |   55229.88 |   |
246.94254 |  48.05692 |  6.517E+13 |  1.000E+00 |  5.800E-14 |  0.000E+00 |   55229.88 |   55229.88 | UL|
246.94254 |  48.05692 |  8.817E+13 |  1.000E+00 |  5.593E-14 |  0.000E+00 |   55410.93 |   55410.93 | UL|
246.94254 |  48.05692 |  6.517E+13 |  1.000E+00 |  8.643E-14 |  0.000E+00 |   55410.93 |   55410.93 | UL|
246.94254 |  48.05692 |  2.498E+13 |  1.000E+00 |  2.284E-13 |  0.000E+00 |   55410.93 |   55410.93 | UL|
246.94254 |  48.05692 |  1.363E+13 |  1.000E+00 |  9.780E-13 |  0.000E+00 |   55410.93 |   55410.93 | UL|
246.94254 |  48.05692 |  6.233E+14 |  1.000E+00 |  7.135E-14 |  8.605E-15 |   55000.00 |   55000.00 |   |
246.94254 |  48.05692 |  4.859E+14 |  1.000E+00 |  6.338E-14 |  4.685E-15 |   55000.00 |   55000.00 |   |
246.94254 |  48.05692 |  3.987E+14 |  1.000E+00 |  9.588E-14 |  9.540E-15 |   55000.00 |   55000.00 |   |
246.94254 |  48.05692 |  3.462E+14 |  1.000E+00 |  6.857E-14 |  5.450E-15 |   55000.00 |   55000.00 |   |
246.94254 |  48.05692 |  3.116E+14 |  1.000E+00 |  1.249E-13 |  2.115E-14 |   55000.00 |   55000.00 |   |
246.94254 |  48.05692 |  8.402E+14 |  1.000E+00 |  4.277E-14 |  8.275E-15 |   55000.00 |   55000.00 |   |
246.94254 |  48.05692 |  6.443E+14 |  1.000E+00 |  6.639E-14 |  2.950E-15 |   55000.00 |   55000.00 |   |
246.94254 |  48.05692 |  4.876E+14 |  1.000E+00 |  5.452E-14 |  3.275E-15 |   55000.00 |   55000.00 |   |
246.94254 |  48.05692 |  4.014E+14 |  1.000E+00 |  4.263E-14 |  3.565E-15 |   55000.00 |   55000.00 |   |
246.94254 |  48.05692 |  3.382E+14 |  1.000E+00 |  5.703E-14 |  1.145E-14 |   55000.00 |   55000.00 |   |
246.94254 |  48.05692 |  2.418E+23 |  1.000E+00 |  3.887E-13 |  6.780E-14 |   55000.00 |   55000.00 |   |
246.94254 |  48.05692 |  1.813E+22 |  1.000E+00 |  4.318E-12 |  0.000E+00 |   55000.00 |   55000.00 | UL|
246.94254 |  48.05692 |  4.835E+22 |  1.000E+00 |  8.675E-13 |  0.000E+00 |   55000.00 |   55000.00 | UL|
246.94254 |  48.05692 |  1.451E+23 |  1.000E+00 |  4.620E-13 |  9.890E-14 |   55000.00 |   55000.00 |   |
246.94254 |  48.05692 |  4.835E+23 |  1.000E+00 |  3.197E-13 |  6.490E-14 |   55000.00 |   55000.00 |   |
246.94254 |  48.05692 |  1.451E+24 |  1.000E+00 |  5.062E-14 |  4.537E-14 |   55000.00 |   55000.00 |   |
246.94254 |  48.05692 |  4.835E+24 |  1.000E+00 |  1.953E-13 |  0.000E+00 |   55000.00 |   55000.00 | UL|
246.94254 |  48.05692 |  1.451E+25 |  1.000E+00 |  6.088E-13 |  0.000E+00 |   55000.00 |   55000.00 | UL|
246.94254 |  48.05692 |  1.451E+26 |  1.000E+00 |  6.568E-13 |  0.000E+00 |   55000.00 |   55000.00 | UL|
