246.13404 |  56.87444 |  1.400E+09 |  1.000E+00 |  4.400E-15 |  2.000E-18 |   55000.00 |   55000.00 |   |
246.13404 |  56.87444 |  1.400E+09 |  1.000E+00 |  3.620E-15 |  1.095E-16 |   55000.00 |   55000.00 |   |
246.13404 |  56.87444 |  3.000E+09 |  1.000E+00 |  8.261E-15 |  1.250E-17 |   55000.00 |   55000.00 |   |
246.13404 |  56.87444 |  1.500E+08 |  1.000E+00 |  2.583E-16 |  2.610E-17 |   55000.00 |   55000.00 |   |
246.13404 |  56.87444 |  8.400E+09 |  1.000E+00 |  3.096E-14 |  0.000E+00 |   55000.00 |   55000.00 |   |
246.13404 |  56.87444 |  4.800E+09 |  1.000E+00 |  8.784E-15 |  7.680E-16 |   55000.00 |   55000.00 |   |
246.13404 |  56.87444 |  4.800E+09 |  1.000E+00 |  1.022E-14 |  1.056E-15 |   55000.00 |   55000.00 |   |
246.13404 |  56.87444 |  4.850E+09 |  1.000E+00 |  1.023E-14 |  0.000E+00 |   55000.00 |   55000.00 |   |
246.13404 |  56.87444 |  1.400E+09 |  1.000E+00 |  2.982E-15 |  0.000E+00 |   55000.00 |   55000.00 |   |
246.13404 |  56.87444 |  1.430E+11 |  1.000E+00 |  2.179E-13 |  4.180E-14 |   55000.00 |   55000.00 |   |
246.13404 |  56.87444 |  2.170E+11 |  1.000E+00 |  3.108E-13 |  3.875E-14 |   55000.00 |   55000.00 |   |
246.13404 |  56.87444 |  1.389E+14 |  1.000E+00 |  1.603E-12 |  1.065E-13 |   55000.00 |   55000.00 |   |
246.13404 |  56.87444 |  1.804E+14 |  1.000E+00 |  1.520E-12 |  1.360E-13 |   55000.00 |   55000.00 |   |
246.13404 |  56.87444 |  2.427E+14 |  1.000E+00 |  1.284E-12 |  1.220E-13 |   55000.00 |   55000.00 |   |
246.13404 |  56.87444 |  8.817E+13 |  1.000E+00 |  2.364E-12 |  5.050E-14 |   55000.00 |   55000.00 |   |
246.13404 |  56.87444 |  6.517E+13 |  1.000E+00 |  2.416E-12 |  4.700E-14 |   55000.00 |   55000.00 |   |
246.13404 |  56.87444 |  2.498E+13 |  1.000E+00 |  2.337E-12 |  4.500E-14 |   55000.00 |   55000.00 |   |
246.13404 |  56.87444 |  1.363E+13 |  1.000E+00 |  2.632E-12 |  9.450E-14 |   55000.00 |   55000.00 |   |
246.13404 |  56.87444 |  8.817E+13 |  1.000E+00 |  1.752E-12 |  7.600E-14 |   55580.05 |   55580.05 |   |
246.13404 |  56.87444 |  6.517E+13 |  1.000E+00 |  1.789E-12 |  7.400E-14 |   55580.05 |   55580.05 |   |
246.13404 |  56.87444 |  8.817E+13 |  1.000E+00 |  2.241E-12 |  6.400E-14 |   55580.18 |   55580.18 |   |
246.13404 |  56.87444 |  6.517E+13 |  1.000E+00 |  1.731E-11 |  0.000E+00 |   55580.18 |   55580.18 | UL|
246.13404 |  56.87444 |  8.817E+13 |  1.000E+00 |  1.736E-12 |  8.650E-14 |   55580.25 |   55580.25 |   |
246.13404 |  56.87444 |  6.517E+13 |  1.000E+00 |  1.739E-12 |  7.200E-14 |   55580.25 |   55580.25 |   |
246.13404 |  56.87444 |  8.817E+13 |  1.000E+00 |  1.658E-12 |  6.550E-14 |   55580.31 |   55580.31 |   |
246.13404 |  56.87444 |  6.517E+13 |  1.000E+00 |  1.747E-12 |  7.750E-14 |   55580.31 |   55580.31 |   |
246.13404 |  56.87444 |  8.817E+13 |  1.000E+00 |  1.738E-12 |  6.250E-14 |   55580.38 |   55580.38 |   |
246.13404 |  56.87444 |  6.517E+13 |  1.000E+00 |  1.693E-12 |  6.550E-14 |   55580.38 |   55580.38 |   |
246.13404 |  56.87444 |  8.817E+13 |  1.000E+00 |  1.719E-12 |  6.500E-14 |   55580.51 |   55580.51 |   |
246.13404 |  56.87444 |  6.517E+13 |  1.000E+00 |  1.753E-12 |  6.450E-14 |   55580.51 |   55580.51 |   |
246.13404 |  56.87444 |  8.817E+13 |  1.000E+00 |  1.783E-12 |  6.750E-14 |   55580.58 |   55580.58 |   |
246.13404 |  56.87444 |  6.517E+13 |  1.000E+00 |  1.747E-12 |  6.750E-14 |   55580.58 |   55580.58 |   |
246.13404 |  56.87444 |  8.817E+13 |  1.000E+00 |  1.622E-12 |  6.850E-14 |   55580.64 |   55580.64 |   |
246.13404 |  56.87444 |  6.517E+13 |  1.000E+00 |  1.681E-12 |  6.650E-14 |   55580.64 |   55580.64 |   |
246.13404 |  56.87444 |  8.817E+13 |  1.000E+00 |  1.808E-12 |  6.650E-14 |   55580.71 |   55580.71 |   |
246.13404 |  56.87444 |  6.517E+13 |  1.000E+00 |  1.609E-12 |  6.800E-14 |   55580.71 |   55580.71 |   |
246.13404 |  56.87444 |  8.817E+13 |  1.000E+00 |  1.702E-12 |  6.100E-14 |   55580.78 |   55580.78 |   |
246.13404 |  56.87444 |  6.517E+13 |  1.000E+00 |  1.704E-12 |  7.700E-14 |   55580.78 |   55580.78 |   |
246.13404 |  56.87444 |  8.817E+13 |  1.000E+00 |  1.568E-12 |  7.550E-14 |   55580.84 |   55580.84 |   |
246.13404 |  56.87444 |  6.517E+13 |  1.000E+00 |  1.560E-12 |  7.050E-14 |   55580.84 |   55580.84 |   |
246.13404 |  56.87444 |  8.817E+13 |  1.000E+00 |  1.628E-12 |  6.900E-14 |   55580.91 |   55580.91 |   |
246.13404 |  56.87444 |  6.517E+13 |  1.000E+00 |  1.682E-12 |  6.500E-14 |   55580.91 |   55580.91 |   |
246.13404 |  56.87444 |  8.817E+13 |  1.000E+00 |  1.716E-12 |  6.500E-14 |   55580.97 |   55580.97 |   |
246.13404 |  56.87444 |  6.517E+13 |  1.000E+00 |  1.661E-12 |  6.600E-14 |   55580.97 |   55580.97 |   |
246.13404 |  56.87444 |  8.817E+13 |  1.000E+00 |  2.657E-12 |  7.550E-14 |   55396.84 |   55396.84 |   |
246.13404 |  56.87444 |  6.517E+13 |  1.000E+00 |  2.620E-12 |  7.700E-14 |   55396.84 |   55396.84 |   |
246.13404 |  56.87444 |  2.498E+13 |  1.000E+00 |  2.286E-12 |  1.035E-13 |   55396.84 |   55396.84 |   |
246.13404 |  56.87444 |  1.363E+13 |  1.000E+00 |  3.009E-12 |  3.725E-13 |   55396.84 |   55396.84 |   |
246.13404 |  56.87444 |  8.817E+13 |  1.000E+00 |  2.559E-12 |  9.200E-14 |   55396.84 |   55396.84 |   |
246.13404 |  56.87444 |  6.517E+13 |  1.000E+00 |  2.534E-12 |  6.800E-14 |   55396.84 |   55396.84 |   |
246.13404 |  56.87444 |  2.498E+13 |  1.000E+00 |  2.493E-12 |  1.010E-13 |   55396.84 |   55396.84 |   |
246.13404 |  56.87444 |  1.363E+13 |  1.000E+00 |  2.844E-12 |  4.605E-13 |   55396.84 |   55396.84 |   |
246.13404 |  56.87444 |  8.817E+13 |  1.000E+00 |  2.808E-12 |  9.600E-14 |   55396.98 |   55396.98 |   |
246.13404 |  56.87444 |  6.517E+13 |  1.000E+00 |  2.748E-12 |  7.600E-14 |   55396.98 |   55396.98 |   |
246.13404 |  56.87444 |  2.498E+13 |  1.000E+00 |  2.405E-12 |  1.065E-13 |   55396.98 |   55396.98 |   |
246.13404 |  56.87444 |  1.363E+13 |  1.000E+00 |  2.729E-12 |  4.980E-13 |   55396.98 |   55396.98 |   |
246.13404 |  56.87444 |  8.817E+13 |  1.000E+00 |  2.672E-12 |  7.100E-14 |   55394.00 |   55394.00 |   |
246.13404 |  56.87444 |  6.517E+13 |  1.000E+00 |  2.746E-12 |  6.550E-14 |   55394.00 |   55394.00 |   |
246.13404 |  56.87444 |  2.498E+13 |  1.000E+00 |  2.333E-12 |  1.095E-13 |   55394.00 |   55394.00 |   |
246.13404 |  56.87444 |  1.363E+13 |  1.000E+00 |  2.403E-12 |  5.170E-13 |   55394.00 |   55394.00 |   |
246.13404 |  56.87444 |  8.817E+13 |  1.000E+00 |  2.842E-12 |  6.800E-14 |   55394.07 |   55394.07 |   |
246.13404 |  56.87444 |  6.517E+13 |  1.000E+00 |  2.929E-12 |  7.550E-14 |   55394.07 |   55394.07 |   |
246.13404 |  56.87444 |  2.498E+13 |  1.000E+00 |  2.335E-12 |  1.140E-13 |   55394.07 |   55394.07 |   |
246.13404 |  56.87444 |  1.363E+13 |  1.000E+00 |  2.025E-12 |  3.690E-13 |   55394.07 |   55394.07 |   |
246.13404 |  56.87444 |  8.817E+13 |  1.000E+00 |  2.752E-12 |  7.850E-14 |   55394.13 |   55394.13 |   |
246.13404 |  56.87444 |  6.517E+13 |  1.000E+00 |  2.912E-12 |  7.750E-14 |   55394.13 |   55394.13 |   |
246.13404 |  56.87444 |  2.498E+13 |  1.000E+00 |  2.272E-12 |  1.050E-13 |   55394.13 |   55394.13 |   |
246.13404 |  56.87444 |  1.363E+13 |  1.000E+00 |  2.726E-12 |  3.525E-13 |   55394.13 |   55394.13 |   |
246.13404 |  56.87444 |  8.817E+13 |  1.000E+00 |  2.724E-12 |  6.800E-14 |   55394.13 |   55394.13 |   |
246.13404 |  56.87444 |  6.517E+13 |  1.000E+00 |  2.830E-12 |  6.500E-14 |   55394.13 |   55394.13 |   |
246.13404 |  56.87444 |  2.498E+13 |  1.000E+00 |  2.350E-12 |  1.100E-13 |   55394.13 |   55394.13 |   |
246.13404 |  56.87444 |  1.363E+13 |  1.000E+00 |  2.441E-12 |  3.815E-13 |   55394.13 |   55394.13 |   |
246.13404 |  56.87444 |  8.817E+13 |  1.000E+00 |  2.722E-12 |  7.000E-14 |   55394.20 |   55394.20 |   |
246.13404 |  56.87444 |  6.517E+13 |  1.000E+00 |  2.817E-12 |  8.050E-14 |   55394.20 |   55394.20 |   |
246.13404 |  56.87444 |  2.498E+13 |  1.000E+00 |  2.278E-12 |  1.340E-13 |   55394.20 |   55394.20 |   |
246.13404 |  56.87444 |  1.363E+13 |  1.000E+00 |  3.763E-12 |  5.250E-13 |   55394.20 |   55394.20 |   |
246.13404 |  56.87444 |  8.817E+13 |  1.000E+00 |  2.719E-12 |  9.300E-14 |   55394.27 |   55394.27 |   |
246.13404 |  56.87444 |  6.517E+13 |  1.000E+00 |  2.733E-12 |  7.300E-14 |   55394.27 |   55394.27 |   |
246.13404 |  56.87444 |  2.498E+13 |  1.000E+00 |  2.126E-12 |  1.095E-13 |   55394.27 |   55394.27 |   |
246.13404 |  56.87444 |  1.363E+13 |  1.000E+00 |  2.997E-12 |  3.625E-13 |   55394.27 |   55394.27 |   |
246.13404 |  56.87444 |  8.817E+13 |  1.000E+00 |  2.712E-12 |  7.250E-14 |   55394.33 |   55394.33 |   |
246.13404 |  56.87444 |  6.517E+13 |  1.000E+00 |  2.812E-12 |  8.800E-14 |   55394.33 |   55394.33 |   |
246.13404 |  56.87444 |  2.498E+13 |  1.000E+00 |  2.320E-12 |  1.110E-13 |   55394.33 |   55394.33 |   |
246.13404 |  56.87444 |  1.363E+13 |  1.000E+00 |  3.156E-12 |  3.905E-13 |   55394.33 |   55394.33 |   |
246.13404 |  56.87444 |  8.817E+13 |  1.000E+00 |  2.645E-12 |  8.250E-14 |   55394.39 |   55394.39 |   |
246.13404 |  56.87444 |  6.517E+13 |  1.000E+00 |  2.758E-12 |  7.350E-14 |   55394.39 |   55394.39 |   |
246.13404 |  56.87444 |  2.498E+13 |  1.000E+00 |  2.554E-12 |  1.150E-13 |   55394.39 |   55394.39 |   |
246.13404 |  56.87444 |  1.363E+13 |  1.000E+00 |  2.537E-12 |  3.515E-13 |   55394.39 |   55394.39 |   |
246.13404 |  56.87444 |  8.817E+13 |  1.000E+00 |  2.775E-12 |  7.150E-14 |   55394.46 |   55394.46 |   |
246.13404 |  56.87444 |  6.517E+13 |  1.000E+00 |  2.878E-12 |  6.850E-14 |   55394.46 |   55394.46 |   |
246.13404 |  56.87444 |  2.498E+13 |  1.000E+00 |  2.363E-12 |  1.090E-13 |   55394.46 |   55394.46 |   |
246.13404 |  56.87444 |  1.363E+13 |  1.000E+00 |  3.009E-12 |  4.195E-13 |   55394.46 |   55394.46 |   |
246.13404 |  56.87444 |  8.817E+13 |  1.000E+00 |  2.626E-12 |  6.750E-14 |   55394.59 |   55394.59 |   |
246.13404 |  56.87444 |  6.517E+13 |  1.000E+00 |  2.789E-12 |  8.200E-14 |   55394.59 |   55394.59 |   |
246.13404 |  56.87444 |  8.817E+13 |  1.000E+00 |  2.832E-12 |  7.050E-14 |   55394.73 |   55394.73 |   |
246.13404 |  56.87444 |  6.517E+13 |  1.000E+00 |  2.841E-12 |  8.100E-14 |   55394.73 |   55394.73 |   |
246.13404 |  56.87444 |  2.498E+13 |  1.000E+00 |  2.385E-12 |  1.035E-13 |   55394.73 |   55394.73 |   |
246.13404 |  56.87444 |  1.363E+13 |  1.000E+00 |  2.676E-12 |  4.730E-13 |   55394.73 |   55394.73 |   |
246.13404 |  56.87444 |  8.817E+13 |  1.000E+00 |  2.571E-12 |  9.000E-14 |   55395.98 |   55395.98 |   |
246.13404 |  56.87444 |  6.517E+13 |  1.000E+00 |  2.721E-12 |  7.050E-14 |   55395.98 |   55395.98 |   |
246.13404 |  56.87444 |  2.498E+13 |  1.000E+00 |  2.427E-12 |  1.300E-13 |   55395.98 |   55395.98 |   |
246.13404 |  56.87444 |  1.363E+13 |  1.000E+00 |  2.230E-12 |  5.180E-13 |   55395.98 |   55395.98 |   |
246.13404 |  56.87444 |  8.817E+13 |  1.000E+00 |  2.592E-12 |  7.200E-14 |   55395.98 |   55395.98 |   |
246.13404 |  56.87444 |  6.517E+13 |  1.000E+00 |  2.678E-12 |  8.650E-14 |   55395.98 |   55395.98 |   |
246.13404 |  56.87444 |  2.498E+13 |  1.000E+00 |  2.418E-12 |  1.045E-13 |   55395.98 |   55395.98 |   |
246.13404 |  56.87444 |  1.363E+13 |  1.000E+00 |  2.473E-12 |  4.420E-13 |   55395.98 |   55395.98 |   |
246.13404 |  56.87444 |  8.817E+13 |  1.000E+00 |  2.744E-12 |  6.550E-14 |   55396.05 |   55396.05 |   |
246.13404 |  56.87444 |  6.517E+13 |  1.000E+00 |  2.723E-12 |  7.500E-14 |   55396.05 |   55396.05 |   |
246.13404 |  56.87444 |  2.498E+13 |  1.000E+00 |  2.473E-12 |  1.140E-13 |   55396.05 |   55396.05 |   |
246.13404 |  56.87444 |  1.363E+13 |  1.000E+00 |  2.173E-12 |  3.780E-13 |   55396.05 |   55396.05 |   |
246.13404 |  56.87444 |  8.817E+13 |  1.000E+00 |  2.592E-12 |  7.200E-14 |   55396.12 |   55396.12 |   |
246.13404 |  56.87444 |  6.517E+13 |  1.000E+00 |  2.828E-12 |  7.050E-14 |   55396.12 |   55396.12 |   |
246.13404 |  56.87444 |  2.498E+13 |  1.000E+00 |  2.342E-12 |  1.165E-13 |   55396.12 |   55396.12 |   |
246.13404 |  56.87444 |  1.363E+13 |  1.000E+00 |  3.050E-12 |  3.605E-13 |   55396.12 |   55396.12 |   |
246.13404 |  56.87444 |  8.817E+13 |  1.000E+00 |  2.638E-12 |  7.050E-14 |   55396.18 |   55396.18 |   |
246.13404 |  56.87444 |  6.517E+13 |  1.000E+00 |  2.639E-12 |  7.800E-14 |   55396.18 |   55396.18 |   |
246.13404 |  56.87444 |  2.498E+13 |  1.000E+00 |  2.530E-12 |  1.190E-13 |   55396.18 |   55396.18 |   |
246.13404 |  56.87444 |  1.363E+13 |  1.000E+00 |  2.535E-12 |  4.150E-13 |   55396.18 |   55396.18 |   |
246.13404 |  56.87444 |  8.817E+13 |  1.000E+00 |  2.595E-12 |  6.450E-14 |   55396.25 |   55396.25 |   |
246.13404 |  56.87444 |  6.517E+13 |  1.000E+00 |  2.688E-12 |  7.200E-14 |   55396.25 |   55396.25 |   |
246.13404 |  56.87444 |  2.498E+13 |  1.000E+00 |  2.276E-12 |  1.135E-13 |   55396.25 |   55396.25 |   |
246.13404 |  56.87444 |  1.363E+13 |  1.000E+00 |  2.857E-12 |  3.485E-13 |   55396.25 |   55396.25 |   |
246.13404 |  56.87444 |  8.817E+13 |  1.000E+00 |  2.635E-12 |  7.250E-14 |   55396.32 |   55396.32 |   |
246.13404 |  56.87444 |  6.517E+13 |  1.000E+00 |  2.629E-12 |  8.000E-14 |   55396.32 |   55396.32 |   |
246.13404 |  56.87444 |  2.498E+13 |  1.000E+00 |  2.418E-12 |  1.140E-13 |   55396.32 |   55396.32 |   |
246.13404 |  56.87444 |  1.363E+13 |  1.000E+00 |  2.142E-12 |  3.925E-13 |   55396.32 |   55396.32 |   |
246.13404 |  56.87444 |  8.817E+13 |  1.000E+00 |  2.606E-12 |  6.500E-14 |   55396.38 |   55396.38 |   |
246.13404 |  56.87444 |  6.517E+13 |  1.000E+00 |  2.681E-12 |  7.900E-14 |   55396.38 |   55396.38 |   |
246.13404 |  56.87444 |  2.498E+13 |  1.000E+00 |  2.357E-12 |  1.130E-13 |   55396.38 |   55396.38 |   |
246.13404 |  56.87444 |  1.363E+13 |  1.000E+00 |  3.034E-12 |  3.530E-13 |   55396.38 |   55396.38 |   |
246.13404 |  56.87444 |  8.817E+13 |  1.000E+00 |  2.599E-12 |  6.950E-14 |   55396.45 |   55396.45 |   |
246.13404 |  56.87444 |  6.517E+13 |  1.000E+00 |  2.651E-12 |  7.850E-14 |   55396.45 |   55396.45 |   |
246.13404 |  56.87444 |  2.498E+13 |  1.000E+00 |  2.418E-12 |  1.140E-13 |   55396.45 |   55396.45 |   |
246.13404 |  56.87444 |  1.363E+13 |  1.000E+00 |  2.066E-12 |  3.980E-13 |   55396.45 |   55396.45 |   |
246.13404 |  56.87444 |  8.817E+13 |  1.000E+00 |  2.750E-12 |  6.600E-14 |   55396.51 |   55396.51 |   |
246.13404 |  56.87444 |  6.517E+13 |  1.000E+00 |  2.771E-12 |  7.100E-14 |   55396.51 |   55396.51 |   |
246.13404 |  56.87444 |  2.498E+13 |  1.000E+00 |  2.146E-12 |  1.085E-13 |   55396.51 |   55396.51 |   |
246.13404 |  56.87444 |  1.363E+13 |  1.000E+00 |  2.363E-12 |  3.495E-13 |   55396.51 |   55396.51 |   |
246.13404 |  56.87444 |  8.817E+13 |  1.000E+00 |  2.592E-12 |  7.200E-14 |   55396.58 |   55396.58 |   |
246.13404 |  56.87444 |  6.517E+13 |  1.000E+00 |  2.668E-12 |  6.650E-14 |   55396.58 |   55396.58 |   |
246.13404 |  56.87444 |  8.817E+13 |  1.000E+00 |  2.719E-12 |  7.000E-14 |   55396.64 |   55396.64 |   |
246.13404 |  56.87444 |  6.517E+13 |  1.000E+00 |  2.691E-12 |  6.950E-14 |   55396.64 |   55396.64 |   |
246.13404 |  56.87444 |  2.498E+13 |  1.000E+00 |  2.407E-12 |  1.150E-13 |   55396.64 |   55396.64 |   |
246.13404 |  56.87444 |  1.363E+13 |  1.000E+00 |  2.206E-12 |  3.530E-13 |   55396.64 |   55396.64 |   |
246.13404 |  56.87444 |  8.817E+13 |  1.000E+00 |  2.575E-12 |  7.150E-14 |   55396.71 |   55396.71 |   |
246.13404 |  56.87444 |  6.517E+13 |  1.000E+00 |  2.751E-12 |  6.550E-14 |   55396.71 |   55396.71 |   |
246.13404 |  56.87444 |  2.498E+13 |  1.000E+00 |  2.291E-12 |  1.055E-13 |   55396.71 |   55396.71 |   |
246.13404 |  56.87444 |  1.363E+13 |  1.000E+00 |  3.257E-12 |  3.910E-13 |   55396.71 |   55396.71 |   |
246.13404 |  56.87444 |  8.817E+13 |  1.000E+00 |  2.650E-12 |  7.300E-14 |   55396.78 |   55396.78 |   |
246.13404 |  56.87444 |  6.517E+13 |  1.000E+00 |  2.673E-12 |  6.650E-14 |   55396.78 |   55396.78 |   |
246.13404 |  56.87444 |  2.498E+13 |  1.000E+00 |  2.390E-12 |  1.230E-13 |   55396.78 |   55396.78 |   |
246.13404 |  56.87444 |  1.363E+13 |  1.000E+00 |  2.902E-12 |  3.485E-13 |   55396.78 |   55396.78 |   |
246.13404 |  56.87444 |  8.817E+13 |  1.000E+00 |  2.590E-12 |  6.950E-14 |   55215.84 |   55215.84 |   |
246.13404 |  56.87444 |  6.517E+13 |  1.000E+00 |  2.596E-12 |  6.650E-14 |   55215.84 |   55215.84 |   |
246.13404 |  56.87444 |  2.498E+13 |  1.000E+00 |  2.159E-12 |  1.135E-13 |   55215.84 |   55215.84 |   |
246.13404 |  56.87444 |  1.363E+13 |  1.000E+00 |  3.150E-12 |  3.690E-13 |   55215.84 |   55215.84 |   |
246.13404 |  56.87444 |  8.817E+13 |  1.000E+00 |  2.535E-12 |  8.400E-14 |   55215.98 |   55215.98 |   |
246.13404 |  56.87444 |  6.517E+13 |  1.000E+00 |  2.656E-12 |  7.600E-14 |   55215.98 |   55215.98 |   |
246.13404 |  56.87444 |  2.498E+13 |  1.000E+00 |  2.314E-12 |  1.260E-13 |   55215.98 |   55215.98 |   |
246.13404 |  56.87444 |  1.363E+13 |  1.000E+00 |  2.502E-12 |  3.540E-13 |   55215.98 |   55215.98 |   |
246.13404 |  56.87444 |  8.817E+13 |  1.000E+00 |  2.379E-12 |  6.350E-14 |   55216.18 |   55216.18 |   |
246.13404 |  56.87444 |  6.517E+13 |  1.000E+00 |  2.558E-12 |  7.300E-14 |   55216.18 |   55216.18 |   |
246.13404 |  56.87444 |  2.498E+13 |  1.000E+00 |  2.066E-12 |  1.025E-13 |   55216.18 |   55216.18 |   |
246.13404 |  56.87444 |  1.363E+13 |  1.000E+00 |  2.222E-12 |  3.450E-13 |   55216.18 |   55216.18 |   |
246.13404 |  56.87444 |  8.817E+13 |  1.000E+00 |  2.478E-12 |  8.200E-14 |   55216.24 |   55216.24 |   |
246.13404 |  56.87444 |  6.517E+13 |  1.000E+00 |  2.567E-12 |  7.350E-14 |   55216.24 |   55216.24 |   |
246.13404 |  56.87444 |  2.498E+13 |  1.000E+00 |  2.181E-12 |  1.105E-13 |   55216.24 |   55216.24 |   |
246.13404 |  56.87444 |  1.363E+13 |  1.000E+00 |  2.361E-12 |  3.955E-13 |   55216.24 |   55216.24 |   |
246.13404 |  56.87444 |  8.817E+13 |  1.000E+00 |  2.295E-12 |  6.950E-14 |   55216.31 |   55216.31 |   |
246.13404 |  56.87444 |  6.517E+13 |  1.000E+00 |  2.703E-12 |  8.200E-14 |   55216.31 |   55216.31 |   |
246.13404 |  56.87444 |  2.498E+13 |  1.000E+00 |  2.025E-12 |  1.415E-13 |   55216.31 |   55216.31 |   |
246.13404 |  56.87444 |  1.363E+13 |  1.000E+00 |  3.150E-12 |  3.925E-13 |   55216.31 |   55216.31 |   |
246.13404 |  56.87444 |  8.817E+13 |  1.000E+00 |  2.464E-12 |  6.350E-14 |   55216.38 |   55216.38 |   |
246.13404 |  56.87444 |  6.517E+13 |  1.000E+00 |  2.681E-12 |  7.650E-14 |   55216.38 |   55216.38 |   |
246.13404 |  56.87444 |  2.498E+13 |  1.000E+00 |  2.368E-12 |  1.200E-13 |   55216.38 |   55216.38 |   |
246.13404 |  56.87444 |  1.363E+13 |  1.000E+00 |  2.489E-12 |  4.170E-13 |   55216.38 |   55216.38 |   |
246.13404 |  56.87444 |  8.817E+13 |  1.000E+00 |  2.469E-12 |  6.350E-14 |   55216.57 |   55216.57 |   |
246.13404 |  56.87444 |  6.517E+13 |  1.000E+00 |  2.596E-12 |  7.150E-14 |   55216.57 |   55216.57 |   |
246.13404 |  56.87444 |  2.498E+13 |  1.000E+00 |  2.208E-12 |  1.060E-13 |   55216.57 |   55216.57 |   |
246.13404 |  56.87444 |  1.363E+13 |  1.000E+00 |  2.544E-12 |  5.740E-13 |   55216.57 |   55216.57 |   |
246.13404 |  56.87444 |  8.817E+13 |  1.000E+00 |  2.433E-12 |  6.750E-14 |   55216.64 |   55216.64 |   |
246.13404 |  56.87444 |  6.517E+13 |  1.000E+00 |  2.502E-12 |  6.900E-14 |   55216.64 |   55216.64 |   |
246.13404 |  56.87444 |  2.498E+13 |  1.000E+00 |  2.189E-12 |  1.190E-13 |   55216.64 |   55216.64 |   |
246.13404 |  56.87444 |  1.363E+13 |  1.000E+00 |  1.867E-12 |  5.010E-13 |   55216.64 |   55216.64 |   |
246.13404 |  56.87444 |  8.817E+13 |  1.000E+00 |  2.462E-12 |  7.250E-14 |   55216.71 |   55216.71 |   |
246.13404 |  56.87444 |  6.517E+13 |  1.000E+00 |  2.591E-12 |  7.600E-14 |   55216.71 |   55216.71 |   |
246.13404 |  56.87444 |  2.498E+13 |  1.000E+00 |  2.028E-12 |  1.065E-13 |   55216.71 |   55216.71 |   |
246.13404 |  56.87444 |  1.363E+13 |  1.000E+00 |  2.357E-12 |  3.615E-13 |   55216.71 |   55216.71 |   |
246.13404 |  56.87444 |  8.817E+13 |  1.000E+00 |  1.798E-12 |  7.950E-14 |   55581.30 |   55581.30 |   |
246.13404 |  56.87444 |  6.517E+13 |  1.000E+00 |  1.421E-12 |  7.200E-14 |   55581.30 |   55581.30 |   |
246.13404 |  56.87444 |  8.817E+13 |  1.000E+00 |  1.733E-12 |  6.350E-14 |   55581.37 |   55581.37 |   |
246.13404 |  56.87444 |  6.517E+13 |  1.000E+00 |  1.760E-12 |  8.450E-14 |   55581.37 |   55581.37 |   |
246.13404 |  56.87444 |  8.817E+13 |  1.000E+00 |  1.820E-12 |  7.750E-14 |   55581.44 |   55581.44 |   |
246.13404 |  56.87444 |  6.517E+13 |  1.000E+00 |  1.691E-12 |  8.550E-14 |   55581.44 |   55581.44 |   |
246.13404 |  56.87444 |  8.817E+13 |  1.000E+00 |  1.767E-12 |  7.800E-14 |   55581.50 |   55581.50 |   |
246.13404 |  56.87444 |  6.517E+13 |  1.000E+00 |  1.779E-12 |  8.350E-14 |   55581.50 |   55581.50 |   |
246.13404 |  56.87444 |  8.817E+13 |  1.000E+00 |  1.703E-12 |  6.450E-14 |   55581.57 |   55581.57 |   |
246.13404 |  56.87444 |  6.517E+13 |  1.000E+00 |  1.653E-12 |  1.170E-13 |   55581.57 |   55581.57 |   |
246.13404 |  56.87444 |  8.817E+13 |  1.000E+00 |  1.625E-12 |  6.750E-14 |   55581.64 |   55581.64 |   |
246.13404 |  56.87444 |  6.517E+13 |  1.000E+00 |  1.732E-12 |  6.850E-14 |   55581.64 |   55581.64 |   |
246.13404 |  56.87444 |  8.817E+13 |  1.000E+00 |  1.671E-12 |  6.800E-14 |   55581.70 |   55581.70 |   |
246.13404 |  56.87444 |  6.517E+13 |  1.000E+00 |  1.485E-12 |  7.400E-14 |   55581.70 |   55581.70 |   |
246.13404 |  56.87444 |  8.817E+13 |  1.000E+00 |  1.683E-12 |  6.500E-14 |   55581.83 |   55581.83 |   |
246.13404 |  56.87444 |  6.517E+13 |  1.000E+00 |  1.720E-12 |  6.200E-14 |   55581.83 |   55581.83 |   |
246.13404 |  56.87444 |  8.817E+13 |  1.000E+00 |  1.727E-12 |  6.700E-14 |   55581.96 |   55581.96 |   |
246.13404 |  56.87444 |  6.517E+13 |  1.000E+00 |  1.768E-12 |  7.150E-14 |   55581.96 |   55581.96 |   |
246.13404 |  56.87444 |  8.817E+13 |  1.000E+00 |  1.752E-12 |  6.450E-14 |   55587.32 |   55587.32 |   |
246.13404 |  56.87444 |  6.517E+13 |  1.000E+00 |  1.612E-12 |  6.350E-14 |   55587.32 |   55587.32 |   |
246.13404 |  56.87444 |  8.817E+13 |  1.000E+00 |  1.805E-12 |  7.450E-14 |   55581.04 |   55581.04 |   |
246.13404 |  56.87444 |  6.517E+13 |  1.000E+00 |  3.511E-11 |  0.000E+00 |   55581.04 |   55581.04 | UL|
246.13404 |  56.87444 |  8.817E+13 |  1.000E+00 |  1.714E-12 |  7.900E-14 |   55581.24 |   55581.24 |   |
246.13404 |  56.87444 |  6.517E+13 |  1.000E+00 |  1.654E-12 |  7.000E-14 |   55581.24 |   55581.24 |   |
246.13404 |  56.87444 |  8.817E+13 |  1.000E+00 |  2.665E-12 |  8.100E-14 |   55397.11 |   55397.11 |   |
246.13404 |  56.87444 |  6.517E+13 |  1.000E+00 |  2.743E-12 |  7.600E-14 |   55397.11 |   55397.11 |   |
246.13404 |  56.87444 |  2.498E+13 |  1.000E+00 |  2.243E-12 |  1.200E-13 |   55397.11 |   55397.11 |   |
246.13404 |  56.87444 |  1.363E+13 |  1.000E+00 |  2.282E-12 |  3.485E-13 |   55397.11 |   55397.11 |   |
246.13404 |  56.87444 |  8.817E+13 |  1.000E+00 |  1.735E-12 |  6.200E-14 |   55578.99 |   55578.99 |   |
246.13404 |  56.87444 |  6.517E+13 |  1.000E+00 |  1.685E-12 |  6.650E-14 |   55578.99 |   55578.99 |   |
246.13404 |  56.87444 |  8.817E+13 |  1.000E+00 |  1.519E-12 |  6.850E-14 |   55579.25 |   55579.25 |   |
246.13404 |  56.87444 |  6.517E+13 |  1.000E+00 |  1.668E-12 |  7.500E-14 |   55579.25 |   55579.25 |   |
246.13404 |  56.87444 |  8.817E+13 |  1.000E+00 |  1.730E-12 |  6.850E-14 |   55579.39 |   55579.39 |   |
246.13404 |  56.87444 |  6.517E+13 |  1.000E+00 |  1.817E-12 |  7.900E-14 |   55579.39 |   55579.39 |   |
246.13404 |  56.87444 |  8.817E+13 |  1.000E+00 |  1.785E-12 |  6.900E-14 |   55579.52 |   55579.52 |   |
246.13404 |  56.87444 |  6.517E+13 |  1.000E+00 |  1.586E-12 |  7.000E-14 |   55579.52 |   55579.52 |   |
246.13404 |  56.87444 |  8.817E+13 |  1.000E+00 |  1.703E-12 |  6.100E-14 |   55579.59 |   55579.59 |   |
246.13404 |  56.87444 |  6.517E+13 |  1.000E+00 |  1.599E-12 |  6.650E-14 |   55579.59 |   55579.59 |   |
246.13404 |  56.87444 |  8.817E+13 |  1.000E+00 |  1.716E-12 |  9.000E-14 |   55579.65 |   55579.65 |   |
246.13404 |  56.87444 |  6.517E+13 |  1.000E+00 |  1.724E-12 |  7.000E-14 |   55579.65 |   55579.65 |   |
246.13404 |  56.87444 |  8.817E+13 |  1.000E+00 |  1.825E-12 |  7.550E-14 |   55579.65 |   55579.65 |   |
246.13404 |  56.87444 |  6.517E+13 |  1.000E+00 |  1.806E-12 |  7.650E-14 |   55579.65 |   55579.65 |   |
246.13404 |  56.87444 |  8.817E+13 |  1.000E+00 |  1.762E-12 |  6.850E-14 |   55579.72 |   55579.72 |   |
246.13404 |  56.87444 |  6.517E+13 |  1.000E+00 |  1.792E-12 |  6.950E-14 |   55579.72 |   55579.72 |   |
246.13404 |  56.87444 |  8.817E+13 |  1.000E+00 |  1.700E-12 |  6.100E-14 |   55579.79 |   55579.79 |   |
246.13404 |  56.87444 |  6.517E+13 |  1.000E+00 |  1.550E-12 |  7.700E-14 |   55579.79 |   55579.79 |   |
246.13404 |  56.87444 |  8.817E+13 |  1.000E+00 |  1.770E-12 |  7.200E-14 |   55579.85 |   55579.85 |   |
246.13404 |  56.87444 |  6.517E+13 |  1.000E+00 |  1.690E-12 |  7.650E-14 |   55579.85 |   55579.85 |   |
246.13404 |  56.87444 |  8.817E+13 |  1.000E+00 |  1.827E-12 |  7.750E-14 |   55579.85 |   55579.85 |   |
246.13404 |  56.87444 |  6.517E+13 |  1.000E+00 |  1.765E-12 |  6.800E-14 |   55579.85 |   55579.85 |   |
246.13404 |  56.87444 |  8.817E+13 |  1.000E+00 |  1.721E-12 |  6.650E-14 |   55579.91 |   55579.91 |   |
246.13404 |  56.87444 |  6.517E+13 |  1.000E+00 |  1.599E-12 |  6.350E-14 |   55579.91 |   55579.91 |   |
246.13404 |  56.87444 |  8.817E+13 |  1.000E+00 |  1.700E-12 |  5.950E-14 |   55579.98 |   55579.98 |   |
246.13404 |  56.87444 |  6.517E+13 |  1.000E+00 |  1.636E-12 |  7.100E-14 |   55579.98 |   55579.98 |   |
246.13404 |  56.87444 |  8.817E+13 |  1.000E+00 |  1.578E-12 |  7.450E-14 |   55580.05 |   55580.05 |   |
246.13404 |  56.87444 |  6.517E+13 |  1.000E+00 |  1.574E-12 |  6.950E-14 |   55580.05 |   55580.05 |   |
246.13404 |  56.87444 |  8.817E+13 |  1.000E+00 |  2.675E-12 |  7.650E-14 |   55392.28 |   55392.28 |   |
246.13404 |  56.87444 |  6.517E+13 |  1.000E+00 |  2.857E-12 |  7.350E-14 |   55392.28 |   55392.28 |   |
246.13404 |  56.87444 |  2.498E+13 |  1.000E+00 |  2.441E-12 |  1.240E-13 |   55392.28 |   55392.28 |   |
246.13404 |  56.87444 |  1.363E+13 |  1.000E+00 |  2.795E-12 |  3.715E-13 |   55392.28 |   55392.28 |   |
246.13404 |  56.87444 |  8.817E+13 |  1.000E+00 |  2.816E-12 |  7.500E-14 |   55392.28 |   55392.28 |   |
246.13404 |  56.87444 |  6.517E+13 |  1.000E+00 |  2.931E-12 |  8.100E-14 |   55392.28 |   55392.28 |   |
246.13404 |  56.87444 |  2.498E+13 |  1.000E+00 |  2.299E-12 |  1.105E-13 |   55392.28 |   55392.28 |   |
246.13404 |  56.87444 |  1.363E+13 |  1.000E+00 |  2.318E-12 |  4.100E-13 |   55392.28 |   55392.28 |   |
246.13404 |  56.87444 |  8.817E+13 |  1.000E+00 |  2.879E-12 |  6.900E-14 |   55392.35 |   55392.35 |   |
246.13404 |  56.87444 |  6.517E+13 |  1.000E+00 |  2.784E-12 |  8.700E-14 |   55392.35 |   55392.35 |   |
246.13404 |  56.87444 |  2.498E+13 |  1.000E+00 |  2.307E-12 |  1.060E-13 |   55392.35 |   55392.35 |   |
246.13404 |  56.87444 |  1.363E+13 |  1.000E+00 |  2.570E-12 |  3.685E-13 |   55392.35 |   55392.35 |   |
246.13404 |  56.87444 |  8.817E+13 |  1.000E+00 |  2.628E-12 |  7.500E-14 |   55392.41 |   55392.41 |   |
246.13404 |  56.87444 |  6.517E+13 |  1.000E+00 |  2.894E-12 |  7.200E-14 |   55392.41 |   55392.41 |   |
246.13404 |  56.87444 |  2.498E+13 |  1.000E+00 |  2.418E-12 |  1.225E-13 |   55392.41 |   55392.41 |   |
246.13404 |  56.87444 |  1.363E+13 |  1.000E+00 |  3.379E-12 |  3.645E-13 |   55392.41 |   55392.41 |   |
246.13404 |  56.87444 |  8.817E+13 |  1.000E+00 |  2.737E-12 |  7.800E-14 |   55392.48 |   55392.48 |   |
246.13404 |  56.87444 |  6.517E+13 |  1.000E+00 |  2.838E-12 |  9.900E-14 |   55392.48 |   55392.48 |   |
246.13404 |  56.87444 |  2.498E+13 |  1.000E+00 |  2.427E-12 |  1.140E-13 |   55392.48 |   55392.48 |   |
246.13404 |  56.87444 |  1.363E+13 |  1.000E+00 |  3.006E-12 |  4.445E-13 |   55392.48 |   55392.48 |   |
246.13404 |  56.87444 |  8.817E+13 |  1.000E+00 |  2.599E-12 |  7.450E-14 |   55392.54 |   55392.54 |   |
246.13404 |  56.87444 |  6.517E+13 |  1.000E+00 |  2.776E-12 |  7.650E-14 |   55392.54 |   55392.54 |   |
246.13404 |  56.87444 |  2.498E+13 |  1.000E+00 |  2.594E-12 |  1.175E-13 |   55392.54 |   55392.54 |   |
246.13404 |  56.87444 |  1.363E+13 |  1.000E+00 |  2.847E-12 |  4.185E-13 |   55392.54 |   55392.54 |   |
246.13404 |  56.87444 |  8.817E+13 |  1.000E+00 |  2.790E-12 |  6.700E-14 |   55392.61 |   55392.61 |   |
246.13404 |  56.87444 |  6.517E+13 |  1.000E+00 |  2.849E-12 |  7.900E-14 |   55392.61 |   55392.61 |   |
246.13404 |  56.87444 |  8.817E+13 |  1.000E+00 |  2.793E-12 |  7.500E-14 |   55392.68 |   55392.68 |   |
246.13404 |  56.87444 |  6.517E+13 |  1.000E+00 |  2.817E-12 |  7.550E-14 |   55392.68 |   55392.68 |   |
246.13404 |  56.87444 |  2.498E+13 |  1.000E+00 |  2.394E-12 |  1.275E-13 |   55392.68 |   55392.68 |   |
246.13404 |  56.87444 |  1.363E+13 |  1.000E+00 |  3.473E-12 |  3.720E-13 |   55392.68 |   55392.68 |   |
246.13404 |  56.87444 |  8.817E+13 |  1.000E+00 |  2.737E-12 |  7.300E-14 |   55392.74 |   55392.74 |   |
246.13404 |  56.87444 |  6.517E+13 |  1.000E+00 |  2.857E-12 |  8.700E-14 |   55392.74 |   55392.74 |   |
246.13404 |  56.87444 |  2.498E+13 |  1.000E+00 |  2.500E-12 |  1.265E-13 |   55392.74 |   55392.74 |   |
246.13404 |  56.87444 |  1.363E+13 |  1.000E+00 |  2.439E-12 |  3.790E-13 |   55392.74 |   55392.74 |   |
246.13404 |  56.87444 |  8.817E+13 |  1.000E+00 |  2.717E-12 |  6.500E-14 |   55392.81 |   55392.81 |   |
246.13404 |  56.87444 |  6.517E+13 |  1.000E+00 |  2.686E-12 |  7.150E-14 |   55392.81 |   55392.81 |   |
246.13404 |  56.87444 |  2.498E+13 |  1.000E+00 |  2.212E-12 |  1.120E-13 |   55392.81 |   55392.81 |   |
246.13404 |  56.87444 |  1.363E+13 |  1.000E+00 |  2.118E-12 |  4.680E-13 |   55392.81 |   55392.81 |   |
246.13404 |  56.87444 |  8.817E+13 |  1.000E+00 |  2.707E-12 |  8.200E-14 |   55392.88 |   55392.88 |   |
246.13404 |  56.87444 |  6.517E+13 |  1.000E+00 |  2.786E-12 |  7.450E-14 |   55392.88 |   55392.88 |   |
246.13404 |  56.87444 |  2.498E+13 |  1.000E+00 |  2.625E-12 |  1.115E-13 |   55392.88 |   55392.88 |   |
246.13404 |  56.87444 |  1.363E+13 |  1.000E+00 |  2.749E-12 |  3.730E-13 |   55392.88 |   55392.88 |   |
246.13404 |  56.87444 |  8.817E+13 |  1.000E+00 |  2.780E-12 |  6.650E-14 |   55392.94 |   55392.94 |   |
246.13404 |  56.87444 |  6.517E+13 |  1.000E+00 |  2.899E-12 |  7.200E-14 |   55392.94 |   55392.94 |   |
246.13404 |  56.87444 |  2.498E+13 |  1.000E+00 |  2.243E-12 |  1.220E-13 |   55392.94 |   55392.94 |   |
246.13404 |  56.87444 |  1.363E+13 |  1.000E+00 |  2.047E-12 |  4.950E-13 |   55392.94 |   55392.94 |   |
246.13404 |  56.87444 |  8.817E+13 |  1.000E+00 |  2.767E-12 |  6.900E-14 |   55393.01 |   55393.01 |   |
246.13404 |  56.87444 |  6.517E+13 |  1.000E+00 |  2.776E-12 |  7.150E-14 |   55393.01 |   55393.01 |   |
246.13404 |  56.87444 |  2.498E+13 |  1.000E+00 |  2.454E-12 |  1.265E-13 |   55393.01 |   55393.01 |   |
246.13404 |  56.87444 |  1.363E+13 |  1.000E+00 |  3.110E-12 |  3.820E-13 |   55393.01 |   55393.01 |   |
246.13404 |  56.87444 |  8.817E+13 |  1.000E+00 |  2.755E-12 |  6.850E-14 |   55393.07 |   55393.07 |   |
246.13404 |  56.87444 |  6.517E+13 |  1.000E+00 |  2.673E-12 |  7.400E-14 |   55393.07 |   55393.07 |   |
246.13404 |  56.87444 |  2.498E+13 |  1.000E+00 |  2.439E-12 |  1.195E-13 |   55393.07 |   55393.07 |   |
246.13404 |  56.87444 |  1.363E+13 |  1.000E+00 |  1.853E-12 |  4.870E-13 |   55393.07 |   55393.07 |   |
246.13404 |  56.87444 |  8.817E+13 |  1.000E+00 |  2.655E-12 |  7.600E-14 |   55393.14 |   55393.14 |   |
246.13404 |  56.87444 |  6.517E+13 |  1.000E+00 |  2.833E-12 |  7.300E-14 |   55393.14 |   55393.14 |   |
246.13404 |  56.87444 |  2.498E+13 |  1.000E+00 |  2.305E-12 |  1.170E-13 |   55393.14 |   55393.14 |   |
246.13404 |  56.87444 |  1.363E+13 |  1.000E+00 |  3.093E-12 |  3.825E-13 |   55393.14 |   55393.14 |   |
246.13404 |  56.87444 |  8.817E+13 |  1.000E+00 |  2.824E-12 |  6.750E-14 |   55393.21 |   55393.21 |   |
246.13404 |  56.87444 |  6.517E+13 |  1.000E+00 |  2.766E-12 |  7.400E-14 |   55393.21 |   55393.21 |   |
246.13404 |  56.87444 |  2.498E+13 |  1.000E+00 |  2.591E-12 |  1.195E-13 |   55393.21 |   55393.21 |   |
246.13404 |  56.87444 |  1.363E+13 |  1.000E+00 |  2.305E-12 |  3.520E-13 |   55393.21 |   55393.21 |   |
246.13404 |  56.87444 |  8.817E+13 |  1.000E+00 |  2.724E-12 |  7.750E-14 |   55393.27 |   55393.27 |   |
246.13404 |  56.87444 |  6.517E+13 |  1.000E+00 |  2.789E-12 |  7.450E-14 |   55393.27 |   55393.27 |   |
246.13404 |  56.87444 |  2.498E+13 |  1.000E+00 |  2.381E-12 |  1.140E-13 |   55393.27 |   55393.27 |   |
246.13404 |  56.87444 |  1.363E+13 |  1.000E+00 |  2.078E-12 |  4.415E-13 |   55393.27 |   55393.27 |   |
246.13404 |  56.87444 |  8.817E+13 |  1.000E+00 |  2.604E-12 |  7.450E-14 |   55393.27 |   55393.27 |   |
246.13404 |  56.87444 |  6.517E+13 |  1.000E+00 |  2.896E-12 |  8.250E-14 |   55393.27 |   55393.27 |   |
246.13404 |  56.87444 |  2.498E+13 |  1.000E+00 |  2.620E-12 |  1.160E-13 |   55393.27 |   55393.27 |   |
246.13404 |  56.87444 |  1.363E+13 |  1.000E+00 |  3.242E-12 |  4.765E-13 |   55393.27 |   55393.27 |   |
246.13404 |  56.87444 |  8.817E+13 |  1.000E+00 |  2.430E-12 |  8.050E-14 |   55393.34 |   55393.34 |   |
246.13404 |  56.87444 |  6.517E+13 |  1.000E+00 |  2.751E-12 |  8.100E-14 |   55393.34 |   55393.34 |   |
246.13404 |  56.87444 |  2.498E+13 |  1.000E+00 |  2.491E-12 |  1.125E-13 |   55393.34 |   55393.34 |   |
246.13404 |  56.87444 |  1.363E+13 |  1.000E+00 |  2.616E-12 |  4.625E-13 |   55393.34 |   55393.34 |   |
246.13404 |  56.87444 |  8.817E+13 |  1.000E+00 |  2.621E-12 |  8.000E-14 |   55393.40 |   55393.40 |   |
246.13404 |  56.87444 |  6.517E+13 |  1.000E+00 |  2.883E-12 |  7.200E-14 |   55393.40 |   55393.40 |   |
246.13404 |  56.87444 |  2.498E+13 |  1.000E+00 |  2.436E-12 |  1.120E-13 |   55393.40 |   55393.40 |   |
246.13404 |  56.87444 |  1.363E+13 |  1.000E+00 |  2.652E-12 |  3.800E-13 |   55393.40 |   55393.40 |   |
246.13404 |  56.87444 |  8.817E+13 |  1.000E+00 |  2.785E-12 |  6.900E-14 |   55393.47 |   55393.47 |   |
246.13404 |  56.87444 |  6.517E+13 |  1.000E+00 |  2.854E-12 |  8.150E-14 |   55393.47 |   55393.47 |   |
246.13404 |  56.87444 |  2.498E+13 |  1.000E+00 |  2.412E-12 |  1.240E-13 |   55393.47 |   55393.47 |   |
246.13404 |  56.87444 |  1.363E+13 |  1.000E+00 |  2.374E-12 |  4.400E-13 |   55393.47 |   55393.47 |   |
246.13404 |  56.87444 |  8.817E+13 |  1.000E+00 |  2.697E-12 |  6.950E-14 |   55393.54 |   55393.54 |   |
246.13404 |  56.87444 |  6.517E+13 |  1.000E+00 |  2.810E-12 |  6.950E-14 |   55393.54 |   55393.54 |   |
246.13404 |  56.87444 |  2.498E+13 |  1.000E+00 |  2.475E-12 |  1.115E-13 |   55393.54 |   55393.54 |   |
246.13404 |  56.87444 |  1.363E+13 |  1.000E+00 |  2.774E-12 |  3.690E-13 |   55393.54 |   55393.54 |   |
246.13404 |  56.87444 |  8.817E+13 |  1.000E+00 |  2.780E-12 |  7.200E-14 |   55393.60 |   55393.60 |   |
246.13404 |  56.87444 |  6.517E+13 |  1.000E+00 |  2.838E-12 |  7.600E-14 |   55393.60 |   55393.60 |   |
246.13404 |  56.87444 |  8.817E+13 |  1.000E+00 |  2.871E-12 |  7.100E-14 |   55393.67 |   55393.67 |   |
246.13404 |  56.87444 |  6.517E+13 |  1.000E+00 |  2.950E-12 |  7.900E-14 |   55393.67 |   55393.67 |   |
246.13404 |  56.87444 |  2.498E+13 |  1.000E+00 |  2.331E-12 |  1.030E-13 |   55393.67 |   55393.67 |   |
246.13404 |  56.87444 |  1.363E+13 |  1.000E+00 |  2.091E-12 |  4.560E-13 |   55393.67 |   55393.67 |   |
246.13404 |  56.87444 |  8.817E+13 |  1.000E+00 |  2.772E-12 |  6.900E-14 |   55393.73 |   55393.73 |   |
246.13404 |  56.87444 |  6.517E+13 |  1.000E+00 |  2.904E-12 |  7.750E-14 |   55393.73 |   55393.73 |   |
246.13404 |  56.87444 |  2.498E+13 |  1.000E+00 |  2.434E-12 |  1.095E-13 |   55393.73 |   55393.73 |   |
246.13404 |  56.87444 |  1.363E+13 |  1.000E+00 |  2.905E-12 |  3.545E-13 |   55393.73 |   55393.73 |   |
246.13404 |  56.87444 |  8.817E+13 |  1.000E+00 |  2.739E-12 |  6.550E-14 |   55393.80 |   55393.80 |   |
246.13404 |  56.87444 |  6.517E+13 |  1.000E+00 |  2.769E-12 |  7.350E-14 |   55393.80 |   55393.80 |   |
246.13404 |  56.87444 |  2.498E+13 |  1.000E+00 |  2.439E-12 |  1.125E-13 |   55393.80 |   55393.80 |   |
246.13404 |  56.87444 |  1.363E+13 |  1.000E+00 |  2.232E-12 |  3.780E-13 |   55393.80 |   55393.80 |   |
246.13404 |  56.87444 |  8.817E+13 |  1.000E+00 |  2.648E-12 |  7.050E-14 |   55393.87 |   55393.87 |   |
246.13404 |  56.87444 |  6.517E+13 |  1.000E+00 |  2.706E-12 |  6.450E-14 |   55393.87 |   55393.87 |   |
246.13404 |  56.87444 |  2.498E+13 |  1.000E+00 |  2.441E-12 |  1.240E-13 |   55393.87 |   55393.87 |   |
246.13404 |  56.87444 |  1.363E+13 |  1.000E+00 |  3.079E-12 |  3.835E-13 |   55393.87 |   55393.87 |   |
246.13404 |  56.87444 |  8.817E+13 |  1.000E+00 |  2.861E-12 |  6.350E-14 |   55393.93 |   55393.93 |   |
246.13404 |  56.87444 |  6.517E+13 |  1.000E+00 |  2.820E-12 |  7.300E-14 |   55393.93 |   55393.93 |   |
246.13404 |  56.87444 |  2.498E+13 |  1.000E+00 |  2.473E-12 |  1.050E-13 |   55393.93 |   55393.93 |   |
246.13404 |  56.87444 |  1.363E+13 |  1.000E+00 |  2.785E-12 |  3.910E-13 |   55393.93 |   55393.93 |   |
246.13404 |  56.87444 |  8.817E+13 |  1.000E+00 |  2.448E-12 |  6.550E-14 |   55216.90 |   55216.90 |   |
246.13404 |  56.87444 |  6.517E+13 |  1.000E+00 |  2.627E-12 |  6.800E-14 |   55216.90 |   55216.90 |   |
246.13404 |  56.87444 |  2.498E+13 |  1.000E+00 |  2.459E-12 |  1.110E-13 |   55216.90 |   55216.90 |   |
246.13404 |  56.87444 |  1.363E+13 |  1.000E+00 |  2.502E-12 |  4.335E-13 |   55216.90 |   55216.90 |   |
246.13404 |  56.87444 |  8.817E+13 |  1.000E+00 |  2.521E-12 |  6.950E-14 |   55216.97 |   55216.97 |   |
246.13404 |  56.87444 |  6.517E+13 |  1.000E+00 |  2.490E-12 |  7.800E-14 |   55216.97 |   55216.97 |   |
246.13404 |  56.87444 |  2.498E+13 |  1.000E+00 |  2.104E-12 |  1.125E-13 |   55216.97 |   55216.97 |   |
246.13404 |  56.87444 |  1.363E+13 |  1.000E+00 |  3.093E-12 |  4.345E-13 |   55216.97 |   55216.97 |   |
246.13404 |  56.87444 |  8.817E+13 |  1.000E+00 |  2.475E-12 |  7.550E-14 |   55217.04 |   55217.04 |   |
246.13404 |  56.87444 |  6.517E+13 |  1.000E+00 |  2.723E-12 |  7.300E-14 |   55217.04 |   55217.04 |   |
246.13404 |  56.87444 |  2.498E+13 |  1.000E+00 |  2.142E-12 |  1.265E-13 |   55217.04 |   55217.04 |   |
246.13404 |  56.87444 |  1.363E+13 |  1.000E+00 |  2.134E-12 |  4.295E-13 |   55217.04 |   55217.04 |   |
246.13404 |  56.87444 |  8.817E+13 |  1.000E+00 |  2.485E-12 |  7.350E-14 |   55217.04 |   55217.04 |   |
246.13404 |  56.87444 |  6.517E+13 |  1.000E+00 |  2.511E-12 |  8.100E-14 |   55217.04 |   55217.04 |   |
246.13404 |  56.87444 |  2.498E+13 |  1.000E+00 |  2.173E-12 |  1.165E-13 |   55217.04 |   55217.04 |   |
246.13404 |  56.87444 |  1.363E+13 |  1.000E+00 |  2.516E-12 |  3.975E-13 |   55217.04 |   55217.04 |   |
246.13404 |  56.87444 |  8.817E+13 |  1.000E+00 |  2.517E-12 |  6.950E-14 |   55217.17 |   55217.17 |   |
246.13404 |  56.87444 |  6.517E+13 |  1.000E+00 |  2.629E-12 |  7.250E-14 |   55217.17 |   55217.17 |   |
246.13404 |  56.87444 |  2.498E+13 |  1.000E+00 |  2.132E-12 |  1.180E-13 |   55217.17 |   55217.17 |   |
246.13404 |  56.87444 |  1.363E+13 |  1.000E+00 |  2.255E-12 |  4.160E-13 |   55217.17 |   55217.17 |   |
246.13404 |  56.87444 |  8.817E+13 |  1.000E+00 |  2.368E-12 |  6.950E-14 |   55217.23 |   55217.23 |   |
246.13404 |  56.87444 |  6.517E+13 |  1.000E+00 |  2.560E-12 |  6.800E-14 |   55217.23 |   55217.23 |   |
246.13404 |  56.87444 |  2.498E+13 |  1.000E+00 |  2.282E-12 |  1.220E-13 |   55217.23 |   55217.23 |   |
246.13404 |  56.87444 |  1.363E+13 |  1.000E+00 |  2.805E-12 |  3.625E-13 |   55217.23 |   55217.23 |   |
246.13404 |  56.87444 |  8.817E+13 |  1.000E+00 |  2.491E-12 |  6.450E-14 |   55217.30 |   55217.30 |   |
246.13404 |  56.87444 |  6.517E+13 |  1.000E+00 |  2.530E-12 |  7.700E-14 |   55217.30 |   55217.30 |   |
246.13404 |  56.87444 |  2.498E+13 |  1.000E+00 |  2.076E-12 |  1.170E-13 |   55217.30 |   55217.30 |   |
246.13404 |  56.87444 |  1.363E+13 |  1.000E+00 |  2.699E-12 |  3.990E-13 |   55217.30 |   55217.30 |   |
246.13404 |  56.87444 |  8.817E+13 |  1.000E+00 |  2.386E-12 |  7.300E-14 |   55217.37 |   55217.37 |   |
246.13404 |  56.87444 |  6.517E+13 |  1.000E+00 |  2.539E-12 |  6.800E-14 |   55217.37 |   55217.37 |   |
246.13404 |  56.87444 |  2.498E+13 |  1.000E+00 |  2.179E-12 |  1.245E-13 |   55217.37 |   55217.37 |   |
246.13404 |  56.87444 |  1.363E+13 |  1.000E+00 |  2.540E-12 |  3.950E-13 |   55217.37 |   55217.37 |   |
246.13404 |  56.87444 |  8.817E+13 |  1.000E+00 |  2.439E-12 |  6.300E-14 |   55217.57 |   55217.57 |   |
246.13404 |  56.87444 |  6.517E+13 |  1.000E+00 |  2.477E-12 |  8.400E-14 |   55217.57 |   55217.57 |   |
246.13404 |  56.87444 |  2.498E+13 |  1.000E+00 |  2.234E-12 |  1.340E-13 |   55217.57 |   55217.57 |   |
246.13404 |  56.87444 |  1.363E+13 |  1.000E+00 |  1.951E-12 |  4.940E-13 |   55217.57 |   55217.57 |   |
246.13404 |  56.87444 |  8.817E+13 |  1.000E+00 |  2.388E-12 |  7.050E-14 |   55217.63 |   55217.63 |   |
246.13404 |  56.87444 |  6.517E+13 |  1.000E+00 |  2.544E-12 |  7.050E-14 |   55217.63 |   55217.63 |   |
246.13404 |  56.87444 |  2.498E+13 |  1.000E+00 |  2.138E-12 |  1.180E-13 |   55217.63 |   55217.63 |   |
246.13404 |  56.87444 |  1.363E+13 |  1.000E+00 |  2.423E-12 |  4.350E-13 |   55217.63 |   55217.63 |   |
246.13404 |  56.87444 |  8.817E+13 |  1.000E+00 |  2.505E-12 |  8.050E-14 |   55217.70 |   55217.70 |   |
246.13404 |  56.87444 |  6.517E+13 |  1.000E+00 |  2.581E-12 |  7.350E-14 |   55217.70 |   55217.70 |   |
246.13404 |  56.87444 |  2.498E+13 |  1.000E+00 |  2.284E-12 |  1.140E-13 |   55217.70 |   55217.70 |   |
246.13404 |  56.87444 |  1.363E+13 |  1.000E+00 |  2.554E-12 |  3.680E-13 |   55217.70 |   55217.70 |   |
246.13404 |  56.87444 |  8.817E+13 |  1.000E+00 |  2.464E-12 |  6.600E-14 |   55217.77 |   55217.77 |   |
246.13404 |  56.87444 |  6.517E+13 |  1.000E+00 |  2.620E-12 |  8.450E-14 |   55217.77 |   55217.77 |   |
246.13404 |  56.87444 |  2.498E+13 |  1.000E+00 |  2.374E-12 |  1.310E-13 |   55217.77 |   55217.77 |   |
246.13404 |  56.87444 |  1.363E+13 |  1.000E+00 |  2.042E-12 |  3.625E-13 |   55217.77 |   55217.77 |   |
246.13404 |  56.87444 |  8.817E+13 |  1.000E+00 |  2.444E-12 |  7.200E-14 |   55217.83 |   55217.83 |   |
246.13404 |  56.87444 |  6.517E+13 |  1.000E+00 |  2.518E-12 |  7.900E-14 |   55217.83 |   55217.83 |   |
246.13404 |  56.87444 |  2.498E+13 |  1.000E+00 |  2.171E-12 |  1.180E-13 |   55217.83 |   55217.83 |   |
246.13404 |  56.87444 |  1.363E+13 |  1.000E+00 |  1.752E-12 |  3.835E-13 |   55217.83 |   55217.83 |   |
246.13404 |  56.87444 |  8.817E+13 |  1.000E+00 |  2.455E-12 |  7.900E-14 |   55217.89 |   55217.89 |   |
246.13404 |  56.87444 |  6.517E+13 |  1.000E+00 |  2.671E-12 |  8.850E-14 |   55217.89 |   55217.89 |   |
246.13404 |  56.87444 |  2.498E+13 |  1.000E+00 |  2.307E-12 |  1.080E-13 |   55217.89 |   55217.89 |   |
246.13404 |  56.87444 |  1.363E+13 |  1.000E+00 |  2.978E-12 |  4.680E-13 |   55217.89 |   55217.89 |   |
246.13404 |  56.87444 |  8.817E+13 |  1.000E+00 |  2.498E-12 |  6.650E-14 |   55217.96 |   55217.96 |   |
246.13404 |  56.87444 |  6.517E+13 |  1.000E+00 |  2.608E-12 |  7.450E-14 |   55217.96 |   55217.96 |   |
246.13404 |  56.87444 |  2.498E+13 |  1.000E+00 |  2.257E-12 |  1.120E-13 |   55217.96 |   55217.96 |   |
246.13404 |  56.87444 |  1.363E+13 |  1.000E+00 |  2.756E-12 |  5.080E-13 |   55217.96 |   55217.96 |   |
246.13404 |  56.87444 |  8.817E+13 |  1.000E+00 |  2.460E-12 |  7.900E-14 |   55218.03 |   55218.03 |   |
246.13404 |  56.87444 |  6.517E+13 |  1.000E+00 |  2.758E-12 |  8.150E-14 |   55218.03 |   55218.03 |   |
246.13404 |  56.87444 |  2.498E+13 |  1.000E+00 |  2.502E-12 |  1.265E-13 |   55218.03 |   55218.03 |   |
246.13404 |  56.87444 |  1.363E+13 |  1.000E+00 |  3.034E-12 |  3.610E-13 |   55218.03 |   55218.03 |   |
246.13404 |  56.87444 |  8.817E+13 |  1.000E+00 |  2.419E-12 |  7.550E-14 |   55218.03 |   55218.03 |   |
246.13404 |  56.87444 |  6.517E+13 |  1.000E+00 |  2.474E-12 |  7.950E-14 |   55218.03 |   55218.03 |   |
246.13404 |  56.87444 |  2.498E+13 |  1.000E+00 |  2.116E-12 |  1.130E-13 |   55218.03 |   55218.03 |   |
246.13404 |  56.87444 |  1.363E+13 |  1.000E+00 |  2.412E-12 |  3.880E-13 |   55218.03 |   55218.03 |   |
246.13404 |  56.87444 |  8.817E+13 |  1.000E+00 |  2.510E-12 |  6.950E-14 |   55218.16 |   55218.16 |   |
246.13404 |  56.87444 |  6.517E+13 |  1.000E+00 |  2.472E-12 |  9.350E-14 |   55218.16 |   55218.16 |   |
246.13404 |  56.87444 |  2.498E+13 |  1.000E+00 |  2.350E-12 |  1.080E-13 |   55218.16 |   55218.16 |   |
246.13404 |  56.87444 |  1.363E+13 |  1.000E+00 |  2.787E-12 |  3.915E-13 |   55218.16 |   55218.16 |   |
246.13404 |  56.87444 |  8.817E+13 |  1.000E+00 |  2.455E-12 |  6.800E-14 |   55218.29 |   55218.29 |   |
246.13404 |  56.87444 |  6.517E+13 |  1.000E+00 |  2.681E-12 |  8.650E-14 |   55218.29 |   55218.29 |   |
246.13404 |  56.87444 |  2.498E+13 |  1.000E+00 |  2.202E-12 |  1.075E-13 |   55218.29 |   55218.29 |   |
246.13404 |  56.87444 |  1.363E+13 |  1.000E+00 |  2.340E-12 |  3.635E-13 |   55218.29 |   55218.29 |   |
246.13404 |  56.87444 |  8.817E+13 |  1.000E+00 |  2.672E-12 |  6.900E-14 |   55391.62 |   55391.62 |   |
246.13404 |  56.87444 |  6.517E+13 |  1.000E+00 |  2.792E-12 |  7.450E-14 |   55391.62 |   55391.62 |   |
246.13404 |  56.87444 |  8.817E+13 |  1.000E+00 |  2.717E-12 |  6.750E-14 |   55391.75 |   55391.75 |   |
246.13404 |  56.87444 |  6.517E+13 |  1.000E+00 |  2.958E-12 |  7.650E-14 |   55391.75 |   55391.75 |   |
246.13404 |  56.87444 |  2.498E+13 |  1.000E+00 |  2.359E-12 |  1.085E-13 |   55391.75 |   55391.75 |   |
246.13404 |  56.87444 |  1.363E+13 |  1.000E+00 |  2.932E-12 |  4.175E-13 |   55391.75 |   55391.75 |   |
246.13404 |  56.87444 |  8.817E+13 |  1.000E+00 |  2.665E-12 |  6.850E-14 |   55391.88 |   55391.88 |   |
246.13404 |  56.87444 |  6.517E+13 |  1.000E+00 |  3.005E-12 |  9.450E-14 |   55391.88 |   55391.88 |   |
246.13404 |  56.87444 |  2.498E+13 |  1.000E+00 |  2.457E-12 |  1.090E-13 |   55391.88 |   55391.88 |   |
246.13404 |  56.87444 |  1.363E+13 |  1.000E+00 |  3.630E-12 |  4.020E-13 |   55391.88 |   55391.88 |   |
246.13404 |  56.87444 |  8.817E+13 |  1.000E+00 |  2.760E-12 |  7.650E-14 |   55392.02 |   55392.02 |   |
246.13404 |  56.87444 |  6.517E+13 |  1.000E+00 |  2.815E-12 |  7.250E-14 |   55392.02 |   55392.02 |   |
246.13404 |  56.87444 |  2.498E+13 |  1.000E+00 |  2.342E-12 |  1.080E-13 |   55392.02 |   55392.02 |   |
246.13404 |  56.87444 |  1.363E+13 |  1.000E+00 |  2.519E-12 |  3.865E-13 |   55392.02 |   55392.02 |   |
246.13404 |  56.87444 |  8.817E+13 |  1.000E+00 |  2.709E-12 |  6.500E-14 |   55392.08 |   55392.08 |   |
246.13404 |  56.87444 |  6.517E+13 |  1.000E+00 |  2.748E-12 |  6.300E-14 |   55392.08 |   55392.08 |   |
246.13404 |  56.87444 |  2.498E+13 |  1.000E+00 |  2.322E-12 |  1.050E-13 |   55392.08 |   55392.08 |   |
246.13404 |  56.87444 |  1.363E+13 |  1.000E+00 |  2.192E-12 |  3.960E-13 |   55392.08 |   55392.08 |   |
246.13404 |  56.87444 |  8.817E+13 |  1.000E+00 |  2.772E-12 |  7.150E-14 |   55392.15 |   55392.15 |   |
246.13404 |  56.87444 |  6.517E+13 |  1.000E+00 |  2.738E-12 |  7.800E-14 |   55392.15 |   55392.15 |   |
246.13404 |  56.87444 |  2.498E+13 |  1.000E+00 |  2.704E-12 |  1.120E-13 |   55392.15 |   55392.15 |   |
246.13404 |  56.87444 |  1.363E+13 |  1.000E+00 |  2.160E-12 |  3.795E-13 |   55392.15 |   55392.15 |   |
246.13404 |  56.87444 |  8.817E+13 |  1.000E+00 |  2.729E-12 |  6.500E-14 |   55392.21 |   55392.21 |   |
246.13404 |  56.87444 |  6.517E+13 |  1.000E+00 |  2.872E-12 |  6.900E-14 |   55392.21 |   55392.21 |   |
246.13404 |  56.87444 |  2.498E+13 |  1.000E+00 |  2.366E-12 |  1.050E-13 |   55392.21 |   55392.21 |   |
246.13404 |  56.87444 |  1.363E+13 |  1.000E+00 |  3.999E-12 |  4.280E-13 |   55392.21 |   55392.21 |   |
246.13404 |  56.87444 |  8.817E+13 |  1.000E+00 |  2.480E-12 |  6.900E-14 |   55216.77 |   55216.77 |   |
246.13404 |  56.87444 |  6.517E+13 |  1.000E+00 |  2.504E-12 |  7.150E-14 |   55216.77 |   55216.77 |   |
246.13404 |  56.87444 |  2.498E+13 |  1.000E+00 |  2.427E-12 |  1.160E-13 |   55216.77 |   55216.77 |   |
246.13404 |  56.87444 |  1.363E+13 |  1.000E+00 |  3.050E-12 |  3.630E-13 |   55216.77 |   55216.77 |   |
246.13404 |  56.87444 |  8.817E+13 |  1.000E+00 |  2.406E-12 |  8.200E-14 |   55216.84 |   55216.84 |   |
246.13404 |  56.87444 |  6.517E+13 |  1.000E+00 |  2.558E-12 |  7.800E-14 |   55216.84 |   55216.84 |   |
246.13404 |  56.87444 |  2.498E+13 |  1.000E+00 |  2.214E-12 |  1.105E-13 |   55216.84 |   55216.84 |   |
246.13404 |  56.87444 |  1.363E+13 |  1.000E+00 |  2.216E-12 |  4.020E-13 |   55216.84 |   55216.84 |   |
246.13404 |  56.87444 |  4.455E+14 |  1.000E+00 |  8.690E-13 |  0.000E+00 |   55000.00 |   55000.00 |   |
246.13404 |  56.87444 |  6.813E+14 |  1.000E+00 |  1.592E-12 |  6.445E-13 |   55000.00 |   55000.00 |   |
246.13404 |  56.87444 |  5.451E+14 |  1.000E+00 |  3.672E-12 |  1.147E-12 |   55000.00 |   55000.00 |   |
246.13404 |  56.87444 |  6.233E+14 |  1.000E+00 |  1.495E-12 |  2.450E-14 |   55000.00 |   55000.00 |   |
246.13404 |  56.87444 |  4.859E+14 |  1.000E+00 |  1.391E-12 |  6.950E-14 |   55000.00 |   55000.00 |   |
246.13404 |  56.87444 |  3.987E+14 |  1.000E+00 |  9.187E-13 |  9.300E-15 |   55000.00 |   55000.00 |   |
246.13404 |  56.87444 |  3.462E+14 |  1.000E+00 |  1.779E-12 |  7.550E-14 |   55000.00 |   55000.00 |   |
246.13404 |  56.87444 |  3.116E+14 |  1.000E+00 |  1.843E-12 |  3.650E-14 |   55000.00 |   55000.00 |   |
246.13404 |  56.87444 |  8.402E+14 |  1.000E+00 |  1.029E-12 |  2.100E-14 |   55000.00 |   55000.00 |   |
246.13404 |  56.87444 |  6.443E+14 |  1.000E+00 |  1.214E-12 |  8.000E-15 |   55000.00 |   55000.00 |   |
246.13404 |  56.87444 |  4.876E+14 |  1.000E+00 |  1.309E-12 |  8.000E-15 |   55000.00 |   55000.00 |   |
246.13404 |  56.87444 |  4.014E+14 |  1.000E+00 |  1.449E-12 |  9.000E-15 |   55000.00 |   55000.00 |   |
246.13404 |  56.87444 |  3.382E+14 |  1.000E+00 |  1.623E-12 |  2.100E-14 |   55000.00 |   55000.00 |   |
246.13404 |  56.87444 |  1.948E+15 |  1.000E+00 |  4.853E-13 |  1.403E-13 |   55000.00 |   55000.00 |   |
246.13404 |  56.87444 |  1.295E+15 |  1.000E+00 |  9.389E-13 |  9.875E-14 |   55000.00 |   55000.00 |   |
246.13404 |  56.87444 |  2.418E+23 |  1.000E+00 |  4.849E-13 |  1.148E-13 |   55000.00 |   55000.00 |   |
246.13404 |  56.87444 |  4.835E+22 |  1.000E+00 |  1.320E-12 |  0.000E+00 |   55000.00 |   55000.00 | UL|
246.13404 |  56.87444 |  1.451E+23 |  1.000E+00 |  9.292E-13 |  2.222E-13 |   55000.00 |   55000.00 |   |
246.13404 |  56.87444 |  4.835E+23 |  1.000E+00 |  2.920E-13 |  1.451E-13 |   55000.00 |   55000.00 |   |
246.13404 |  56.87444 |  1.451E+24 |  1.000E+00 |  2.719E-13 |  1.341E-13 |   55000.00 |   55000.00 |   |
246.13404 |  56.87444 |  1.451E+25 |  1.000E+00 |  7.452E-14 |  5.802E-14 |   55000.00 |   55000.00 |   |
246.13404 |  56.87444 |  2.418E+23 |  1.000E+00 |  3.744E-13 |  4.660E-14 |   55000.00 |   55000.00 |   |
246.13404 |  56.87444 |  1.813E+22 |  1.000E+00 |  7.282E-12 |  0.000E+00 |   55000.00 |   55000.00 | UL|
246.13404 |  56.87444 |  4.835E+22 |  1.000E+00 |  1.386E-12 |  0.000E+00 |   55000.00 |   55000.00 | UL|
246.13404 |  56.87444 |  1.451E+23 |  1.000E+00 |  4.848E-13 |  1.008E-13 |   55000.00 |   55000.00 |   |
246.13404 |  56.87444 |  4.835E+23 |  1.000E+00 |  2.868E-13 |  6.385E-14 |   55000.00 |   55000.00 |   |
246.13404 |  56.87444 |  1.451E+24 |  1.000E+00 |  2.583E-13 |  6.810E-14 |   55000.00 |   55000.00 |   |
246.13404 |  56.87444 |  4.835E+24 |  1.000E+00 |  2.813E-13 |  1.135E-13 |   55000.00 |   55000.00 |   |
246.13404 |  56.87444 |  1.451E+25 |  1.000E+00 |  2.351E-13 |  1.647E-13 |   55000.00 |   55000.00 |   |
246.13404 |  56.87444 |  1.451E+26 |  1.000E+00 |  9.416E-13 |  0.000E+00 |   55000.00 |   55000.00 | UL|
