247.13767 |  77.11386 |  1.400E+09 |  1.000E+00 |  2.779E-15 |  8.400E-17 |   55000.00 |   55000.00 |   |
247.13767 |  77.11386 |  1.500E+08 |  1.000E+00 |  8.836E-16 |  8.865E-17 |   55000.00 |   55000.00 |   |
247.13767 |  77.11386 |  8.400E+09 |  1.000E+00 |  6.384E-16 |  0.000E+00 |   55000.00 |   55000.00 |   |
247.13767 |  77.11386 |  8.400E+09 |  1.000E+00 |  5.410E-15 |  0.000E+00 |   55000.00 |   55000.00 |   |
247.13767 |  77.11386 |  8.400E+09 |  1.000E+00 |  1.210E-15 |  0.000E+00 |   55000.00 |   55000.00 |   |
247.13767 |  77.11386 |  8.817E+13 |  1.000E+00 |  8.873E-13 |  1.960E-14 |   55000.00 |   55000.00 |   |
247.13767 |  77.11386 |  6.517E+13 |  1.000E+00 |  8.141E-13 |  1.725E-14 |   55000.00 |   55000.00 |   |
247.13767 |  77.11386 |  2.498E+13 |  1.000E+00 |  5.801E-13 |  2.195E-14 |   55000.00 |   55000.00 |   |
247.13767 |  77.11386 |  1.363E+13 |  1.000E+00 |  5.582E-13 |  7.010E-14 |   55000.00 |   55000.00 |   |
247.13767 |  77.11386 |  8.817E+13 |  1.000E+00 |  9.308E-13 |  4.030E-14 |   55293.12 |   55293.12 |   |
247.13767 |  77.11386 |  6.517E+13 |  1.000E+00 |  8.516E-13 |  4.710E-14 |   55293.12 |   55293.12 |   |
247.13767 |  77.11386 |  2.498E+13 |  1.000E+00 |  6.391E-13 |  9.450E-14 |   55293.12 |   55293.12 |   |
247.13767 |  77.11386 |  1.363E+13 |  1.000E+00 |  9.935E-13 |  3.891E-13 |   55293.12 |   55293.12 |   |
247.13767 |  77.11386 |  8.817E+13 |  1.000E+00 |  8.334E-13 |  3.535E-14 |   55293.19 |   55293.19 |   |
247.13767 |  77.11386 |  6.517E+13 |  1.000E+00 |  8.651E-13 |  4.545E-14 |   55293.19 |   55293.19 |   |
247.13767 |  77.11386 |  2.498E+13 |  1.000E+00 |  4.562E-13 |  1.081E-13 |   55293.19 |   55293.19 |   |
247.13767 |  77.11386 |  1.363E+13 |  1.000E+00 |  8.797E-13 |  0.000E+00 |   55293.19 |   55293.19 | UL|
247.13767 |  77.11386 |  8.817E+13 |  1.000E+00 |  9.029E-13 |  3.910E-14 |   55293.25 |   55293.25 |   |
247.13767 |  77.11386 |  6.517E+13 |  1.000E+00 |  9.050E-13 |  4.755E-14 |   55293.25 |   55293.25 |   |
247.13767 |  77.11386 |  2.498E+13 |  1.000E+00 |  4.321E-13 |  9.790E-14 |   55293.25 |   55293.25 |   |
247.13767 |  77.11386 |  1.363E+13 |  1.000E+00 |  1.270E-12 |  0.000E+00 |   55293.25 |   55293.25 | UL|
247.13767 |  77.11386 |  8.817E+13 |  1.000E+00 |  8.808E-13 |  3.895E-14 |   55293.32 |   55293.32 |   |
247.13767 |  77.11386 |  6.517E+13 |  1.000E+00 |  7.731E-13 |  4.490E-14 |   55293.32 |   55293.32 |   |
247.13767 |  77.11386 |  2.498E+13 |  1.000E+00 |  6.047E-13 |  1.080E-13 |   55293.32 |   55293.32 |   |
247.13767 |  77.11386 |  1.363E+13 |  1.000E+00 |  1.008E-12 |  0.000E+00 |   55293.32 |   55293.32 | UL|
247.13767 |  77.11386 |  8.817E+13 |  1.000E+00 |  9.021E-13 |  3.740E-14 |   55293.38 |   55293.38 |   |
247.13767 |  77.11386 |  6.517E+13 |  1.000E+00 |  8.532E-13 |  4.635E-14 |   55293.38 |   55293.38 |   |
247.13767 |  77.11386 |  2.498E+13 |  1.000E+00 |  5.748E-13 |  9.735E-14 |   55293.38 |   55293.38 |   |
247.13767 |  77.11386 |  1.363E+13 |  1.000E+00 |  9.953E-13 |  0.000E+00 |   55293.38 |   55293.38 | UL|
247.13767 |  77.11386 |  8.817E+13 |  1.000E+00 |  9.029E-13 |  3.740E-14 |   55293.45 |   55293.45 |   |
247.13767 |  77.11386 |  6.517E+13 |  1.000E+00 |  7.985E-13 |  4.195E-14 |   55293.45 |   55293.45 |   |
247.13767 |  77.11386 |  2.498E+13 |  1.000E+00 |  6.729E-13 |  1.222E-13 |   55293.45 |   55293.45 |   |
247.13767 |  77.11386 |  1.363E+13 |  1.000E+00 |  1.232E-12 |  0.000E+00 |   55293.45 |   55293.45 | UL|
247.13767 |  77.11386 |  8.817E+13 |  1.000E+00 |  9.113E-13 |  3.860E-14 |   55293.52 |   55293.52 |   |
247.13767 |  77.11386 |  6.517E+13 |  1.000E+00 |  6.802E-13 |  4.765E-14 |   55293.52 |   55293.52 |   |
247.13767 |  77.11386 |  2.498E+13 |  1.000E+00 |  4.250E-13 |  9.750E-14 |   55293.52 |   55293.52 |   |
247.13767 |  77.11386 |  1.363E+13 |  1.000E+00 |  9.505E-13 |  0.000E+00 |   55293.52 |   55293.52 | UL|
247.13767 |  77.11386 |  8.817E+13 |  1.000E+00 |  9.299E-13 |  3.940E-14 |   55293.58 |   55293.58 |   |
247.13767 |  77.11386 |  6.517E+13 |  1.000E+00 |  7.824E-13 |  4.040E-14 |   55293.58 |   55293.58 |   |
247.13767 |  77.11386 |  8.817E+13 |  1.000E+00 |  9.197E-13 |  3.560E-14 |   55293.65 |   55293.65 |   |
247.13767 |  77.11386 |  6.517E+13 |  1.000E+00 |  7.803E-13 |  4.315E-14 |   55293.65 |   55293.65 |   |
247.13767 |  77.11386 |  2.498E+13 |  1.000E+00 |  5.992E-13 |  1.110E-13 |   55293.65 |   55293.65 |   |
247.13767 |  77.11386 |  1.363E+13 |  1.000E+00 |  1.295E-12 |  0.000E+00 |   55293.65 |   55293.65 | UL|
247.13767 |  77.11386 |  8.817E+13 |  1.000E+00 |  8.137E-13 |  3.825E-14 |   55293.71 |   55293.71 |   |
247.13767 |  77.11386 |  6.517E+13 |  1.000E+00 |  7.458E-13 |  4.195E-14 |   55293.71 |   55293.71 |   |
247.13767 |  77.11386 |  2.498E+13 |  1.000E+00 |  6.624E-13 |  9.920E-14 |   55293.71 |   55293.71 |   |
247.13767 |  77.11386 |  1.363E+13 |  1.000E+00 |  8.068E-13 |  0.000E+00 |   55293.71 |   55293.71 | UL|
247.13767 |  77.11386 |  8.817E+13 |  1.000E+00 |  8.159E-13 |  3.835E-14 |   55293.71 |   55293.71 |   |
247.13767 |  77.11386 |  6.517E+13 |  1.000E+00 |  7.667E-13 |  4.095E-14 |   55293.71 |   55293.71 |   |
247.13767 |  77.11386 |  2.498E+13 |  1.000E+00 |  5.365E-13 |  9.840E-14 |   55293.71 |   55293.71 |   |
247.13767 |  77.11386 |  1.363E+13 |  1.000E+00 |  9.916E-13 |  3.794E-13 |   55293.71 |   55293.71 |   |
247.13767 |  77.11386 |  8.817E+13 |  1.000E+00 |  9.756E-13 |  3.495E-14 |   55295.70 |   55295.70 |   |
247.13767 |  77.11386 |  6.517E+13 |  1.000E+00 |  8.611E-13 |  4.045E-14 |   55295.70 |   55295.70 |   |
247.13767 |  77.11386 |  2.498E+13 |  1.000E+00 |  6.367E-13 |  1.126E-13 |   55295.70 |   55295.70 |   |
247.13767 |  77.11386 |  1.363E+13 |  1.000E+00 |  1.422E-12 |  0.000E+00 |   55295.70 |   55295.70 | UL|
247.13767 |  77.11386 |  8.817E+13 |  1.000E+00 |  9.560E-13 |  4.055E-14 |   55295.77 |   55295.77 |   |
247.13767 |  77.11386 |  6.517E+13 |  1.000E+00 |  8.430E-13 |  4.040E-14 |   55295.77 |   55295.77 |   |
247.13767 |  77.11386 |  2.498E+13 |  1.000E+00 |  4.397E-13 |  9.300E-14 |   55295.77 |   55295.77 |   |
247.13767 |  77.11386 |  1.363E+13 |  1.000E+00 |  7.085E-13 |  0.000E+00 |   55295.77 |   55295.77 | UL|
247.13767 |  77.11386 |  8.817E+13 |  1.000E+00 |  1.006E-12 |  4.065E-14 |   55295.77 |   55295.77 |   |
247.13767 |  77.11386 |  6.517E+13 |  1.000E+00 |  1.012E-12 |  4.545E-14 |   55295.77 |   55295.77 |   |
247.13767 |  77.11386 |  2.498E+13 |  1.000E+00 |  6.841E-13 |  8.910E-14 |   55295.77 |   55295.77 |   |
247.13767 |  77.11386 |  1.363E+13 |  1.000E+00 |  8.495E-13 |  3.739E-13 |   55295.77 |   55295.77 |   |
247.13767 |  77.11386 |  8.817E+13 |  1.000E+00 |  9.756E-13 |  4.515E-14 |   55295.90 |   55295.90 |   |
247.13767 |  77.11386 |  6.517E+13 |  1.000E+00 |  8.462E-13 |  4.285E-14 |   55295.90 |   55295.90 |   |
247.13767 |  77.11386 |  2.498E+13 |  1.000E+00 |  4.579E-13 |  9.515E-14 |   55295.90 |   55295.90 |   |
247.13767 |  77.11386 |  1.363E+13 |  1.000E+00 |  1.388E-12 |  0.000E+00 |   55295.90 |   55295.90 | UL|
247.13767 |  77.11386 |  8.817E+13 |  1.000E+00 |  8.832E-13 |  4.315E-14 |   55296.03 |   55296.03 |   |
247.13767 |  77.11386 |  6.517E+13 |  1.000E+00 |  8.469E-13 |  3.905E-14 |   55296.03 |   55296.03 |   |
247.13767 |  77.11386 |  2.498E+13 |  1.000E+00 |  6.234E-13 |  9.275E-14 |   55296.03 |   55296.03 |   |
247.13767 |  77.11386 |  1.363E+13 |  1.000E+00 |  7.270E-13 |  0.000E+00 |   55296.03 |   55296.03 | UL|
247.13767 |  77.11386 |  8.817E+13 |  1.000E+00 |  9.534E-13 |  4.215E-14 |   55296.16 |   55296.16 |   |
247.13767 |  77.11386 |  6.517E+13 |  1.000E+00 |  8.369E-13 |  4.160E-14 |   55296.16 |   55296.16 |   |
247.13767 |  77.11386 |  2.498E+13 |  1.000E+00 |  6.262E-13 |  9.495E-14 |   55296.16 |   55296.16 |   |
247.13767 |  77.11386 |  1.363E+13 |  1.000E+00 |  1.188E-12 |  0.000E+00 |   55296.16 |   55296.16 | UL|
247.13767 |  77.11386 |  8.817E+13 |  1.000E+00 |  7.785E-13 |  3.585E-14 |   55484.29 |   55484.29 |   |
247.13767 |  77.11386 |  6.517E+13 |  1.000E+00 |  7.431E-13 |  3.695E-14 |   55484.29 |   55484.29 |   |
247.13767 |  77.11386 |  8.817E+13 |  1.000E+00 |  9.054E-13 |  4.255E-14 |   55484.42 |   55484.42 |   |
247.13767 |  77.11386 |  6.517E+13 |  1.000E+00 |  7.992E-13 |  3.755E-14 |   55484.42 |   55484.42 |   |
247.13767 |  77.11386 |  8.817E+13 |  1.000E+00 |  7.503E-13 |  3.455E-14 |   55484.42 |   55484.42 |   |
247.13767 |  77.11386 |  6.517E+13 |  1.000E+00 |  8.587E-13 |  4.195E-14 |   55484.42 |   55484.42 |   |
247.13767 |  77.11386 |  8.817E+13 |  1.000E+00 |  8.560E-13 |  3.390E-14 |   55484.55 |   55484.55 |   |
247.13767 |  77.11386 |  6.517E+13 |  1.000E+00 |  7.149E-13 |  3.950E-14 |   55484.55 |   55484.55 |   |
247.13767 |  77.11386 |  8.817E+13 |  1.000E+00 |  7.146E-13 |  4.020E-14 |   55484.62 |   55484.62 |   |
247.13767 |  77.11386 |  6.517E+13 |  1.000E+00 |  8.299E-13 |  3.900E-14 |   55484.62 |   55484.62 |   |
247.13767 |  77.11386 |  8.817E+13 |  1.000E+00 |  8.816E-13 |  3.495E-14 |   55484.68 |   55484.68 |   |
247.13767 |  77.11386 |  6.517E+13 |  1.000E+00 |  7.992E-13 |  3.685E-14 |   55484.68 |   55484.68 |   |
247.13767 |  77.11386 |  8.817E+13 |  1.000E+00 |  8.520E-13 |  4.080E-14 |   55484.75 |   55484.75 |   |
247.13767 |  77.11386 |  6.517E+13 |  1.000E+00 |  8.292E-13 |  3.900E-14 |   55484.75 |   55484.75 |   |
247.13767 |  77.11386 |  8.817E+13 |  1.000E+00 |  7.232E-13 |  4.595E-14 |   55484.82 |   55484.82 |   |
247.13767 |  77.11386 |  6.517E+13 |  1.000E+00 |  7.897E-13 |  3.925E-14 |   55484.82 |   55484.82 |   |
247.13767 |  77.11386 |  8.817E+13 |  1.000E+00 |  8.971E-13 |  3.305E-14 |   55484.88 |   55484.88 |   |
247.13767 |  77.11386 |  6.517E+13 |  1.000E+00 |  7.143E-13 |  3.620E-14 |   55484.88 |   55484.88 |   |
247.13767 |  77.11386 |  8.817E+13 |  1.000E+00 |  8.615E-13 |  3.575E-14 |   55484.95 |   55484.95 |   |
247.13767 |  77.11386 |  6.517E+13 |  1.000E+00 |  7.597E-13 |  3.780E-14 |   55484.95 |   55484.95 |   |
247.13767 |  77.11386 |  8.817E+13 |  1.000E+00 |  8.607E-13 |  3.565E-14 |   55485.02 |   55485.02 |   |
247.13767 |  77.11386 |  6.517E+13 |  1.000E+00 |  7.970E-13 |  4.040E-14 |   55485.02 |   55485.02 |   |
247.13767 |  77.11386 |  8.817E+13 |  1.000E+00 |  8.615E-13 |  3.890E-14 |   55485.15 |   55485.15 |   |
247.13767 |  77.11386 |  6.517E+13 |  1.000E+00 |  8.155E-13 |  3.910E-14 |   55485.15 |   55485.15 |   |
247.13767 |  77.11386 |  8.817E+13 |  1.000E+00 |  8.751E-13 |  3.875E-14 |   55485.15 |   55485.15 |   |
247.13767 |  77.11386 |  6.517E+13 |  1.000E+00 |  8.029E-13 |  3.620E-14 |   55485.15 |   55485.15 |   |
247.13767 |  77.11386 |  8.817E+13 |  1.000E+00 |  8.808E-13 |  3.410E-14 |   55485.21 |   55485.21 |   |
247.13767 |  77.11386 |  6.517E+13 |  1.000E+00 |  7.521E-13 |  3.740E-14 |   55485.21 |   55485.21 |   |
247.13767 |  77.11386 |  8.817E+13 |  1.000E+00 |  8.003E-13 |  3.465E-14 |   55485.28 |   55485.28 |   |
247.13767 |  77.11386 |  6.517E+13 |  1.000E+00 |  8.493E-13 |  4.065E-14 |   55485.28 |   55485.28 |   |
247.13767 |  77.11386 |  8.817E+13 |  1.000E+00 |  8.775E-13 |  3.555E-14 |   55485.35 |   55485.35 |   |
247.13767 |  77.11386 |  6.517E+13 |  1.000E+00 |  8.044E-13 |  3.775E-14 |   55485.35 |   55485.35 |   |
247.13767 |  77.11386 |  8.817E+13 |  1.000E+00 |  8.481E-13 |  3.440E-14 |   55485.41 |   55485.41 |   |
247.13767 |  77.11386 |  6.517E+13 |  1.000E+00 |  8.163E-13 |  3.840E-14 |   55485.41 |   55485.41 |   |
247.13767 |  77.11386 |  8.817E+13 |  1.000E+00 |  8.334E-13 |  3.685E-14 |   55485.68 |   55485.68 |   |
247.13767 |  77.11386 |  6.517E+13 |  1.000E+00 |  8.462E-13 |  3.820E-14 |   55485.68 |   55485.68 |   |
247.13767 |  77.11386 |  8.817E+13 |  1.000E+00 |  9.079E-13 |  3.680E-14 |   55485.48 |   55485.48 |   |
247.13767 |  77.11386 |  6.517E+13 |  1.000E+00 |  8.148E-13 |  3.755E-14 |   55485.48 |   55485.48 |   |
247.13767 |  77.11386 |  8.817E+13 |  1.000E+00 |  8.334E-13 |  3.915E-14 |   55485.54 |   55485.54 |   |
247.13767 |  77.11386 |  6.517E+13 |  1.000E+00 |  8.430E-13 |  3.960E-14 |   55485.54 |   55485.54 |   |
247.13767 |  77.11386 |  8.817E+13 |  1.000E+00 |  8.639E-13 |  3.425E-14 |   55485.61 |   55485.61 |   |
247.13767 |  77.11386 |  6.517E+13 |  1.000E+00 |  8.058E-13 |  3.710E-14 |   55485.61 |   55485.61 |   |
247.13767 |  77.11386 |  8.817E+13 |  1.000E+00 |  8.719E-13 |  3.455E-14 |   55485.74 |   55485.74 |   |
247.13767 |  77.11386 |  6.517E+13 |  1.000E+00 |  7.611E-13 |  3.925E-14 |   55485.74 |   55485.74 |   |
247.13767 |  77.11386 |  8.817E+13 |  1.000E+00 |  7.996E-13 |  3.535E-14 |   55487.53 |   55487.53 |   |
247.13767 |  77.11386 |  6.517E+13 |  1.000E+00 |  7.689E-13 |  3.825E-14 |   55487.53 |   55487.53 |   |
247.13767 |  77.11386 |  8.817E+13 |  1.000E+00 |  7.944E-13 |  3.510E-14 |   55487.66 |   55487.66 |   |
247.13767 |  77.11386 |  6.517E+13 |  1.000E+00 |  8.691E-13 |  3.685E-14 |   55487.66 |   55487.66 |   |
247.13767 |  77.11386 |  8.817E+13 |  1.000E+00 |  8.743E-13 |  3.865E-14 |   55487.79 |   55487.79 |   |
247.13767 |  77.11386 |  6.517E+13 |  1.000E+00 |  8.111E-13 |  4.110E-14 |   55487.79 |   55487.79 |   |
247.13767 |  77.11386 |  8.817E+13 |  1.000E+00 |  7.126E-13 |  3.415E-14 |   55486.54 |   55486.54 |   |
247.13767 |  77.11386 |  6.517E+13 |  1.000E+00 |  8.246E-13 |  3.725E-14 |   55486.54 |   55486.54 |   |
247.13767 |  77.11386 |  8.817E+13 |  1.000E+00 |  7.879E-13 |  3.340E-14 |   55485.81 |   55485.81 |   |
247.13767 |  77.11386 |  6.517E+13 |  1.000E+00 |  7.103E-13 |  3.665E-14 |   55485.81 |   55485.81 |   |
247.13767 |  77.11386 |  8.817E+13 |  1.000E+00 |  8.167E-13 |  3.385E-14 |   55485.88 |   55485.88 |   |
247.13767 |  77.11386 |  6.517E+13 |  1.000E+00 |  7.006E-13 |  3.810E-14 |   55485.88 |   55485.88 |   |
247.13767 |  77.11386 |  8.817E+13 |  1.000E+00 |  8.481E-13 |  3.440E-14 |   55485.94 |   55485.94 |   |
247.13767 |  77.11386 |  6.517E+13 |  1.000E+00 |  7.175E-13 |  3.770E-14 |   55485.94 |   55485.94 |   |
247.13767 |  77.11386 |  8.817E+13 |  1.000E+00 |  8.615E-13 |  3.490E-14 |   55486.01 |   55486.01 |   |
247.13767 |  77.11386 |  6.517E+13 |  1.000E+00 |  7.528E-13 |  3.745E-14 |   55486.01 |   55486.01 |   |
247.13767 |  77.11386 |  8.817E+13 |  1.000E+00 |  8.258E-13 |  3.575E-14 |   55486.14 |   55486.14 |   |
247.13767 |  77.11386 |  6.517E+13 |  1.000E+00 |  7.555E-13 |  4.595E-14 |   55486.14 |   55486.14 |   |
247.13767 |  77.11386 |  8.817E+13 |  1.000E+00 |  7.886E-13 |  3.485E-14 |   55486.21 |   55486.21 |   |
247.13767 |  77.11386 |  6.517E+13 |  1.000E+00 |  6.993E-13 |  3.740E-14 |   55486.21 |   55486.21 |   |
247.13767 |  77.11386 |  8.817E+13 |  1.000E+00 |  7.339E-13 |  3.315E-14 |   55486.27 |   55486.27 |   |
247.13767 |  77.11386 |  6.517E+13 |  1.000E+00 |  7.202E-13 |  3.715E-14 |   55486.27 |   55486.27 |   |
247.13767 |  77.11386 |  8.817E+13 |  1.000E+00 |  9.130E-13 |  3.535E-14 |   55486.34 |   55486.34 |   |
247.13767 |  77.11386 |  6.517E+13 |  1.000E+00 |  7.853E-13 |  3.835E-14 |   55486.34 |   55486.34 |   |
247.13767 |  77.11386 |  8.817E+13 |  1.000E+00 |  7.908E-13 |  3.640E-14 |   55486.40 |   55486.40 |   |
247.13767 |  77.11386 |  6.517E+13 |  1.000E+00 |  7.222E-13 |  4.190E-14 |   55486.40 |   55486.40 |   |
247.13767 |  77.11386 |  8.817E+13 |  1.000E+00 |  8.466E-13 |  3.590E-14 |   55486.47 |   55486.47 |   |
247.13767 |  77.11386 |  6.517E+13 |  1.000E+00 |  7.103E-13 |  3.600E-14 |   55486.47 |   55486.47 |   |
247.13767 |  77.11386 |  8.817E+13 |  1.000E+00 |  8.107E-13 |  3.660E-14 |   55486.60 |   55486.60 |   |
247.13767 |  77.11386 |  6.517E+13 |  1.000E+00 |  7.129E-13 |  3.880E-14 |   55486.60 |   55486.60 |   |
247.13767 |  77.11386 |  8.817E+13 |  1.000E+00 |  8.077E-13 |  3.495E-14 |   55486.67 |   55486.67 |   |
247.13767 |  77.11386 |  6.517E+13 |  1.000E+00 |  7.356E-13 |  3.725E-14 |   55486.67 |   55486.67 |   |
247.13767 |  77.11386 |  8.817E+13 |  1.000E+00 |  8.357E-13 |  4.850E-14 |   55486.73 |   55486.73 |   |
247.13767 |  77.11386 |  6.517E+13 |  1.000E+00 |  7.597E-13 |  3.710E-14 |   55486.73 |   55486.73 |   |
247.13767 |  77.11386 |  8.817E+13 |  1.000E+00 |  7.799E-13 |  3.520E-14 |   55486.80 |   55486.80 |   |
247.13767 |  77.11386 |  6.517E+13 |  1.000E+00 |  7.302E-13 |  4.035E-14 |   55486.80 |   55486.80 |   |
247.13767 |  77.11386 |  8.817E+13 |  1.000E+00 |  8.047E-13 |  3.410E-14 |   55486.87 |   55486.87 |   |
247.13767 |  77.11386 |  6.517E+13 |  1.000E+00 |  7.322E-13 |  3.915E-14 |   55486.87 |   55486.87 |   |
247.13767 |  77.11386 |  8.817E+13 |  1.000E+00 |  8.144E-13 |  4.130E-14 |   55486.93 |   55486.93 |   |
247.13767 |  77.11386 |  6.517E+13 |  1.000E+00 |  6.865E-13 |  3.860E-14 |   55486.93 |   55486.93 |   |
247.13767 |  77.11386 |  8.817E+13 |  1.000E+00 |  8.062E-13 |  3.565E-14 |   55487.00 |   55487.00 |   |
247.13767 |  77.11386 |  6.517E+13 |  1.000E+00 |  7.639E-13 |  3.870E-14 |   55487.00 |   55487.00 |   |
247.13767 |  77.11386 |  8.817E+13 |  1.000E+00 |  8.824E-13 |  3.655E-14 |   55487.00 |   55487.00 |   |
247.13767 |  77.11386 |  6.517E+13 |  1.000E+00 |  6.999E-13 |  4.000E-14 |   55487.00 |   55487.00 |   |
247.13767 |  77.11386 |  8.817E+13 |  1.000E+00 |  8.242E-13 |  3.950E-14 |   55487.20 |   55487.20 |   |
247.13767 |  77.11386 |  6.517E+13 |  1.000E+00 |  7.215E-13 |  4.385E-14 |   55487.20 |   55487.20 |   |
247.13767 |  77.11386 |  8.817E+13 |  1.000E+00 |  7.587E-13 |  3.705E-14 |   55487.26 |   55487.26 |   |
247.13767 |  77.11386 |  6.517E+13 |  1.000E+00 |  7.242E-13 |  4.275E-14 |   55487.26 |   55487.26 |   |
247.13767 |  77.11386 |  8.817E+13 |  1.000E+00 |  7.594E-13 |  3.635E-14 |   55487.33 |   55487.33 |   |
247.13767 |  77.11386 |  6.517E+13 |  1.000E+00 |  7.746E-13 |  3.640E-14 |   55487.33 |   55487.33 |   |
247.13767 |  77.11386 |  8.817E+13 |  1.000E+00 |  7.974E-13 |  4.260E-14 |   55487.39 |   55487.39 |   |
247.13767 |  77.11386 |  6.517E+13 |  1.000E+00 |  7.632E-13 |  3.795E-14 |   55487.39 |   55487.39 |   |
247.13767 |  77.11386 |  8.817E+13 |  1.000E+00 |  8.647E-13 |  3.505E-14 |   55293.78 |   55293.78 |   |
247.13767 |  77.11386 |  6.517E+13 |  1.000E+00 |  8.118E-13 |  4.190E-14 |   55293.78 |   55293.78 |   |
247.13767 |  77.11386 |  2.498E+13 |  1.000E+00 |  6.564E-13 |  9.830E-14 |   55293.78 |   55293.78 |   |
247.13767 |  77.11386 |  1.363E+13 |  1.000E+00 |  1.355E-12 |  0.000E+00 |   55293.78 |   55293.78 | UL|
247.13767 |  77.11386 |  8.817E+13 |  1.000E+00 |  8.735E-13 |  3.705E-14 |   55293.85 |   55293.85 |   |
247.13767 |  77.11386 |  6.517E+13 |  1.000E+00 |  8.088E-13 |  3.950E-14 |   55293.85 |   55293.85 |   |
247.13767 |  77.11386 |  2.498E+13 |  1.000E+00 |  5.434E-13 |  1.006E-13 |   55293.85 |   55293.85 |   |
247.13767 |  77.11386 |  1.363E+13 |  1.000E+00 |  1.033E-12 |  4.064E-13 |   55293.85 |   55293.85 |   |
247.13767 |  77.11386 |  8.817E+13 |  1.000E+00 |  9.013E-13 |  3.650E-14 |   55293.91 |   55293.91 |   |
247.13767 |  77.11386 |  6.517E+13 |  1.000E+00 |  8.901E-13 |  4.180E-14 |   55293.91 |   55293.91 |   |
247.13767 |  77.11386 |  2.498E+13 |  1.000E+00 |  5.194E-13 |  1.157E-13 |   55293.91 |   55293.91 |   |
247.13767 |  77.11386 |  1.363E+13 |  1.000E+00 |  1.567E-12 |  0.000E+00 |   55293.91 |   55293.91 | UL|
247.13767 |  77.11386 |  8.817E+13 |  1.000E+00 |  9.248E-13 |  4.090E-14 |   55292.52 |   55292.52 |   |
247.13767 |  77.11386 |  6.517E+13 |  1.000E+00 |  7.955E-13 |  4.615E-14 |   55292.52 |   55292.52 |   |
247.13767 |  77.11386 |  2.498E+13 |  1.000E+00 |  6.766E-13 |  9.505E-14 |   55292.52 |   55292.52 |   |
247.13767 |  77.11386 |  1.363E+13 |  1.000E+00 |  8.994E-13 |  4.427E-13 |   55292.52 |   55292.52 |   |
247.13767 |  77.11386 |  8.817E+13 |  1.000E+00 |  8.824E-13 |  3.905E-14 |   55292.66 |   55292.66 |   |
247.13767 |  77.11386 |  6.517E+13 |  1.000E+00 |  8.376E-13 |  4.245E-14 |   55292.66 |   55292.66 |   |
247.13767 |  77.11386 |  2.498E+13 |  1.000E+00 |  5.759E-13 |  1.024E-13 |   55292.66 |   55292.66 |   |
247.13767 |  77.11386 |  1.363E+13 |  1.000E+00 |  1.037E-12 |  3.919E-13 |   55292.66 |   55292.66 |   |
247.13767 |  77.11386 |  8.817E+13 |  1.000E+00 |  8.311E-13 |  3.905E-14 |   55292.79 |   55292.79 |   |
247.13767 |  77.11386 |  6.517E+13 |  1.000E+00 |  8.446E-13 |  4.595E-14 |   55292.79 |   55292.79 |   |
247.13767 |  77.11386 |  2.498E+13 |  1.000E+00 |  4.587E-13 |  9.705E-14 |   55292.79 |   55292.79 |   |
247.13767 |  77.11386 |  1.363E+13 |  1.000E+00 |  1.116E-12 |  0.000E+00 |   55292.79 |   55292.79 | UL|
247.13767 |  77.11386 |  8.817E+13 |  1.000E+00 |  8.560E-13 |  4.180E-14 |   55292.92 |   55292.92 |   |
247.13767 |  77.11386 |  6.517E+13 |  1.000E+00 |  7.660E-13 |  4.730E-14 |   55292.92 |   55292.92 |   |
247.13767 |  77.11386 |  2.498E+13 |  1.000E+00 |  6.338E-13 |  1.044E-13 |   55292.92 |   55292.92 |   |
247.13767 |  77.11386 |  1.363E+13 |  1.000E+00 |  1.435E-12 |  0.000E+00 |   55292.92 |   55292.92 | UL|
247.13767 |  77.11386 |  8.817E+13 |  1.000E+00 |  7.966E-13 |  4.550E-14 |   55292.99 |   55292.99 |   |
247.13767 |  77.11386 |  6.517E+13 |  1.000E+00 |  6.922E-13 |  3.955E-14 |   55292.99 |   55292.99 |   |
247.13767 |  77.11386 |  2.498E+13 |  1.000E+00 |  4.942E-13 |  9.525E-14 |   55292.99 |   55292.99 |   |
247.13767 |  77.11386 |  1.363E+13 |  1.000E+00 |  1.091E-12 |  0.000E+00 |   55292.99 |   55292.99 | UL|
247.13767 |  77.11386 |  8.817E+13 |  1.000E+00 |  8.808E-13 |  3.895E-14 |   55292.99 |   55292.99 |   |
247.13767 |  77.11386 |  6.517E+13 |  1.000E+00 |  7.860E-13 |  4.705E-14 |   55292.99 |   55292.99 |   |
247.13767 |  77.11386 |  2.498E+13 |  1.000E+00 |  5.315E-13 |  9.350E-14 |   55292.99 |   55292.99 |   |
247.13767 |  77.11386 |  1.363E+13 |  1.000E+00 |  1.864E-12 |  0.000E+00 |   55292.99 |   55292.99 | UL|
247.13767 |  77.11386 |  8.817E+13 |  1.000E+00 |  8.947E-13 |  3.545E-14 |   55293.05 |   55293.05 |   |
247.13767 |  77.11386 |  6.517E+13 |  1.000E+00 |  8.051E-13 |  4.750E-14 |   55293.05 |   55293.05 |   |
247.13767 |  77.11386 |  2.498E+13 |  1.000E+00 |  5.370E-13 |  9.645E-14 |   55293.05 |   55293.05 |   |
247.13767 |  77.11386 |  1.363E+13 |  1.000E+00 |  9.136E-13 |  4.414E-13 |   55293.05 |   55293.05 |   |
247.13767 |  77.11386 |  8.817E+13 |  1.000E+00 |  9.079E-13 |  4.015E-14 |   55293.98 |   55293.98 |   |
247.13767 |  77.11386 |  6.517E+13 |  1.000E+00 |  8.707E-13 |  4.650E-14 |   55293.98 |   55293.98 |   |
247.13767 |  77.11386 |  2.498E+13 |  1.000E+00 |  4.446E-13 |  1.020E-13 |   55293.98 |   55293.98 |   |
247.13767 |  77.11386 |  1.363E+13 |  1.000E+00 |  9.771E-13 |  0.000E+00 |   55293.98 |   55293.98 | UL|
247.13767 |  77.11386 |  8.817E+13 |  1.000E+00 |  9.223E-13 |  3.565E-14 |   55295.63 |   55295.63 |   |
247.13767 |  77.11386 |  6.517E+13 |  1.000E+00 |  8.118E-13 |  4.410E-14 |   55295.63 |   55295.63 |   |
247.13767 |  77.11386 |  2.498E+13 |  1.000E+00 |  5.861E-13 |  1.074E-13 |   55295.63 |   55295.63 |   |
247.13767 |  77.11386 |  1.363E+13 |  1.000E+00 |  9.418E-13 |  0.000E+00 |   55295.63 |   55295.63 | UL|
247.13767 |  77.11386 |  8.817E+13 |  1.000E+00 |  9.038E-13 |  3.830E-14 |   55294.11 |   55294.11 |   |
247.13767 |  77.11386 |  6.517E+13 |  1.000E+00 |  8.345E-13 |  4.075E-14 |   55294.11 |   55294.11 |   |
247.13767 |  77.11386 |  2.498E+13 |  1.000E+00 |  6.606E-13 |  1.162E-13 |   55294.11 |   55294.11 |   |
247.13767 |  77.11386 |  1.363E+13 |  1.000E+00 |  9.418E-13 |  0.000E+00 |   55294.11 |   55294.11 | UL|
247.13767 |  77.11386 |  8.817E+13 |  1.000E+00 |  1.023E-12 |  3.970E-14 |   55294.18 |   55294.18 |   |
247.13767 |  77.11386 |  6.517E+13 |  1.000E+00 |  8.208E-13 |  4.160E-14 |   55294.18 |   55294.18 |   |
247.13767 |  77.11386 |  2.498E+13 |  1.000E+00 |  5.185E-13 |  9.750E-14 |   55294.18 |   55294.18 |   |
247.13767 |  77.11386 |  1.363E+13 |  1.000E+00 |  9.575E-13 |  0.000E+00 |   55294.18 |   55294.18 | UL|
247.13767 |  77.11386 |  8.817E+13 |  1.000E+00 |  9.446E-13 |  3.745E-14 |   55294.24 |   55294.24 |   |
247.13767 |  77.11386 |  6.517E+13 |  1.000E+00 |  8.812E-13 |  4.225E-14 |   55294.24 |   55294.24 |   |
247.13767 |  77.11386 |  2.498E+13 |  1.000E+00 |  6.468E-13 |  1.186E-13 |   55294.24 |   55294.24 |   |
247.13767 |  77.11386 |  1.363E+13 |  1.000E+00 |  1.136E-12 |  0.000E+00 |   55294.24 |   55294.24 | UL|
247.13767 |  77.11386 |  8.817E+13 |  1.000E+00 |  9.498E-13 |  4.030E-14 |   55294.31 |   55294.31 |   |
247.13767 |  77.11386 |  6.517E+13 |  1.000E+00 |  7.576E-13 |  4.465E-14 |   55294.31 |   55294.31 |   |
247.13767 |  77.11386 |  2.498E+13 |  1.000E+00 |  5.566E-13 |  9.685E-14 |   55294.31 |   55294.31 |   |
247.13767 |  77.11386 |  1.363E+13 |  1.000E+00 |  1.583E-12 |  0.000E+00 |   55294.31 |   55294.31 | UL|
247.13767 |  77.11386 |  8.817E+13 |  1.000E+00 |  9.104E-13 |  3.690E-14 |   55294.31 |   55294.31 |   |
247.13767 |  77.11386 |  6.517E+13 |  1.000E+00 |  8.485E-13 |  3.830E-14 |   55294.31 |   55294.31 |   |
247.13767 |  77.11386 |  2.498E+13 |  1.000E+00 |  4.764E-13 |  1.210E-13 |   55294.31 |   55294.31 |   |
247.13767 |  77.11386 |  1.363E+13 |  1.000E+00 |  8.432E-13 |  3.963E-13 |   55294.31 |   55294.31 |   |
247.13767 |  77.11386 |  8.817E+13 |  1.000E+00 |  8.808E-13 |  3.570E-14 |   55294.38 |   55294.38 |   |
247.13767 |  77.11386 |  6.517E+13 |  1.000E+00 |  8.081E-13 |  4.470E-14 |   55294.38 |   55294.38 |   |
247.13767 |  77.11386 |  2.498E+13 |  1.000E+00 |  5.340E-13 |  1.025E-13 |   55294.38 |   55294.38 |   |
247.13767 |  77.11386 |  1.363E+13 |  1.000E+00 |  9.531E-13 |  3.659E-13 |   55294.38 |   55294.38 |   |
247.13767 |  77.11386 |  8.817E+13 |  1.000E+00 |  1.037E-12 |  3.935E-14 |   55294.44 |   55294.44 |   |
247.13767 |  77.11386 |  6.517E+13 |  1.000E+00 |  8.918E-13 |  4.765E-14 |   55294.44 |   55294.44 |   |
247.13767 |  77.11386 |  2.498E+13 |  1.000E+00 |  7.869E-13 |  1.179E-13 |   55294.44 |   55294.44 |   |
247.13767 |  77.11386 |  1.363E+13 |  1.000E+00 |  8.741E-13 |  3.834E-13 |   55294.44 |   55294.44 |   |
247.13767 |  77.11386 |  8.817E+13 |  1.000E+00 |  9.837E-13 |  3.645E-14 |   55294.51 |   55294.51 |   |
247.13767 |  77.11386 |  6.517E+13 |  1.000E+00 |  8.659E-13 |  4.305E-14 |   55294.51 |   55294.51 |   |
247.13767 |  77.11386 |  2.498E+13 |  1.000E+00 |  5.086E-13 |  1.019E-13 |   55294.51 |   55294.51 |   |
247.13767 |  77.11386 |  1.363E+13 |  1.000E+00 |  1.333E-12 |  0.000E+00 |   55294.51 |   55294.51 | UL|
247.13767 |  77.11386 |  8.817E+13 |  1.000E+00 |  9.964E-13 |  4.055E-14 |   55294.57 |   55294.57 |   |
247.13767 |  77.11386 |  6.517E+13 |  1.000E+00 |  8.731E-13 |  4.105E-14 |   55294.57 |   55294.57 |   |
247.13767 |  77.11386 |  8.817E+13 |  1.000E+00 |  1.079E-12 |  3.850E-14 |   55294.64 |   55294.64 |   |
247.13767 |  77.11386 |  6.517E+13 |  1.000E+00 |  9.582E-13 |  4.265E-14 |   55294.64 |   55294.64 |   |
247.13767 |  77.11386 |  2.498E+13 |  1.000E+00 |  5.770E-13 |  1.123E-13 |   55294.64 |   55294.64 |   |
247.13767 |  77.11386 |  1.363E+13 |  1.000E+00 |  8.286E-13 |  3.625E-13 |   55294.64 |   55294.64 |   |
247.13767 |  77.11386 |  8.817E+13 |  1.000E+00 |  9.801E-13 |  3.995E-14 |   55294.71 |   55294.71 |   |
247.13767 |  77.11386 |  6.517E+13 |  1.000E+00 |  9.520E-13 |  4.300E-14 |   55294.71 |   55294.71 |   |
247.13767 |  77.11386 |  2.498E+13 |  1.000E+00 |  6.661E-13 |  1.047E-13 |   55294.71 |   55294.71 |   |
247.13767 |  77.11386 |  1.363E+13 |  1.000E+00 |  1.065E-12 |  0.000E+00 |   55294.71 |   55294.71 | UL|
247.13767 |  77.11386 |  8.817E+13 |  1.000E+00 |  1.117E-12 |  3.600E-14 |   55294.77 |   55294.77 |   |
247.13767 |  77.11386 |  6.517E+13 |  1.000E+00 |  9.662E-13 |  4.650E-14 |   55294.77 |   55294.77 |   |
247.13767 |  77.11386 |  2.498E+13 |  1.000E+00 |  5.785E-13 |  9.365E-14 |   55294.77 |   55294.77 |   |
247.13767 |  77.11386 |  1.363E+13 |  1.000E+00 |  1.139E-12 |  0.000E+00 |   55294.77 |   55294.77 | UL|
247.13767 |  77.11386 |  8.817E+13 |  1.000E+00 |  1.028E-12 |  3.705E-14 |   55294.84 |   55294.84 |   |
247.13767 |  77.11386 |  6.517E+13 |  1.000E+00 |  9.033E-13 |  4.410E-14 |   55294.84 |   55294.84 |   |
247.13767 |  77.11386 |  2.498E+13 |  1.000E+00 |  7.324E-13 |  9.605E-14 |   55294.84 |   55294.84 |   |
247.13767 |  77.11386 |  1.363E+13 |  1.000E+00 |  1.003E-12 |  3.709E-13 |   55294.84 |   55294.84 |   |
247.13767 |  77.11386 |  8.817E+13 |  1.000E+00 |  9.711E-13 |  4.015E-14 |   55294.91 |   55294.91 |   |
247.13767 |  77.11386 |  6.517E+13 |  1.000E+00 |  9.117E-13 |  4.200E-14 |   55294.91 |   55294.91 |   |
247.13767 |  77.11386 |  2.498E+13 |  1.000E+00 |  6.142E-13 |  9.825E-14 |   55294.91 |   55294.91 |   |
247.13767 |  77.11386 |  1.363E+13 |  1.000E+00 |  1.044E-12 |  0.000E+00 |   55294.91 |   55294.91 | UL|
247.13767 |  77.11386 |  8.817E+13 |  1.000E+00 |  9.846E-13 |  3.880E-14 |   55294.97 |   55294.97 |   |
247.13767 |  77.11386 |  6.517E+13 |  1.000E+00 |  9.227E-13 |  4.420E-14 |   55294.97 |   55294.97 |   |
247.13767 |  77.11386 |  2.498E+13 |  1.000E+00 |  7.151E-13 |  9.445E-14 |   55294.97 |   55294.97 |   |
247.13767 |  77.11386 |  1.363E+13 |  1.000E+00 |  1.467E-12 |  0.000E+00 |   55294.97 |   55294.97 | UL|
247.13767 |  77.11386 |  8.817E+13 |  1.000E+00 |  1.092E-12 |  4.350E-14 |   55295.04 |   55295.04 |   |
247.13767 |  77.11386 |  6.517E+13 |  1.000E+00 |  9.134E-13 |  3.955E-14 |   55295.04 |   55295.04 |   |
247.13767 |  77.11386 |  2.498E+13 |  1.000E+00 |  6.148E-13 |  1.081E-13 |   55295.04 |   55295.04 |   |
247.13767 |  77.11386 |  1.363E+13 |  1.000E+00 |  1.311E-12 |  3.495E-13 |   55295.04 |   55295.04 |   |
247.13767 |  77.11386 |  8.817E+13 |  1.000E+00 |  1.009E-12 |  4.085E-14 |   55295.04 |   55295.04 |   |
247.13767 |  77.11386 |  6.517E+13 |  1.000E+00 |  9.823E-13 |  4.170E-14 |   55295.04 |   55295.04 |   |
247.13767 |  77.11386 |  2.498E+13 |  1.000E+00 |  5.233E-13 |  9.205E-14 |   55295.04 |   55295.04 |   |
247.13767 |  77.11386 |  1.363E+13 |  1.000E+00 |  9.862E-13 |  0.000E+00 |   55295.04 |   55295.04 | UL|
247.13767 |  77.11386 |  8.817E+13 |  1.000E+00 |  1.041E-12 |  3.750E-14 |   55295.11 |   55295.11 |   |
247.13767 |  77.11386 |  6.517E+13 |  1.000E+00 |  7.948E-13 |  4.465E-14 |   55295.11 |   55295.11 |   |
247.13767 |  77.11386 |  2.498E+13 |  1.000E+00 |  4.028E-13 |  1.093E-13 |   55295.11 |   55295.11 |   |
247.13767 |  77.11386 |  1.363E+13 |  1.000E+00 |  1.036E-12 |  0.000E+00 |   55295.11 |   55295.11 | UL|
247.13767 |  77.11386 |  8.817E+13 |  1.000E+00 |  1.022E-12 |  3.960E-14 |   55295.17 |   55295.17 |   |
247.13767 |  77.11386 |  6.517E+13 |  1.000E+00 |  9.450E-13 |  4.270E-14 |   55295.17 |   55295.17 |   |
247.13767 |  77.11386 |  2.498E+13 |  1.000E+00 |  7.585E-13 |  9.880E-14 |   55295.17 |   55295.17 |   |
247.13767 |  77.11386 |  1.363E+13 |  1.000E+00 |  1.537E-12 |  0.000E+00 |   55295.17 |   55295.17 | UL|
247.13767 |  77.11386 |  8.817E+13 |  1.000E+00 |  9.490E-13 |  3.585E-14 |   55295.24 |   55295.24 |   |
247.13767 |  77.11386 |  6.517E+13 |  1.000E+00 |  8.992E-13 |  4.310E-14 |   55295.24 |   55295.24 |   |
247.13767 |  77.11386 |  2.498E+13 |  1.000E+00 |  6.956E-13 |  9.445E-14 |   55295.24 |   55295.24 |   |
247.13767 |  77.11386 |  1.363E+13 |  1.000E+00 |  1.209E-12 |  0.000E+00 |   55295.24 |   55295.24 | UL|
247.13767 |  77.11386 |  8.817E+13 |  1.000E+00 |  9.021E-13 |  3.905E-14 |   55295.30 |   55295.30 |   |
247.13767 |  77.11386 |  6.517E+13 |  1.000E+00 |  9.644E-13 |  3.990E-14 |   55295.30 |   55295.30 |   |
247.13767 |  77.11386 |  2.498E+13 |  1.000E+00 |  6.450E-13 |  9.360E-14 |   55295.30 |   55295.30 |   |
247.13767 |  77.11386 |  1.363E+13 |  1.000E+00 |  1.007E-12 |  3.668E-13 |   55295.30 |   55295.30 |   |
247.13767 |  77.11386 |  8.817E+13 |  1.000E+00 |  9.900E-13 |  3.450E-14 |   55295.37 |   55295.37 |   |
247.13767 |  77.11386 |  6.517E+13 |  1.000E+00 |  8.877E-13 |  4.005E-14 |   55295.37 |   55295.37 |   |
247.13767 |  77.11386 |  2.498E+13 |  1.000E+00 |  6.624E-13 |  9.305E-14 |   55295.37 |   55295.37 |   |
247.13767 |  77.11386 |  1.363E+13 |  1.000E+00 |  1.384E-12 |  0.000E+00 |   55295.37 |   55295.37 | UL|
247.13767 |  77.11386 |  8.817E+13 |  1.000E+00 |  9.928E-13 |  3.845E-14 |   55295.43 |   55295.43 |   |
247.13767 |  77.11386 |  6.517E+13 |  1.000E+00 |  8.216E-13 |  4.845E-14 |   55295.43 |   55295.43 |   |
247.13767 |  77.11386 |  2.498E+13 |  1.000E+00 |  5.166E-13 |  9.520E-14 |   55295.43 |   55295.43 |   |
247.13767 |  77.11386 |  1.363E+13 |  1.000E+00 |  8.978E-13 |  4.595E-13 |   55295.43 |   55295.43 |   |
247.13767 |  77.11386 |  8.817E+13 |  1.000E+00 |  9.837E-13 |  3.740E-14 |   55295.50 |   55295.50 |   |
247.13767 |  77.11386 |  6.517E+13 |  1.000E+00 |  9.058E-13 |  4.505E-14 |   55295.50 |   55295.50 |   |
247.13767 |  77.11386 |  2.498E+13 |  1.000E+00 |  6.649E-13 |  9.645E-14 |   55295.50 |   55295.50 |   |
247.13767 |  77.11386 |  1.363E+13 |  1.000E+00 |  9.789E-13 |  0.000E+00 |   55295.50 |   55295.50 | UL|
247.13767 |  77.11386 |  8.817E+13 |  1.000E+00 |  9.657E-13 |  4.345E-14 |   55295.57 |   55295.57 |   |
247.13767 |  77.11386 |  6.517E+13 |  1.000E+00 |  9.295E-13 |  4.540E-14 |   55295.57 |   55295.57 |   |
247.13767 |  77.11386 |  8.817E+13 |  1.000E+00 |  8.889E-13 |  3.440E-14 |   55294.05 |   55294.05 |   |
247.13767 |  77.11386 |  6.517E+13 |  1.000E+00 |  9.252E-13 |  4.690E-14 |   55294.05 |   55294.05 |   |
247.13767 |  77.11386 |  2.498E+13 |  1.000E+00 |  4.062E-13 |  1.156E-13 |   55294.05 |   55294.05 |   |
247.13767 |  77.11386 |  1.363E+13 |  1.000E+00 |  1.256E-12 |  3.912E-13 |   55294.05 |   55294.05 |   |
247.13767 |  77.11386 |  4.455E+14 |  1.000E+00 |  1.473E-12 |  0.000E+00 |   55000.00 |   55000.00 |   |
247.13767 |  77.11386 |  6.813E+14 |  1.000E+00 |  6.034E-13 |  1.647E-13 |   55000.00 |   55000.00 |   |
247.13767 |  77.11386 |  5.451E+14 |  1.000E+00 |  3.175E-12 |  7.270E-13 |   55000.00 |   55000.00 |   |
247.13767 |  77.11386 |  6.233E+14 |  1.000E+00 |  6.804E-13 |  4.915E-14 |   55000.00 |   55000.00 |   |
247.13767 |  77.11386 |  4.859E+14 |  1.000E+00 |  1.121E-12 |  1.335E-13 |   55000.00 |   55000.00 |   |
247.13767 |  77.11386 |  3.987E+14 |  1.000E+00 |  2.395E-12 |  2.495E-13 |   55000.00 |   55000.00 |   |
247.13767 |  77.11386 |  3.462E+14 |  1.000E+00 |  1.049E-12 |  4.650E-14 |   55000.00 |   55000.00 |   |
247.13767 |  77.11386 |  3.116E+14 |  1.000E+00 |  8.945E-13 |  5.735E-14 |   55000.00 |   55000.00 |   |
247.13767 |  77.11386 |  8.402E+14 |  1.000E+00 |  1.896E-13 |  1.620E-14 |   55000.00 |   55000.00 |   |
247.13767 |  77.11386 |  6.443E+14 |  1.000E+00 |  2.656E-13 |  5.450E-15 |   55000.00 |   55000.00 |   |
247.13767 |  77.11386 |  4.876E+14 |  1.000E+00 |  3.033E-13 |  5.450E-15 |   55000.00 |   55000.00 |   |
247.13767 |  77.11386 |  4.014E+14 |  1.000E+00 |  3.692E-13 |  6.500E-15 |   55000.00 |   55000.00 |   |
247.13767 |  77.11386 |  3.382E+14 |  1.000E+00 |  4.041E-13 |  1.920E-14 |   55000.00 |   55000.00 |   |
247.13767 |  77.11386 |  1.948E+15 |  1.000E+00 |  2.481E-13 |  7.580E-14 |   55000.00 |   55000.00 |   |
247.13767 |  77.11386 |  1.295E+15 |  1.000E+00 |  2.669E-13 |  4.270E-14 |   55000.00 |   55000.00 |   |
247.13767 |  77.11386 |  2.418E+23 |  1.000E+00 |  5.049E-13 |  1.224E-13 |   55000.00 |   55000.00 |   |
247.13767 |  77.11386 |  4.835E+22 |  1.000E+00 |  8.719E-13 |  5.792E-13 |   55000.00 |   55000.00 |   |
247.13767 |  77.11386 |  1.451E+23 |  1.000E+00 |  7.147E-13 |  2.114E-13 |   55000.00 |   55000.00 |   |
247.13767 |  77.11386 |  4.835E+23 |  1.000E+00 |  4.027E-13 |  1.432E-13 |   55000.00 |   55000.00 |   |
247.13767 |  77.11386 |  1.451E+24 |  1.000E+00 |  2.261E-13 |  1.269E-13 |   55000.00 |   55000.00 |   |
247.13767 |  77.11386 |  1.451E+25 |  1.000E+00 |  1.082E-13 |  9.678E-14 |   55000.00 |   55000.00 |   |
247.13767 |  77.11386 |  1.209E+25 |  1.000E+00 |  5.334E-13 |  1.233E-13 |   55000.00 |   55000.00 |   |
247.13767 |  77.11386 |  3.627E+24 |  1.000E+00 |  8.429E-13 |  2.700E-13 |   55000.00 |   55000.00 |   |
247.13767 |  77.11386 |  8.462E+24 |  1.000E+00 |  9.433E-13 |  3.411E-13 |   55000.00 |   55000.00 |   |
247.13767 |  77.11386 |  2.418E+25 |  1.000E+00 |  4.256E-13 |  3.754E-13 |   55000.00 |   55000.00 |   |
247.13767 |  77.11386 |  7.253E+25 |  1.000E+00 |  3.122E-12 |  0.000E+00 |   55000.00 |   55000.00 | UL|
247.13767 |  77.11386 |  2.418E+26 |  1.000E+00 |  1.093E-11 |  0.000E+00 |   55000.00 |   55000.00 | UL|
247.13767 |  77.11386 |  2.418E+23 |  1.000E+00 |  1.881E-12 |  8.100E-14 |   55000.00 |   55000.00 |   |
247.13767 |  77.11386 |  1.813E+22 |  1.000E+00 |  6.176E-12 |  0.000E+00 |   55000.00 |   55000.00 | UL|
247.13767 |  77.11386 |  4.835E+22 |  1.000E+00 |  1.572E-12 |  2.990E-13 |   55000.00 |   55000.00 |   |
247.13767 |  77.11386 |  1.451E+23 |  1.000E+00 |  1.575E-12 |  1.140E-13 |   55000.00 |   55000.00 |   |
247.13767 |  77.11386 |  4.835E+23 |  1.000E+00 |  1.851E-12 |  1.110E-13 |   55000.00 |   55000.00 |   |
247.13767 |  77.11386 |  1.451E+24 |  1.000E+00 |  1.555E-12 |  1.365E-13 |   55000.00 |   55000.00 |   |
247.13767 |  77.11386 |  4.835E+24 |  1.000E+00 |  1.186E-12 |  2.022E-13 |   55000.00 |   55000.00 |   |
247.13767 |  77.11386 |  1.451E+25 |  1.000E+00 |  6.924E-13 |  2.541E-13 |   55000.00 |   55000.00 |   |
247.13767 |  77.11386 |  1.451E+26 |  1.000E+00 |  1.344E-12 |  0.000E+00 |   55000.00 |   55000.00 | UL|
247.13767 |  77.11386 |  1.209E+25 |  1.000E+00 |  5.478E-13 |  1.265E-13 |   55000.00 |   55000.00 |   |
247.13767 |  77.11386 |  8.462E+24 |  1.000E+00 |  9.487E-13 |  3.433E-13 |   55000.00 |   55000.00 |   |
247.13767 |  77.11386 |  2.418E+25 |  1.000E+00 |  4.767E-13 |  4.206E-13 |   55000.00 |   55000.00 |   |
