249.53683 |   0.70625 |  1.400E+09 |  1.000E+00 |  1.792E-16 |  8.400E-18 |   55000.00 |   55000.00 |   |
249.53683 |   0.70625 |  3.000E+09 |  1.000E+00 |  2.828E-16 |  8.250E-18 |   55000.00 |   55000.00 |   |
249.53683 |   0.70625 |  8.817E+13 |  1.000E+00 |  5.064E-13 |  1.305E-14 |   55000.00 |   55000.00 |   |
249.53683 |   0.70625 |  6.517E+13 |  1.000E+00 |  3.422E-13 |  1.230E-14 |   55000.00 |   55000.00 |   |
249.53683 |   0.70625 |  2.498E+13 |  1.000E+00 |  1.178E-13 |  0.000E+00 |   55000.00 |   55000.00 | UL|
249.53683 |   0.70625 |  1.363E+13 |  1.000E+00 |  3.376E-13 |  0.000E+00 |   55000.00 |   55000.00 | UL|
249.53683 |   0.70625 |  8.817E+13 |  1.000E+00 |  5.153E-13 |  3.325E-14 |   55435.20 |   55435.20 |   |
249.53683 |   0.70625 |  6.517E+13 |  1.000E+00 |  2.915E-13 |  3.935E-14 |   55435.20 |   55435.20 |   |
249.53683 |   0.70625 |  8.817E+13 |  1.000E+00 |  5.327E-13 |  3.490E-14 |   55435.07 |   55435.07 |   |
249.53683 |   0.70625 |  6.517E+13 |  1.000E+00 |  3.633E-13 |  4.190E-14 |   55435.07 |   55435.07 |   |
249.53683 |   0.70625 |  8.817E+13 |  1.000E+00 |  5.244E-13 |  3.480E-14 |   55434.93 |   55434.93 |   |
249.53683 |   0.70625 |  6.517E+13 |  1.000E+00 |  2.937E-13 |  4.045E-14 |   55434.93 |   55434.93 |   |
249.53683 |   0.70625 |  8.817E+13 |  1.000E+00 |  6.264E-13 |  3.465E-14 |   55434.87 |   55434.87 |   |
249.53683 |   0.70625 |  6.517E+13 |  1.000E+00 |  2.956E-13 |  4.285E-14 |   55434.87 |   55434.87 |   |
249.53683 |   0.70625 |  8.817E+13 |  1.000E+00 |  4.962E-13 |  3.385E-14 |   55434.80 |   55434.80 |   |
249.53683 |   0.70625 |  6.517E+13 |  1.000E+00 |  3.929E-13 |  4.605E-14 |   55434.80 |   55434.80 |   |
249.53683 |   0.70625 |  8.817E+13 |  1.000E+00 |  5.598E-13 |  3.250E-14 |   55434.73 |   55434.73 |   |
249.53683 |   0.70625 |  6.517E+13 |  1.000E+00 |  3.864E-13 |  4.280E-14 |   55434.73 |   55434.73 |   |
249.53683 |   0.70625 |  8.817E+13 |  1.000E+00 |  5.059E-13 |  3.360E-14 |   55434.67 |   55434.67 |   |
249.53683 |   0.70625 |  6.517E+13 |  1.000E+00 |  3.047E-13 |  3.885E-14 |   55434.67 |   55434.67 |   |
249.53683 |   0.70625 |  8.817E+13 |  1.000E+00 |  4.255E-13 |  3.885E-14 |   55434.61 |   55434.61 |   |
249.53683 |   0.70625 |  6.517E+13 |  1.000E+00 |  4.565E-13 |  4.760E-14 |   55434.61 |   55434.61 |   |
249.53683 |   0.70625 |  8.817E+13 |  1.000E+00 |  5.426E-13 |  3.300E-14 |   55434.47 |   55434.47 |   |
249.53683 |   0.70625 |  6.517E+13 |  1.000E+00 |  3.344E-13 |  3.795E-14 |   55434.47 |   55434.47 |   |
249.53683 |   0.70625 |  8.817E+13 |  1.000E+00 |  4.939E-13 |  3.325E-14 |   55434.34 |   55434.34 |   |
249.53683 |   0.70625 |  6.517E+13 |  1.000E+00 |  3.061E-13 |  3.815E-14 |   55434.34 |   55434.34 |   |
249.53683 |   0.70625 |  8.817E+13 |  1.000E+00 |  4.576E-13 |  3.715E-14 |   55434.34 |   55434.34 |   |
249.53683 |   0.70625 |  6.517E+13 |  1.000E+00 |  3.616E-13 |  4.105E-14 |   55434.34 |   55434.34 |   |
249.53683 |   0.70625 |  8.817E+13 |  1.000E+00 |  4.845E-13 |  3.440E-14 |   55434.21 |   55434.21 |   |
249.53683 |   0.70625 |  6.517E+13 |  1.000E+00 |  3.766E-13 |  3.855E-14 |   55434.21 |   55434.21 |   |
249.53683 |   0.70625 |  8.817E+13 |  1.000E+00 |  3.788E-13 |  3.180E-14 |   55253.77 |   55253.77 |   |
249.53683 |   0.70625 |  6.517E+13 |  1.000E+00 |  3.307E-13 |  3.820E-14 |   55253.77 |   55253.77 |   |
249.53683 |   0.70625 |  2.498E+13 |  1.000E+00 |  2.916E-13 |  0.000E+00 |   55253.77 |   55253.77 | UL|
249.53683 |   0.70625 |  1.363E+13 |  1.000E+00 |  8.558E-13 |  0.000E+00 |   55253.77 |   55253.77 | UL|
249.53683 |   0.70625 |  8.817E+13 |  1.000E+00 |  4.488E-13 |  2.980E-14 |   55253.64 |   55253.64 |   |
249.53683 |   0.70625 |  6.517E+13 |  1.000E+00 |  3.811E-13 |  3.725E-14 |   55253.64 |   55253.64 |   |
249.53683 |   0.70625 |  8.817E+13 |  1.000E+00 |  5.120E-13 |  2.880E-14 |   55253.50 |   55253.50 |   |
249.53683 |   0.70625 |  6.517E+13 |  1.000E+00 |  3.202E-13 |  4.025E-14 |   55253.50 |   55253.50 |   |
249.53683 |   0.70625 |  2.498E+13 |  1.000E+00 |  3.535E-13 |  0.000E+00 |   55253.50 |   55253.50 | UL|
249.53683 |   0.70625 |  1.363E+13 |  1.000E+00 |  8.371E-13 |  0.000E+00 |   55253.50 |   55253.50 | UL|
249.53683 |   0.70625 |  8.817E+13 |  1.000E+00 |  5.082E-13 |  3.140E-14 |   55253.44 |   55253.44 |   |
249.53683 |   0.70625 |  6.517E+13 |  1.000E+00 |  3.397E-13 |  3.540E-14 |   55253.44 |   55253.44 |   |
249.53683 |   0.70625 |  1.363E+13 |  1.000E+00 |  9.323E-13 |  0.000E+00 |   55253.44 |   55253.44 | UL|
249.53683 |   0.70625 |  8.817E+13 |  1.000E+00 |  5.059E-13 |  2.890E-14 |   55253.37 |   55253.37 |   |
249.53683 |   0.70625 |  6.517E+13 |  1.000E+00 |  4.050E-13 |  3.885E-14 |   55253.37 |   55253.37 |   |
249.53683 |   0.70625 |  2.498E+13 |  1.000E+00 |  2.841E-13 |  0.000E+00 |   55253.37 |   55253.37 | UL|
249.53683 |   0.70625 |  1.363E+13 |  1.000E+00 |  1.304E-12 |  0.000E+00 |   55253.37 |   55253.37 | UL|
249.53683 |   0.70625 |  8.817E+13 |  1.000E+00 |  4.994E-13 |  3.360E-14 |   55253.30 |   55253.30 |   |
249.53683 |   0.70625 |  6.517E+13 |  1.000E+00 |  2.956E-13 |  3.685E-14 |   55253.30 |   55253.30 |   |
249.53683 |   0.70625 |  2.498E+13 |  1.000E+00 |  2.208E-13 |  0.000E+00 |   55253.30 |   55253.30 | UL|
249.53683 |   0.70625 |  1.363E+13 |  1.000E+00 |  1.085E-12 |  0.000E+00 |   55253.30 |   55253.30 | UL|
249.53683 |   0.70625 |  8.817E+13 |  1.000E+00 |  4.994E-13 |  2.990E-14 |   55253.24 |   55253.24 |   |
249.53683 |   0.70625 |  6.517E+13 |  1.000E+00 |  2.994E-13 |  3.595E-14 |   55253.24 |   55253.24 |   |
249.53683 |   0.70625 |  2.498E+13 |  1.000E+00 |  2.913E-13 |  0.000E+00 |   55253.24 |   55253.24 | UL|
249.53683 |   0.70625 |  1.363E+13 |  1.000E+00 |  1.635E-12 |  0.000E+00 |   55253.24 |   55253.24 | UL|
249.53683 |   0.70625 |  8.817E+13 |  1.000E+00 |  5.708E-13 |  2.995E-14 |   55253.17 |   55253.17 |   |
249.53683 |   0.70625 |  6.517E+13 |  1.000E+00 |  3.466E-13 |  3.935E-14 |   55253.17 |   55253.17 |   |
249.53683 |   0.70625 |  2.498E+13 |  1.000E+00 |  3.107E-13 |  0.000E+00 |   55253.17 |   55253.17 | UL|
249.53683 |   0.70625 |  1.363E+13 |  1.000E+00 |  1.041E-12 |  0.000E+00 |   55253.17 |   55253.17 | UL|
249.53683 |   0.70625 |  8.817E+13 |  1.000E+00 |  5.341E-13 |  3.250E-14 |   55253.11 |   55253.11 |   |
249.53683 |   0.70625 |  6.517E+13 |  1.000E+00 |  3.112E-13 |  3.995E-14 |   55253.11 |   55253.11 |   |
249.53683 |   0.70625 |  8.817E+13 |  1.000E+00 |  5.312E-13 |  3.035E-14 |   55253.04 |   55253.04 |   |
249.53683 |   0.70625 |  6.517E+13 |  1.000E+00 |  2.942E-13 |  3.725E-14 |   55253.04 |   55253.04 |   |
249.53683 |   0.70625 |  2.498E+13 |  1.000E+00 |  3.345E-13 |  0.000E+00 |   55253.04 |   55253.04 | UL|
249.53683 |   0.70625 |  1.363E+13 |  1.000E+00 |  7.819E-13 |  0.000E+00 |   55253.04 |   55253.04 | UL|
249.53683 |   0.70625 |  8.817E+13 |  1.000E+00 |  4.618E-13 |  2.935E-14 |   55252.91 |   55252.91 |   |
249.53683 |   0.70625 |  6.517E+13 |  1.000E+00 |  3.341E-13 |  3.700E-14 |   55252.91 |   55252.91 |   |
249.53683 |   0.70625 |  2.498E+13 |  1.000E+00 |  2.327E-13 |  0.000E+00 |   55252.91 |   55252.91 | UL|
249.53683 |   0.70625 |  1.363E+13 |  1.000E+00 |  1.146E-12 |  0.000E+00 |   55252.91 |   55252.91 | UL|
249.53683 |   0.70625 |  8.817E+13 |  1.000E+00 |  4.999E-13 |  3.225E-14 |   55435.33 |   55435.33 |   |
249.53683 |   0.70625 |  6.517E+13 |  1.000E+00 |  3.694E-13 |  3.920E-14 |   55435.33 |   55435.33 |   |
249.53683 |   0.70625 |  8.817E+13 |  1.000E+00 |  4.880E-13 |  3.105E-14 |   55252.78 |   55252.78 |   |
249.53683 |   0.70625 |  6.517E+13 |  1.000E+00 |  3.929E-13 |  3.440E-14 |   55252.78 |   55252.78 |   |
249.53683 |   0.70625 |  2.498E+13 |  1.000E+00 |  2.110E-13 |  0.000E+00 |   55252.78 |   55252.78 | UL|
249.53683 |   0.70625 |  1.363E+13 |  1.000E+00 |  9.916E-13 |  0.000E+00 |   55252.78 |   55252.78 | UL|
249.53683 |   0.70625 |  4.455E+14 |  1.000E+00 |  6.029E-13 |  0.000E+00 |   55000.00 |   55000.00 |   |
249.53683 |   0.70625 |  6.813E+14 |  1.000E+00 |  3.696E-13 |  1.525E-13 |   55000.00 |   55000.00 |   |
249.53683 |   0.70625 |  6.233E+14 |  1.000E+00 |  9.082E-13 |  5.000E-16 |   55000.00 |   55000.00 |   |
249.53683 |   0.70625 |  4.859E+14 |  1.000E+00 |  5.993E-13 |  7.400E-15 |   55000.00 |   55000.00 |   |
249.53683 |   0.70625 |  3.987E+14 |  1.000E+00 |  8.523E-13 |  1.350E-14 |   55000.00 |   55000.00 |   |
249.53683 |   0.70625 |  3.462E+14 |  1.000E+00 |  6.749E-13 |  1.200E-14 |   55000.00 |   55000.00 |   |
249.53683 |   0.70625 |  3.116E+14 |  1.000E+00 |  9.016E-13 |  1.520E-14 |   55000.00 |   55000.00 |   |
249.53683 |   0.70625 |  8.402E+14 |  1.000E+00 |  4.488E-13 |  1.655E-14 |   55000.00 |   55000.00 |   |
249.53683 |   0.70625 |  6.443E+14 |  1.000E+00 |  4.572E-13 |  5.450E-15 |   55000.00 |   55000.00 |   |
249.53683 |   0.70625 |  4.876E+14 |  1.000E+00 |  4.671E-13 |  5.200E-15 |   55000.00 |   55000.00 |   |
249.53683 |   0.70625 |  4.014E+14 |  1.000E+00 |  5.015E-13 |  6.200E-15 |   55000.00 |   55000.00 |   |
249.53683 |   0.70625 |  3.382E+14 |  1.000E+00 |  5.103E-13 |  1.550E-14 |   55000.00 |   55000.00 |   |
249.53683 |   0.70625 |  1.948E+15 |  1.000E+00 |  3.922E-13 |  9.235E-14 |   55000.00 |   55000.00 |   |
249.53683 |   0.70625 |  1.295E+15 |  1.000E+00 |  3.696E-13 |  3.810E-14 |   55000.00 |   55000.00 |   |
249.53683 |   0.70625 |  2.418E+23 |  1.000E+00 |  7.304E-14 |  3.645E-14 |   55000.00 |   55000.00 |   |
249.53683 |   0.70625 |  4.110E+23 |  1.000E+00 |  1.242E-13 |  8.378E-14 |   55000.00 |   55000.00 |   |
249.53683 |   0.70625 |  7.254E+23 |  1.000E+00 |  1.934E-13 |  6.500E-14 |   55000.00 |   55000.00 |   |
249.53683 |   0.70625 |  1.209E+24 |  1.000E+00 |  2.264E-13 |  7.310E-14 |   55000.00 |   55000.00 |   |
249.53683 |   0.70625 |  2.418E+24 |  1.000E+00 |  3.225E-13 |  9.430E-14 |   55000.00 |   55000.00 |   |
249.53683 |   0.70625 |  4.111E+24 |  1.000E+00 |  3.884E-13 |  1.122E-13 |   55000.00 |   55000.00 |   |
249.53683 |   0.70625 |  7.254E+24 |  1.000E+00 |  3.607E-13 |  1.346E-13 |   55000.00 |   55000.00 |   |
249.53683 |   0.70625 |  1.209E+25 |  1.000E+00 |  3.546E-13 |  1.469E-13 |   55000.00 |   55000.00 |   |
249.53683 |   0.70625 |  2.418E+25 |  1.000E+00 |  3.880E-13 |  0.000E+00 |   55000.00 |   55000.00 | UL|
249.53683 |   0.70625 |  4.110E+25 |  1.000E+00 |  6.250E-13 |  0.000E+00 |   55000.00 |   55000.00 | UL|
249.53683 |   0.70625 |  2.418E+23 |  1.000E+00 |  1.293E-13 |  3.798E-14 |   55000.00 |   55000.00 |   |
249.53683 |   0.70625 |  1.813E+22 |  1.000E+00 |  6.838E-12 |  0.000E+00 |   55000.00 |   55000.00 | UL|
249.53683 |   0.70625 |  4.835E+22 |  1.000E+00 |  1.001E-12 |  0.000E+00 |   55000.00 |   55000.00 | UL|
249.53683 |   0.70625 |  1.451E+23 |  1.000E+00 |  4.290E-13 |  0.000E+00 |   55000.00 |   55000.00 | UL|
249.53683 |   0.70625 |  4.835E+23 |  1.000E+00 |  2.730E-13 |  0.000E+00 |   55000.00 |   55000.00 | UL|
249.53683 |   0.70625 |  1.451E+24 |  1.000E+00 |  3.414E-13 |  1.115E-13 |   55000.00 |   55000.00 |   |
249.53683 |   0.70625 |  4.835E+24 |  1.000E+00 |  3.251E-13 |  1.626E-13 |   55000.00 |   55000.00 |   |
249.53683 |   0.70625 |  1.451E+25 |  1.000E+00 |  3.782E-13 |  2.851E-13 |   55000.00 |   55000.00 |   |
249.53683 |   0.70625 |  1.451E+26 |  1.000E+00 |  6.657E-13 |  5.214E-13 |   55000.00 |   55000.00 |   |
