265.29873 |  57.63685 |  1.400E+09 |  1.000E+00 |  2.733E-16 |  2.100E-18 |   55000.00 |   55000.00 |   |
265.29873 |  57.63685 |  2.418E+17 |  1.000E+00 |  1.909E-13 |  4.770E-14 |   55000.00 |   55000.00 |   |
265.29873 |  57.63685 |  1.400E+09 |  1.000E+00 |  2.618E-16 |  9.800E-18 |   55000.00 |   55000.00 |   |
265.29873 |  57.63685 |  3.000E+09 |  1.000E+00 |  3.669E-16 |  7.700E-18 |   55000.00 |   55000.00 |   |
265.29873 |  57.63685 |  1.500E+08 |  1.000E+00 |  5.175E-17 |  6.750E-18 |   55000.00 |   55000.00 |   |
265.29873 |  57.63685 |  8.817E+13 |  1.000E+00 |  4.041E-13 |  1.005E-14 |   55000.00 |   55000.00 |   |
265.29873 |  57.63685 |  6.517E+13 |  1.000E+00 |  3.044E-13 |  8.700E-15 |   55000.00 |   55000.00 |   |
265.29873 |  57.63685 |  2.498E+13 |  1.000E+00 |  1.483E-13 |  1.890E-14 |   55000.00 |   55000.00 |   |
265.29873 |  57.63685 |  1.363E+13 |  1.000E+00 |  3.025E-13 |  0.000E+00 |   55000.00 |   55000.00 | UL|
265.29873 |  57.63685 |  8.817E+13 |  1.000E+00 |  4.678E-13 |  2.890E-14 |   55256.87 |   55256.87 |   |
265.29873 |  57.63685 |  6.517E+13 |  1.000E+00 |  3.573E-13 |  3.760E-14 |   55256.87 |   55256.87 |   |
265.29873 |  57.63685 |  2.498E+13 |  1.000E+00 |  3.076E-13 |  0.000E+00 |   55256.87 |   55256.87 | UL|
265.29873 |  57.63685 |  1.363E+13 |  1.000E+00 |  9.531E-13 |  0.000E+00 |   55256.87 |   55256.87 | UL|
265.29873 |  57.63685 |  8.817E+13 |  1.000E+00 |  3.585E-13 |  2.745E-14 |   55257.46 |   55257.46 |   |
265.29873 |  57.63685 |  6.517E+13 |  1.000E+00 |  2.891E-13 |  3.150E-14 |   55257.46 |   55257.46 |   |
265.29873 |  57.63685 |  2.498E+13 |  1.000E+00 |  2.800E-13 |  0.000E+00 |   55257.46 |   55257.46 | UL|
265.29873 |  57.63685 |  1.363E+13 |  1.000E+00 |  8.978E-13 |  0.000E+00 |   55257.46 |   55257.46 | UL|
265.29873 |  57.63685 |  8.817E+13 |  1.000E+00 |  4.730E-13 |  2.570E-14 |   55258.98 |   55258.98 |   |
265.29873 |  57.63685 |  6.517E+13 |  1.000E+00 |  2.346E-13 |  3.930E-14 |   55258.98 |   55258.98 |   |
265.29873 |  57.63685 |  2.498E+13 |  1.000E+00 |  3.017E-13 |  0.000E+00 |   55258.98 |   55258.98 | UL|
265.29873 |  57.63685 |  1.363E+13 |  1.000E+00 |  7.776E-13 |  0.000E+00 |   55258.98 |   55258.98 | UL|
265.29873 |  57.63685 |  8.817E+13 |  1.000E+00 |  4.063E-13 |  2.625E-14 |   55259.05 |   55259.05 |   |
265.29873 |  57.63685 |  6.517E+13 |  1.000E+00 |  3.298E-13 |  3.285E-14 |   55259.05 |   55259.05 |   |
265.29873 |  57.63685 |  2.498E+13 |  1.000E+00 |  2.821E-13 |  0.000E+00 |   55259.05 |   55259.05 | UL|
265.29873 |  57.63685 |  1.363E+13 |  1.000E+00 |  7.783E-13 |  0.000E+00 |   55259.05 |   55259.05 | UL|
265.29873 |  57.63685 |  8.817E+13 |  1.000E+00 |  5.120E-13 |  2.925E-14 |   55259.25 |   55259.25 |   |
265.29873 |  57.63685 |  6.517E+13 |  1.000E+00 |  3.086E-13 |  2.965E-14 |   55259.25 |   55259.25 |   |
265.29873 |  57.63685 |  2.498E+13 |  1.000E+00 |  4.516E-13 |  0.000E+00 |   55259.25 |   55259.25 | UL|
265.29873 |  57.63685 |  1.363E+13 |  1.000E+00 |  8.203E-13 |  0.000E+00 |   55259.25 |   55259.25 | UL|
265.29873 |  57.63685 |  8.817E+13 |  1.000E+00 |  4.769E-13 |  2.815E-14 |   55259.38 |   55259.38 |   |
265.29873 |  57.63685 |  6.517E+13 |  1.000E+00 |  2.942E-13 |  3.150E-14 |   55259.38 |   55259.38 |   |
265.29873 |  57.63685 |  2.498E+13 |  1.000E+00 |  3.388E-13 |  0.000E+00 |   55259.38 |   55259.38 | UL|
265.29873 |  57.63685 |  1.363E+13 |  1.000E+00 |  1.142E-12 |  0.000E+00 |   55259.38 |   55259.38 | UL|
265.29873 |  57.63685 |  8.817E+13 |  1.000E+00 |  4.258E-13 |  3.065E-14 |   55259.52 |   55259.52 |   |
265.29873 |  57.63685 |  6.517E+13 |  1.000E+00 |  3.690E-13 |  3.610E-14 |   55259.52 |   55259.52 |   |
265.29873 |  57.63685 |  2.498E+13 |  1.000E+00 |  3.630E-13 |  1.170E-13 |   55259.52 |   55259.52 |   |
265.29873 |  57.63685 |  1.363E+13 |  1.000E+00 |  9.453E-13 |  3.967E-13 |   55259.52 |   55259.52 |   |
265.29873 |  57.63685 |  8.817E+13 |  1.000E+00 |  4.318E-13 |  2.585E-14 |   55259.64 |   55259.64 |   |
265.29873 |  57.63685 |  6.517E+13 |  1.000E+00 |  3.199E-13 |  3.305E-14 |   55259.64 |   55259.64 |   |
265.29873 |  57.63685 |  2.498E+13 |  1.000E+00 |  2.114E-13 |  9.955E-14 |   55259.64 |   55259.64 |   |
265.29873 |  57.63685 |  1.363E+13 |  1.000E+00 |  7.662E-13 |  0.000E+00 |   55259.64 |   55259.64 | UL|
265.29873 |  57.63685 |  8.817E+13 |  1.000E+00 |  4.302E-13 |  2.660E-14 |   55259.91 |   55259.91 |   |
265.29873 |  57.63685 |  6.517E+13 |  1.000E+00 |  3.656E-13 |  3.270E-14 |   55259.91 |   55259.91 |   |
265.29873 |  57.63685 |  2.498E+13 |  1.000E+00 |  3.413E-13 |  0.000E+00 |   55259.91 |   55259.91 | UL|
265.29873 |  57.63685 |  1.363E+13 |  1.000E+00 |  1.003E-12 |  0.000E+00 |   55259.91 |   55259.91 | UL|
265.29873 |  57.63685 |  8.817E+13 |  1.000E+00 |  4.521E-13 |  2.625E-14 |   55257.53 |   55257.53 |   |
265.29873 |  57.63685 |  6.517E+13 |  1.000E+00 |  2.950E-13 |  3.680E-14 |   55257.53 |   55257.53 |   |
265.29873 |  57.63685 |  2.498E+13 |  1.000E+00 |  3.338E-13 |  0.000E+00 |   55257.53 |   55257.53 | UL|
265.29873 |  57.63685 |  1.363E+13 |  1.000E+00 |  1.228E-12 |  0.000E+00 |   55257.53 |   55257.53 | UL|
265.29873 |  57.63685 |  8.817E+13 |  1.000E+00 |  4.196E-13 |  2.860E-14 |   55257.59 |   55257.59 |   |
265.29873 |  57.63685 |  6.517E+13 |  1.000E+00 |  3.372E-13 |  3.200E-14 |   55257.59 |   55257.59 |   |
265.29873 |  57.63685 |  2.498E+13 |  1.000E+00 |  2.997E-13 |  8.965E-14 |   55257.59 |   55257.59 |   |
265.29873 |  57.63685 |  1.363E+13 |  1.000E+00 |  7.125E-13 |  0.000E+00 |   55257.59 |   55257.59 | UL|
265.29873 |  57.63685 |  8.817E+13 |  1.000E+00 |  5.186E-13 |  2.820E-14 |   55257.66 |   55257.66 |   |
265.29873 |  57.63685 |  6.517E+13 |  1.000E+00 |  3.226E-13 |  3.905E-14 |   55257.66 |   55257.66 |   |
265.29873 |  57.63685 |  2.498E+13 |  1.000E+00 |  4.168E-13 |  1.099E-13 |   55257.66 |   55257.66 |   |
265.29873 |  57.63685 |  1.363E+13 |  1.000E+00 |  9.401E-13 |  0.000E+00 |   55257.66 |   55257.66 | UL|
265.29873 |  57.63685 |  8.817E+13 |  1.000E+00 |  4.235E-13 |  2.850E-14 |   55257.73 |   55257.73 |   |
265.29873 |  57.63685 |  6.517E+13 |  1.000E+00 |  2.953E-13 |  2.970E-14 |   55257.73 |   55257.73 |   |
265.29873 |  57.63685 |  2.498E+13 |  1.000E+00 |  1.804E-13 |  0.000E+00 |   55257.73 |   55257.73 | UL|
265.29873 |  57.63685 |  1.363E+13 |  1.000E+00 |  8.511E-13 |  0.000E+00 |   55257.73 |   55257.73 | UL|
265.29873 |  57.63685 |  8.817E+13 |  1.000E+00 |  4.362E-13 |  3.140E-14 |   55257.79 |   55257.79 |   |
265.29873 |  57.63685 |  6.517E+13 |  1.000E+00 |  3.199E-13 |  3.630E-14 |   55257.79 |   55257.79 |   |
265.29873 |  57.63685 |  2.498E+13 |  1.000E+00 |  3.047E-13 |  0.000E+00 |   55257.79 |   55257.79 | UL|
265.29873 |  57.63685 |  1.363E+13 |  1.000E+00 |  1.150E-12 |  0.000E+00 |   55257.79 |   55257.79 | UL|
265.29873 |  57.63685 |  8.817E+13 |  1.000E+00 |  4.382E-13 |  2.745E-14 |   55257.93 |   55257.93 |   |
265.29873 |  57.63685 |  6.517E+13 |  1.000E+00 |  3.482E-13 |  3.275E-14 |   55257.93 |   55257.93 |   |
265.29873 |  57.63685 |  2.498E+13 |  1.000E+00 |  2.185E-13 |  0.000E+00 |   55257.93 |   55257.93 | UL|
265.29873 |  57.63685 |  1.363E+13 |  1.000E+00 |  1.294E-12 |  0.000E+00 |   55257.93 |   55257.93 | UL|
265.29873 |  57.63685 |  8.817E+13 |  1.000E+00 |  3.621E-13 |  2.570E-14 |   55258.06 |   55258.06 |   |
265.29873 |  57.63685 |  6.517E+13 |  1.000E+00 |  2.953E-13 |  3.350E-14 |   55258.06 |   55258.06 |   |
265.29873 |  57.63685 |  2.498E+13 |  1.000E+00 |  2.228E-13 |  0.000E+00 |   55258.06 |   55258.06 | UL|
265.29873 |  57.63685 |  1.363E+13 |  1.000E+00 |  8.173E-13 |  0.000E+00 |   55258.06 |   55258.06 | UL|
265.29873 |  57.63685 |  8.817E+13 |  1.000E+00 |  3.905E-13 |  2.555E-14 |   55258.19 |   55258.19 |   |
265.29873 |  57.63685 |  6.517E+13 |  1.000E+00 |  3.353E-13 |  3.650E-14 |   55258.19 |   55258.19 |   |
265.29873 |  57.63685 |  2.498E+13 |  1.000E+00 |  1.999E-13 |  9.735E-14 |   55258.19 |   55258.19 |   |
265.29873 |  57.63685 |  1.363E+13 |  1.000E+00 |  1.383E-12 |  3.670E-13 |   55258.19 |   55258.19 |   |
265.29873 |  57.63685 |  8.817E+13 |  1.000E+00 |  4.476E-13 |  2.805E-14 |   55258.26 |   55258.26 |   |
265.29873 |  57.63685 |  6.517E+13 |  1.000E+00 |  3.095E-13 |  3.430E-14 |   55258.26 |   55258.26 |   |
265.29873 |  57.63685 |  2.498E+13 |  1.000E+00 |  2.627E-13 |  0.000E+00 |   55258.26 |   55258.26 | UL|
265.29873 |  57.63685 |  1.363E+13 |  1.000E+00 |  8.225E-13 |  0.000E+00 |   55258.26 |   55258.26 | UL|
265.29873 |  57.63685 |  8.817E+13 |  1.000E+00 |  4.525E-13 |  2.670E-14 |   55258.32 |   55258.32 |   |
265.29873 |  57.63685 |  6.517E+13 |  1.000E+00 |  3.473E-13 |  3.140E-14 |   55258.32 |   55258.32 |   |
265.29873 |  57.63685 |  2.498E+13 |  1.000E+00 |  2.074E-13 |  9.805E-14 |   55258.32 |   55258.32 |   |
265.29873 |  57.63685 |  1.363E+13 |  1.000E+00 |  8.340E-13 |  0.000E+00 |   55258.32 |   55258.32 | UL|
265.29873 |  57.63685 |  8.817E+13 |  1.000E+00 |  4.431E-13 |  2.775E-14 |   55258.39 |   55258.39 |   |
265.29873 |  57.63685 |  6.517E+13 |  1.000E+00 |  3.022E-13 |  3.095E-14 |   55258.39 |   55258.39 |   |
265.29873 |  57.63685 |  2.498E+13 |  1.000E+00 |  3.379E-13 |  9.485E-14 |   55258.39 |   55258.39 |   |
265.29873 |  57.63685 |  1.363E+13 |  1.000E+00 |  8.464E-13 |  0.000E+00 |   55258.39 |   55258.39 | UL|
265.29873 |  57.63685 |  8.817E+13 |  1.000E+00 |  4.165E-13 |  2.765E-14 |   55258.46 |   55258.46 |   |
265.29873 |  57.63685 |  6.517E+13 |  1.000E+00 |  2.953E-13 |  3.160E-14 |   55258.46 |   55258.46 |   |
265.29873 |  57.63685 |  2.498E+13 |  1.000E+00 |  2.632E-13 |  0.000E+00 |   55258.46 |   55258.46 | UL|
265.29873 |  57.63685 |  1.363E+13 |  1.000E+00 |  1.144E-12 |  3.639E-13 |   55258.46 |   55258.46 |   |
265.29873 |  57.63685 |  8.817E+13 |  1.000E+00 |  3.938E-13 |  2.650E-14 |   55258.52 |   55258.52 |   |
265.29873 |  57.63685 |  6.517E+13 |  1.000E+00 |  3.262E-13 |  3.315E-14 |   55258.52 |   55258.52 |   |
265.29873 |  57.63685 |  2.498E+13 |  1.000E+00 |  2.331E-13 |  0.000E+00 |   55258.52 |   55258.52 | UL|
265.29873 |  57.63685 |  1.363E+13 |  1.000E+00 |  1.199E-12 |  0.000E+00 |   55258.52 |   55258.52 | UL|
265.29873 |  57.63685 |  8.817E+13 |  1.000E+00 |  4.534E-13 |  2.800E-14 |   55258.59 |   55258.59 |   |
265.29873 |  57.63685 |  6.517E+13 |  1.000E+00 |  3.403E-13 |  3.330E-14 |   55258.59 |   55258.59 |   |
265.29873 |  57.63685 |  8.817E+13 |  1.000E+00 |  4.783E-13 |  2.735E-14 |   55258.72 |   55258.72 |   |
265.29873 |  57.63685 |  6.517E+13 |  1.000E+00 |  3.583E-13 |  3.405E-14 |   55258.72 |   55258.72 |   |
265.29873 |  57.63685 |  2.498E+13 |  1.000E+00 |  2.584E-13 |  1.027E-13 |   55258.72 |   55258.72 |   |
265.29873 |  57.63685 |  1.363E+13 |  1.000E+00 |  8.789E-13 |  0.000E+00 |   55258.72 |   55258.72 | UL|
265.29873 |  57.63685 |  8.817E+13 |  1.000E+00 |  4.525E-13 |  2.715E-14 |   55258.85 |   55258.85 |   |
265.29873 |  57.63685 |  6.517E+13 |  1.000E+00 |  3.055E-13 |  3.525E-14 |   55258.85 |   55258.85 |   |
265.29873 |  57.63685 |  2.498E+13 |  1.000E+00 |  3.464E-13 |  0.000E+00 |   55258.85 |   55258.85 | UL|
265.29873 |  57.63685 |  1.363E+13 |  1.000E+00 |  1.329E-12 |  0.000E+00 |   55258.85 |   55258.85 | UL|
265.29873 |  57.63685 |  8.817E+13 |  1.000E+00 |  4.398E-13 |  2.840E-14 |   55257.00 |   55257.00 |   |
265.29873 |  57.63685 |  6.517E+13 |  1.000E+00 |  3.759E-13 |  3.465E-14 |   55257.00 |   55257.00 |   |
265.29873 |  57.63685 |  2.498E+13 |  1.000E+00 |  2.561E-13 |  1.159E-13 |   55257.00 |   55257.00 |   |
265.29873 |  57.63685 |  1.363E+13 |  1.000E+00 |  9.981E-13 |  0.000E+00 |   55257.00 |   55257.00 | UL|
265.29873 |  57.63685 |  8.817E+13 |  1.000E+00 |  4.101E-13 |  2.910E-14 |   55257.27 |   55257.27 |   |
265.29873 |  57.63685 |  6.517E+13 |  1.000E+00 |  4.031E-13 |  3.530E-14 |   55257.27 |   55257.27 |   |
265.29873 |  57.63685 |  2.498E+13 |  1.000E+00 |  3.293E-13 |  0.000E+00 |   55257.27 |   55257.27 | UL|
265.29873 |  57.63685 |  1.363E+13 |  1.000E+00 |  1.079E-12 |  0.000E+00 |   55257.27 |   55257.27 | UL|
265.29873 |  57.63685 |  8.817E+13 |  1.000E+00 |  4.418E-13 |  2.975E-14 |   55257.40 |   55257.40 |   |
265.29873 |  57.63685 |  6.517E+13 |  1.000E+00 |  3.092E-13 |  3.310E-14 |   55257.40 |   55257.40 |   |
265.29873 |  57.63685 |  2.498E+13 |  1.000E+00 |  3.419E-13 |  0.000E+00 |   55257.40 |   55257.40 | UL|
265.29873 |  57.63685 |  1.363E+13 |  1.000E+00 |  1.259E-12 |  0.000E+00 |   55257.40 |   55257.40 | UL|
265.29873 |  57.63685 |  8.817E+13 |  1.000E+00 |  4.691E-13 |  2.725E-14 |   55258.92 |   55258.92 |   |
265.29873 |  57.63685 |  6.517E+13 |  1.000E+00 |  3.179E-13 |  3.285E-14 |   55258.92 |   55258.92 |   |
265.29873 |  57.63685 |  2.498E+13 |  1.000E+00 |  3.674E-13 |  9.825E-14 |   55258.92 |   55258.92 |   |
265.29873 |  57.63685 |  1.363E+13 |  1.000E+00 |  7.550E-13 |  0.000E+00 |   55258.92 |   55258.92 | UL|
265.29873 |  57.63685 |  8.817E+13 |  1.000E+00 |  3.841E-13 |  3.045E-14 |   55439.38 |   55439.38 |   |
265.29873 |  57.63685 |  6.517E+13 |  1.000E+00 |  2.799E-13 |  3.385E-14 |   55439.38 |   55439.38 |   |
265.29873 |  57.63685 |  8.817E+13 |  1.000E+00 |  4.188E-13 |  2.700E-14 |   55260.84 |   55260.84 |   |
265.29873 |  57.63685 |  6.517E+13 |  1.000E+00 |  3.304E-13 |  3.200E-14 |   55260.84 |   55260.84 |   |
265.29873 |  57.63685 |  2.498E+13 |  1.000E+00 |  2.813E-13 |  0.000E+00 |   55260.84 |   55260.84 | UL|
265.29873 |  57.63685 |  1.363E+13 |  1.000E+00 |  1.813E-12 |  0.000E+00 |   55260.84 |   55260.84 | UL|
265.29873 |  57.63685 |  8.817E+13 |  1.000E+00 |  3.189E-13 |  3.415E-14 |   55439.64 |   55439.64 |   |
265.29873 |  57.63685 |  6.517E+13 |  1.000E+00 |  2.728E-13 |  3.400E-14 |   55439.64 |   55439.64 |   |
265.29873 |  57.63685 |  8.817E+13 |  1.000E+00 |  3.635E-13 |  2.815E-14 |   55439.77 |   55439.77 |   |
265.29873 |  57.63685 |  6.517E+13 |  1.000E+00 |  3.036E-13 |  3.475E-14 |   55439.77 |   55439.77 |   |
265.29873 |  57.63685 |  8.817E+13 |  1.000E+00 |  3.645E-13 |  2.855E-14 |   55439.91 |   55439.91 |   |
265.29873 |  57.63685 |  6.517E+13 |  1.000E+00 |  4.798E-13 |  3.450E-14 |   55439.91 |   55439.91 |   |
265.29873 |  57.63685 |  8.817E+13 |  1.000E+00 |  3.380E-13 |  2.930E-14 |   55440.04 |   55440.04 |   |
265.29873 |  57.63685 |  6.517E+13 |  1.000E+00 |  2.603E-13 |  3.170E-14 |   55440.04 |   55440.04 |   |
265.29873 |  57.63685 |  8.817E+13 |  1.000E+00 |  3.841E-13 |  2.975E-14 |   55440.17 |   55440.17 |   |
265.29873 |  57.63685 |  6.517E+13 |  1.000E+00 |  3.072E-13 |  3.345E-14 |   55440.17 |   55440.17 |   |
265.29873 |  57.63685 |  8.817E+13 |  1.000E+00 |  3.799E-13 |  3.085E-14 |   55440.30 |   55440.30 |   |
265.29873 |  57.63685 |  6.517E+13 |  1.000E+00 |  3.058E-13 |  3.385E-14 |   55440.30 |   55440.30 |   |
265.29873 |  57.63685 |  8.817E+13 |  1.000E+00 |  3.266E-13 |  2.715E-14 |   55440.30 |   55440.30 |   |
265.29873 |  57.63685 |  6.517E+13 |  1.000E+00 |  3.033E-13 |  3.190E-14 |   55440.30 |   55440.30 |   |
265.29873 |  57.63685 |  8.817E+13 |  1.000E+00 |  3.568E-13 |  2.795E-14 |   55440.43 |   55440.43 |   |
265.29873 |  57.63685 |  6.517E+13 |  1.000E+00 |  3.002E-13 |  3.350E-14 |   55440.43 |   55440.43 |   |
265.29873 |  57.63685 |  8.817E+13 |  1.000E+00 |  4.212E-13 |  2.875E-14 |   55440.57 |   55440.57 |   |
265.29873 |  57.63685 |  6.517E+13 |  1.000E+00 |  3.124E-13 |  3.230E-14 |   55440.57 |   55440.57 |   |
265.29873 |  57.63685 |  8.817E+13 |  1.000E+00 |  3.971E-13 |  2.815E-14 |   55440.70 |   55440.70 |   |
265.29873 |  57.63685 |  6.517E+13 |  1.000E+00 |  3.013E-13 |  3.530E-14 |   55440.70 |   55440.70 |   |
265.29873 |  57.63685 |  8.817E+13 |  1.000E+00 |  3.458E-13 |  2.840E-14 |   55440.83 |   55440.83 |   |
265.29873 |  57.63685 |  6.517E+13 |  1.000E+00 |  2.352E-13 |  3.240E-14 |   55440.83 |   55440.83 |   |
265.29873 |  57.63685 |  8.817E+13 |  1.000E+00 |  3.510E-13 |  2.980E-14 |   55440.96 |   55440.96 |   |
265.29873 |  57.63685 |  6.517E+13 |  1.000E+00 |  2.155E-13 |  3.185E-14 |   55440.96 |   55440.96 |   |
265.29873 |  57.63685 |  8.817E+13 |  1.000E+00 |  3.386E-13 |  3.090E-14 |   55441.10 |   55441.10 |   |
265.29873 |  57.63685 |  6.517E+13 |  1.000E+00 |  2.625E-13 |  3.175E-14 |   55441.10 |   55441.10 |   |
265.29873 |  57.63685 |  8.817E+13 |  1.000E+00 |  4.505E-13 |  2.985E-14 |   55441.10 |   55441.10 |   |
265.29873 |  57.63685 |  6.517E+13 |  1.000E+00 |  2.189E-13 |  6.000E-14 |   55441.10 |   55441.10 |   |
265.29873 |  57.63685 |  8.817E+13 |  1.000E+00 |  4.074E-13 |  3.045E-14 |   55441.23 |   55441.23 |   |
265.29873 |  57.63685 |  6.517E+13 |  1.000E+00 |  2.490E-13 |  3.430E-14 |   55441.23 |   55441.23 |   |
265.29873 |  57.63685 |  8.817E+13 |  1.000E+00 |  3.376E-13 |  2.895E-14 |   55441.36 |   55441.36 |   |
265.29873 |  57.63685 |  6.517E+13 |  1.000E+00 |  2.686E-13 |  3.400E-14 |   55441.36 |   55441.36 |   |
265.29873 |  57.63685 |  8.817E+13 |  1.000E+00 |  4.154E-13 |  2.835E-14 |   55441.49 |   55441.49 |   |
265.29873 |  57.63685 |  6.517E+13 |  1.000E+00 |  2.584E-13 |  3.505E-14 |   55441.49 |   55441.49 |   |
265.29873 |  57.63685 |  8.817E+13 |  1.000E+00 |  3.455E-13 |  2.770E-14 |   55441.62 |   55441.62 |   |
265.29873 |  57.63685 |  6.517E+13 |  1.000E+00 |  3.098E-13 |  3.430E-14 |   55441.62 |   55441.62 |   |
265.29873 |  57.63685 |  8.817E+13 |  1.000E+00 |  3.971E-13 |  2.855E-14 |   55441.76 |   55441.76 |   |
265.29873 |  57.63685 |  6.517E+13 |  1.000E+00 |  2.434E-13 |  3.285E-14 |   55441.76 |   55441.76 |   |
265.29873 |  57.63685 |  8.817E+13 |  1.000E+00 |  3.079E-13 |  2.925E-14 |   55441.89 |   55441.89 |   |
265.29873 |  57.63685 |  6.517E+13 |  1.000E+00 |  2.558E-13 |  3.210E-14 |   55441.89 |   55441.89 |   |
265.29873 |  57.63685 |  8.817E+13 |  1.000E+00 |  2.887E-13 |  3.730E-14 |   55441.89 |   55441.89 |   |
265.29873 |  57.63685 |  6.517E+13 |  1.000E+00 |  2.622E-13 |  3.340E-14 |   55441.89 |   55441.89 |   |
265.29873 |  57.63685 |  8.817E+13 |  1.000E+00 |  3.605E-13 |  2.760E-14 |   55442.02 |   55442.02 |   |
265.29873 |  57.63685 |  6.517E+13 |  1.000E+00 |  3.238E-13 |  3.375E-14 |   55442.02 |   55442.02 |   |
265.29873 |  57.63685 |  8.817E+13 |  1.000E+00 |  4.135E-13 |  2.975E-14 |   55442.16 |   55442.16 |   |
265.29873 |  57.63685 |  6.517E+13 |  1.000E+00 |  2.743E-13 |  3.220E-14 |   55442.16 |   55442.16 |   |
265.29873 |  57.63685 |  8.817E+13 |  1.000E+00 |  3.358E-13 |  2.910E-14 |   55442.29 |   55442.29 |   |
265.29873 |  57.63685 |  6.517E+13 |  1.000E+00 |  2.825E-13 |  3.285E-14 |   55442.29 |   55442.29 |   |
265.29873 |  57.63685 |  8.817E+13 |  1.000E+00 |  4.033E-13 |  3.050E-14 |   55442.42 |   55442.42 |   |
265.29873 |  57.63685 |  6.517E+13 |  1.000E+00 |  2.799E-13 |  3.360E-14 |   55442.42 |   55442.42 |   |
265.29873 |  57.63685 |  8.817E+13 |  1.000E+00 |  3.163E-13 |  3.885E-14 |   55442.55 |   55442.55 |   |
265.29873 |  57.63685 |  6.517E+13 |  1.000E+00 |  2.661E-13 |  3.315E-14 |   55442.55 |   55442.55 |   |
265.29873 |  57.63685 |  8.817E+13 |  1.000E+00 |  4.169E-13 |  3.075E-14 |   55442.68 |   55442.68 |   |
265.29873 |  57.63685 |  6.517E+13 |  1.000E+00 |  2.420E-13 |  4.825E-14 |   55442.68 |   55442.68 |   |
265.29873 |  57.63685 |  8.817E+13 |  1.000E+00 |  3.154E-13 |  3.145E-14 |   55442.68 |   55442.68 |   |
265.29873 |  57.63685 |  6.517E+13 |  1.000E+00 |  2.488E-13 |  3.400E-14 |   55442.68 |   55442.68 |   |
265.29873 |  57.63685 |  8.817E+13 |  1.000E+00 |  4.484E-13 |  2.730E-14 |   55260.97 |   55260.97 |   |
265.29873 |  57.63685 |  6.517E+13 |  1.000E+00 |  3.217E-13 |  3.535E-14 |   55260.97 |   55260.97 |   |
265.29873 |  57.63685 |  2.498E+13 |  1.000E+00 |  2.099E-13 |  9.540E-14 |   55260.97 |   55260.97 |   |
265.29873 |  57.63685 |  1.363E+13 |  1.000E+00 |  1.311E-12 |  0.000E+00 |   55260.97 |   55260.97 | UL|
265.29873 |  57.63685 |  8.817E+13 |  1.000E+00 |  4.266E-13 |  2.990E-14 |   55261.30 |   55261.30 |   |
265.29873 |  57.63685 |  6.517E+13 |  1.000E+00 |  2.988E-13 |  3.030E-14 |   55261.30 |   55261.30 |   |
265.29873 |  57.63685 |  2.498E+13 |  1.000E+00 |  2.699E-13 |  0.000E+00 |   55261.30 |   55261.30 | UL|
265.29873 |  57.63685 |  1.363E+13 |  1.000E+00 |  9.470E-13 |  0.000E+00 |   55261.30 |   55261.30 | UL|
265.29873 |  57.63685 |  8.817E+13 |  1.000E+00 |  4.116E-13 |  2.730E-14 |   55262.69 |   55262.69 |   |
265.29873 |  57.63685 |  6.517E+13 |  1.000E+00 |  2.789E-13 |  3.555E-14 |   55262.69 |   55262.69 |   |
265.29873 |  57.63685 |  2.498E+13 |  1.000E+00 |  2.734E-13 |  9.550E-14 |   55262.69 |   55262.69 |   |
265.29873 |  57.63685 |  1.363E+13 |  1.000E+00 |  7.592E-13 |  0.000E+00 |   55262.69 |   55262.69 | UL|
265.29873 |  57.63685 |  8.817E+13 |  1.000E+00 |  4.862E-13 |  2.825E-14 |   55262.82 |   55262.82 |   |
265.29873 |  57.63685 |  6.517E+13 |  1.000E+00 |  3.033E-13 |  3.190E-14 |   55262.82 |   55262.82 |   |
265.29873 |  57.63685 |  2.498E+13 |  1.000E+00 |  3.473E-13 |  0.000E+00 |   55262.82 |   55262.82 | UL|
265.29873 |  57.63685 |  1.363E+13 |  1.000E+00 |  1.747E-12 |  0.000E+00 |   55262.82 |   55262.82 | UL|
265.29873 |  57.63685 |  8.817E+13 |  1.000E+00 |  4.410E-13 |  2.930E-14 |   55262.95 |   55262.95 |   |
265.29873 |  57.63685 |  6.517E+13 |  1.000E+00 |  2.495E-13 |  3.390E-14 |   55262.95 |   55262.95 |   |
265.29873 |  57.63685 |  2.498E+13 |  1.000E+00 |  3.079E-13 |  0.000E+00 |   55262.95 |   55262.95 | UL|
265.29873 |  57.63685 |  1.363E+13 |  1.000E+00 |  8.188E-13 |  0.000E+00 |   55262.95 |   55262.95 | UL|
265.29873 |  57.63685 |  8.817E+13 |  1.000E+00 |  4.362E-13 |  2.850E-14 |   55262.95 |   55262.95 |   |
265.29873 |  57.63685 |  6.517E+13 |  1.000E+00 |  3.534E-13 |  3.290E-14 |   55262.95 |   55262.95 |   |
265.29873 |  57.63685 |  2.498E+13 |  1.000E+00 |  2.261E-13 |  0.000E+00 |   55262.95 |   55262.95 | UL|
265.29873 |  57.63685 |  1.363E+13 |  1.000E+00 |  1.125E-12 |  0.000E+00 |   55262.95 |   55262.95 | UL|
265.29873 |  57.63685 |  8.817E+13 |  1.000E+00 |  4.154E-13 |  2.910E-14 |   55263.22 |   55263.22 |   |
265.29873 |  57.63685 |  6.517E+13 |  1.000E+00 |  4.046E-13 |  3.395E-14 |   55263.22 |   55263.22 |   |
265.29873 |  57.63685 |  2.498E+13 |  1.000E+00 |  2.394E-13 |  0.000E+00 |   55263.22 |   55263.22 | UL|
265.29873 |  57.63685 |  1.363E+13 |  1.000E+00 |  8.378E-13 |  0.000E+00 |   55263.22 |   55263.22 | UL|
265.29873 |  57.63685 |  8.817E+13 |  1.000E+00 |  4.204E-13 |  2.750E-14 |   55263.35 |   55263.35 |   |
265.29873 |  57.63685 |  6.517E+13 |  1.000E+00 |  3.044E-13 |  3.090E-14 |   55263.35 |   55263.35 |   |
265.29873 |  57.63685 |  2.498E+13 |  1.000E+00 |  3.124E-13 |  0.000E+00 |   55263.35 |   55263.35 | UL|
265.29873 |  57.63685 |  1.363E+13 |  1.000E+00 |  1.032E-12 |  0.000E+00 |   55263.35 |   55263.35 | UL|
265.29873 |  57.63685 |  8.817E+13 |  1.000E+00 |  3.420E-13 |  2.710E-14 |   55438.19 |   55438.19 |   |
265.29873 |  57.63685 |  6.517E+13 |  1.000E+00 |  2.593E-13 |  3.210E-14 |   55438.19 |   55438.19 |   |
265.29873 |  57.63685 |  8.817E+13 |  1.000E+00 |  2.990E-13 |  2.785E-14 |   55438.32 |   55438.32 |   |
265.29873 |  57.63685 |  6.517E+13 |  1.000E+00 |  2.671E-13 |  3.110E-14 |   55438.32 |   55438.32 |   |
265.29873 |  57.63685 |  8.817E+13 |  1.000E+00 |  3.905E-13 |  2.915E-14 |   55438.45 |   55438.45 |   |
265.29873 |  57.63685 |  6.517E+13 |  1.000E+00 |  2.615E-13 |  3.235E-14 |   55438.45 |   55438.45 |   |
265.29873 |  57.63685 |  8.817E+13 |  1.000E+00 |  3.598E-13 |  3.020E-14 |   55438.58 |   55438.58 |   |
265.29873 |  57.63685 |  6.517E+13 |  1.000E+00 |  3.280E-13 |  3.480E-14 |   55438.58 |   55438.58 |   |
265.29873 |  57.63685 |  8.817E+13 |  1.000E+00 |  3.539E-13 |  2.840E-14 |   55438.58 |   55438.58 |   |
265.29873 |  57.63685 |  6.517E+13 |  1.000E+00 |  2.572E-13 |  3.255E-14 |   55438.58 |   55438.58 |   |
265.29873 |  57.63685 |  8.817E+13 |  1.000E+00 |  4.525E-13 |  6.860E-14 |   55438.71 |   55438.71 |   |
265.29873 |  57.63685 |  6.517E+13 |  1.000E+00 |  3.434E-13 |  3.425E-14 |   55438.71 |   55438.71 |   |
265.29873 |  57.63685 |  8.817E+13 |  1.000E+00 |  3.754E-13 |  2.975E-14 |   55438.85 |   55438.85 |   |
265.29873 |  57.63685 |  6.517E+13 |  1.000E+00 |  2.544E-13 |  3.125E-14 |   55438.85 |   55438.85 |   |
265.29873 |  57.63685 |  8.817E+13 |  1.000E+00 |  3.672E-13 |  2.740E-14 |   55438.98 |   55438.98 |   |
265.29873 |  57.63685 |  6.517E+13 |  1.000E+00 |  2.781E-13 |  3.210E-14 |   55438.98 |   55438.98 |   |
265.29873 |  57.63685 |  8.817E+13 |  1.000E+00 |  3.923E-13 |  2.750E-14 |   55439.11 |   55439.11 |   |
265.29873 |  57.63685 |  6.517E+13 |  1.000E+00 |  3.400E-13 |  3.700E-14 |   55439.11 |   55439.11 |   |
265.29873 |  57.63685 |  8.817E+13 |  1.000E+00 |  3.726E-13 |  2.785E-14 |   55439.25 |   55439.25 |   |
265.29873 |  57.63685 |  6.517E+13 |  1.000E+00 |  2.828E-13 |  3.155E-14 |   55439.25 |   55439.25 |   |
265.29873 |  57.63685 |  8.817E+13 |  1.000E+00 |  4.426E-13 |  3.020E-14 |   55260.04 |   55260.04 |   |
265.29873 |  57.63685 |  6.517E+13 |  1.000E+00 |  3.268E-13 |  3.225E-14 |   55260.04 |   55260.04 |   |
265.29873 |  57.63685 |  2.498E+13 |  1.000E+00 |  2.734E-13 |  0.000E+00 |   55260.04 |   55260.04 | UL|
265.29873 |  57.63685 |  1.363E+13 |  1.000E+00 |  7.719E-13 |  0.000E+00 |   55260.04 |   55260.04 | UL|
265.29873 |  57.63685 |  8.817E+13 |  1.000E+00 |  3.757E-13 |  2.945E-14 |   55260.18 |   55260.18 |   |
265.29873 |  57.63685 |  6.517E+13 |  1.000E+00 |  3.603E-13 |  3.225E-14 |   55260.18 |   55260.18 |   |
265.29873 |  57.63685 |  2.498E+13 |  1.000E+00 |  3.156E-13 |  0.000E+00 |   55260.18 |   55260.18 | UL|
265.29873 |  57.63685 |  1.363E+13 |  1.000E+00 |  1.467E-12 |  0.000E+00 |   55260.18 |   55260.18 | UL|
265.29873 |  57.63685 |  8.817E+13 |  1.000E+00 |  3.859E-13 |  2.560E-14 |   55260.31 |   55260.31 |   |
265.29873 |  57.63685 |  6.517E+13 |  1.000E+00 |  3.280E-13 |  3.450E-14 |   55260.31 |   55260.31 |   |
265.29873 |  57.63685 |  2.498E+13 |  1.000E+00 |  2.549E-13 |  0.000E+00 |   55260.31 |   55260.31 | UL|
265.29873 |  57.63685 |  1.363E+13 |  1.000E+00 |  7.592E-13 |  0.000E+00 |   55260.31 |   55260.31 | UL|
265.29873 |  57.63685 |  8.817E+13 |  1.000E+00 |  4.414E-13 |  2.810E-14 |   55260.38 |   55260.38 |   |
265.29873 |  57.63685 |  6.517E+13 |  1.000E+00 |  3.081E-13 |  3.270E-14 |   55260.38 |   55260.38 |   |
265.29873 |  57.63685 |  2.498E+13 |  1.000E+00 |  3.247E-13 |  0.000E+00 |   55260.38 |   55260.38 | UL|
265.29873 |  57.63685 |  1.363E+13 |  1.000E+00 |  1.127E-12 |  0.000E+00 |   55260.38 |   55260.38 | UL|
265.29873 |  57.63685 |  8.817E+13 |  1.000E+00 |  4.422E-13 |  3.590E-14 |   55260.44 |   55260.44 |   |
265.29873 |  57.63685 |  6.517E+13 |  1.000E+00 |  2.436E-13 |  3.780E-14 |   55260.44 |   55260.44 |   |
265.29873 |  57.63685 |  2.498E+13 |  1.000E+00 |  2.267E-13 |  1.038E-13 |   55260.44 |   55260.44 |   |
265.29873 |  57.63685 |  1.363E+13 |  1.000E+00 |  8.566E-13 |  0.000E+00 |   55260.44 |   55260.44 | UL|
265.29873 |  57.63685 |  8.817E+13 |  1.000E+00 |  3.855E-13 |  2.740E-14 |   55260.51 |   55260.51 |   |
265.29873 |  57.63685 |  6.517E+13 |  1.000E+00 |  2.490E-13 |  3.245E-14 |   55260.51 |   55260.51 |   |
265.29873 |  57.63685 |  2.498E+13 |  1.000E+00 |  2.414E-13 |  1.201E-13 |   55260.51 |   55260.51 |   |
265.29873 |  57.63685 |  1.363E+13 |  1.000E+00 |  1.005E-12 |  0.000E+00 |   55260.51 |   55260.51 | UL|
265.29873 |  57.63685 |  8.817E+13 |  1.000E+00 |  5.148E-13 |  2.945E-14 |   55260.57 |   55260.57 |   |
265.29873 |  57.63685 |  6.517E+13 |  1.000E+00 |  2.910E-13 |  3.710E-14 |   55260.57 |   55260.57 |   |
265.29873 |  57.63685 |  8.817E+13 |  1.000E+00 |  3.516E-13 |  2.625E-14 |   55260.70 |   55260.70 |   |
265.29873 |  57.63685 |  6.517E+13 |  1.000E+00 |  3.485E-13 |  3.280E-14 |   55260.70 |   55260.70 |   |
265.29873 |  57.63685 |  2.498E+13 |  1.000E+00 |  2.575E-13 |  0.000E+00 |   55260.70 |   55260.70 | UL|
265.29873 |  57.63685 |  1.363E+13 |  1.000E+00 |  7.197E-13 |  0.000E+00 |   55260.70 |   55260.70 | UL|
265.29873 |  57.63685 |  8.817E+13 |  1.000E+00 |  3.743E-13 |  2.830E-14 |   55260.70 |   55260.70 |   |
265.29873 |  57.63685 |  6.517E+13 |  1.000E+00 |  3.335E-13 |  3.355E-14 |   55260.70 |   55260.70 |   |
265.29873 |  57.63685 |  2.498E+13 |  1.000E+00 |  1.975E-13 |  9.420E-14 |   55260.70 |   55260.70 |   |
265.29873 |  57.63685 |  1.363E+13 |  1.000E+00 |  9.119E-13 |  0.000E+00 |   55260.70 |   55260.70 | UL|
265.29873 |  57.63685 |  8.817E+13 |  1.000E+00 |  3.852E-13 |  2.840E-14 |   55439.51 |   55439.51 |   |
265.29873 |  57.63685 |  6.517E+13 |  1.000E+00 |  3.441E-13 |  3.365E-14 |   55439.51 |   55439.51 |   |
265.29873 |  57.63685 |  4.455E+14 |  1.000E+00 |  4.865E-13 |  0.000E+00 |   55000.00 |   55000.00 |   |
265.29873 |  57.63685 |  6.813E+14 |  1.000E+00 |  4.442E-13 |  1.785E-13 |   55000.00 |   55000.00 |   |
265.29873 |  57.63685 |  6.233E+14 |  1.000E+00 |  5.617E-13 |  1.170E-14 |   55000.00 |   55000.00 |   |
265.29873 |  57.63685 |  4.859E+14 |  1.000E+00 |  5.506E-13 |  2.135E-14 |   55000.00 |   55000.00 |   |
265.29873 |  57.63685 |  3.987E+14 |  1.000E+00 |  5.548E-13 |  6.400E-15 |   55000.00 |   55000.00 |   |
265.29873 |  57.63685 |  3.462E+14 |  1.000E+00 |  5.790E-13 |  2.200E-14 |   55000.00 |   55000.00 |   |
265.29873 |  57.63685 |  3.116E+14 |  1.000E+00 |  5.161E-13 |  1.385E-14 |   55000.00 |   55000.00 |   |
265.29873 |  57.63685 |  8.402E+14 |  1.000E+00 |  6.837E-13 |  1.630E-14 |   55000.00 |   55000.00 |   |
265.29873 |  57.63685 |  6.443E+14 |  1.000E+00 |  6.850E-13 |  6.250E-15 |   55000.00 |   55000.00 |   |
265.29873 |  57.63685 |  4.876E+14 |  1.000E+00 |  6.861E-13 |  5.900E-15 |   55000.00 |   55000.00 |   |
265.29873 |  57.63685 |  4.014E+14 |  1.000E+00 |  6.871E-13 |  6.250E-15 |   55000.00 |   55000.00 |   |
265.29873 |  57.63685 |  3.382E+14 |  1.000E+00 |  7.360E-13 |  1.535E-14 |   55000.00 |   55000.00 |   |
265.29873 |  57.63685 |  1.948E+15 |  1.000E+00 |  8.185E-14 |  1.759E-14 |   55000.00 |   55000.00 |   |
265.29873 |  57.63685 |  1.295E+15 |  1.000E+00 |  7.544E-13 |  2.230E-14 |   55000.00 |   55000.00 |   |
265.29873 |  57.63685 |  2.418E+23 |  1.000E+00 |  2.772E-13 |  4.710E-14 |   55000.00 |   55000.00 |   |
265.29873 |  57.63685 |  1.813E+22 |  1.000E+00 |  5.743E-12 |  0.000E+00 |   55000.00 |   55000.00 | UL|
265.29873 |  57.63685 |  4.835E+22 |  1.000E+00 |  6.481E-13 |  3.568E-13 |   55000.00 |   55000.00 |   |
265.29873 |  57.63685 |  1.451E+23 |  1.000E+00 |  3.943E-13 |  1.027E-13 |   55000.00 |   55000.00 |   |
265.29873 |  57.63685 |  4.835E+23 |  1.000E+00 |  1.411E-13 |  6.153E-14 |   55000.00 |   55000.00 |   |
265.29873 |  57.63685 |  1.451E+24 |  1.000E+00 |  1.907E-13 |  6.340E-14 |   55000.00 |   55000.00 |   |
265.29873 |  57.63685 |  4.835E+24 |  1.000E+00 |  1.914E-13 |  9.525E-14 |   55000.00 |   55000.00 |   |
265.29873 |  57.63685 |  1.451E+25 |  1.000E+00 |  9.914E-14 |  6.861E-14 |   55000.00 |   55000.00 |   |
265.29873 |  57.63685 |  1.451E+26 |  1.000E+00 |  8.406E-13 |  0.000E+00 |   55000.00 |   55000.00 | UL|
