300.30358 |  43.88133 |  3.000E+09 |  1.000E+00 |  2.050E-15 |  1.900E-17 |   55000.00 |   55000.00 |   |
300.30358 |  43.88133 |  2.418E+17 |  1.000E+00 |  1.682E-12 |  2.100E-14 |   55000.00 |   55000.00 |   |
300.30358 |  43.88133 |  2.418E+17 |  1.000E+00 |  2.006E-12 |  4.255E-13 |   55000.00 |   55000.00 |   |
300.30358 |  43.88133 |  2.418E+17 |  1.000E+00 |  1.749E-12 |  4.410E-13 |   55000.00 |   55000.00 |   |
300.30358 |  43.88133 |  2.418E+17 |  1.000E+00 |  1.045E-12 |  4.161E-13 |   55000.00 |   55000.00 |   |
300.30358 |  43.88133 |  2.418E+17 |  1.000E+00 |  2.333E-12 |  7.000E-14 |   54852.10 |   54852.10 |   |
300.30358 |  43.88133 |  7.253E+17 |  1.000E+00 |  9.559E-13 |  1.655E-14 |   55000.00 |   55000.00 |   |
300.30358 |  43.88133 |  7.253E+16 |  1.000E+00 |  3.559E-13 |  1.520E-14 |   55000.00 |   55000.00 |   |
300.30358 |  43.88133 |  1.813E+17 |  1.000E+00 |  1.576E-12 |  2.300E-14 |   55000.00 |   55000.00 |   |
300.30358 |  43.88133 |  3.627E+17 |  1.000E+00 |  2.876E-12 |  2.750E-14 |   55000.00 |   55000.00 |   |
300.30358 |  43.88133 |  7.253E+17 |  1.000E+00 |  2.189E-12 |  3.650E-14 |   55000.00 |   55000.00 |   |
300.30358 |  43.88133 |  1.692E+18 |  1.000E+00 |  1.406E-12 |  6.600E-14 |   55000.00 |   55000.00 |   |
300.30358 |  43.88133 |  7.253E+17 |  1.000E+00 |  2.853E-12 |  5.335E-13 |   55000.00 |   55000.00 |   |
300.30358 |  43.88133 |  1.209E+18 |  1.000E+00 |  3.557E-12 |  1.424E-12 |   55000.00 |   55000.00 |   |
300.30358 |  43.88133 |  7.253E+17 |  1.000E+00 |  2.253E-12 |  5.380E-13 |   55000.00 |   55000.00 |   |
300.30358 |  43.88133 |  7.253E+17 |  1.000E+00 |  1.756E-12 |  5.845E-13 |   55000.00 |   55000.00 |   |
300.30358 |  43.88133 |  1.209E+17 |  1.000E+00 |  3.312E-12 |  1.110E-13 |   54852.10 |   54852.10 |   |
300.30358 |  43.88133 |  3.627E+17 |  1.000E+00 |  1.355E-12 |  3.000E-14 |   54852.10 |   54852.10 |   |
300.30358 |  43.88133 |  7.253E+17 |  1.000E+00 |  8.623E-13 |  1.390E-14 |   54852.10 |   54852.10 |   |
300.30358 |  43.88133 |  1.088E+18 |  1.000E+00 |  6.925E-13 |  2.140E-14 |   54852.10 |   54852.10 |   |
300.30358 |  43.88133 |  1.209E+17 |  1.000E+00 |  4.809E-13 |  1.840E-14 |   55000.00 |   55000.00 |   |
300.30358 |  43.88133 |  3.627E+17 |  1.000E+00 |  1.163E-12 |  2.800E-14 |   55000.00 |   55000.00 |   |
300.30358 |  43.88133 |  1.088E+18 |  1.000E+00 |  1.025E-12 |  3.540E-14 |   55000.00 |   55000.00 |   |
300.30358 |  43.88133 |  1.400E+09 |  1.000E+00 |  1.452E-15 |  4.350E-17 |   55000.00 |   55000.00 |   |
300.30358 |  43.88133 |  1.500E+08 |  1.000E+00 |  2.571E-16 |  3.075E-17 |   55000.00 |   55000.00 |   |
300.30358 |  43.88133 |  4.800E+09 |  1.000E+00 |  9.648E-15 |  8.630E-16 |   55000.00 |   55000.00 |   |
300.30358 |  43.88133 |  4.800E+09 |  1.000E+00 |  9.984E-15 |  1.198E-15 |   55000.00 |   55000.00 |   |
300.30358 |  43.88133 |  1.389E+14 |  1.000E+00 |  3.821E-12 |  2.145E-13 |   55000.00 |   55000.00 |   |
300.30358 |  43.88133 |  1.804E+14 |  1.000E+00 |  4.110E-12 |  2.425E-13 |   55000.00 |   55000.00 |   |
300.30358 |  43.88133 |  2.427E+14 |  1.000E+00 |  3.958E-12 |  1.750E-13 |   55000.00 |   55000.00 |   |
300.30358 |  43.88133 |  8.817E+13 |  1.000E+00 |  1.196E-11 |  2.400E-13 |   55000.00 |   55000.00 |   |
300.30358 |  43.88133 |  6.517E+13 |  1.000E+00 |  1.060E-11 |  1.950E-13 |   55000.00 |   55000.00 |   |
300.30358 |  43.88133 |  2.498E+13 |  1.000E+00 |  4.066E-12 |  7.850E-14 |   55000.00 |   55000.00 |   |
300.30358 |  43.88133 |  1.363E+13 |  1.000E+00 |  3.397E-12 |  1.940E-13 |   55000.00 |   55000.00 |   |
300.30358 |  43.88133 |  8.817E+13 |  1.000E+00 |  9.180E-12 |  2.705E-13 |   55327.93 |   55327.93 |   |
300.30358 |  43.88133 |  6.517E+13 |  1.000E+00 |  7.611E-12 |  2.100E-13 |   55327.93 |   55327.93 |   |
300.30358 |  43.88133 |  2.498E+13 |  1.000E+00 |  4.043E-12 |  1.345E-13 |   55327.93 |   55327.93 |   |
300.30358 |  43.88133 |  1.363E+13 |  1.000E+00 |  3.634E-12 |  4.260E-13 |   55327.93 |   55327.93 |   |
300.30358 |  43.88133 |  8.817E+13 |  1.000E+00 |  8.963E-12 |  2.805E-13 |   55327.79 |   55327.79 |   |
300.30358 |  43.88133 |  6.517E+13 |  1.000E+00 |  8.155E-12 |  2.175E-13 |   55327.79 |   55327.79 |   |
300.30358 |  43.88133 |  2.498E+13 |  1.000E+00 |  3.992E-12 |  1.325E-13 |   55327.79 |   55327.79 |   |
300.30358 |  43.88133 |  1.363E+13 |  1.000E+00 |  3.438E-12 |  3.870E-13 |   55327.79 |   55327.79 |   |
300.30358 |  43.88133 |  8.817E+13 |  1.000E+00 |  8.905E-12 |  2.540E-13 |   55328.65 |   55328.65 |   |
300.30358 |  43.88133 |  6.517E+13 |  1.000E+00 |  7.541E-12 |  1.945E-13 |   55328.65 |   55328.65 |   |
300.30358 |  43.88133 |  2.498E+13 |  1.000E+00 |  3.981E-12 |  1.465E-13 |   55328.65 |   55328.65 |   |
300.30358 |  43.88133 |  1.363E+13 |  1.000E+00 |  3.009E-12 |  4.225E-13 |   55328.65 |   55328.65 |   |
300.30358 |  43.88133 |  8.817E+13 |  1.000E+00 |  1.456E-11 |  2.650E-13 |   55508.22 |   55508.22 |   |
300.30358 |  43.88133 |  6.517E+13 |  1.000E+00 |  1.309E-11 |  2.550E-13 |   55508.22 |   55508.22 |   |
300.30358 |  43.88133 |  8.817E+13 |  1.000E+00 |  8.824E-12 |  2.520E-13 |   55328.79 |   55328.79 |   |
300.30358 |  43.88133 |  6.517E+13 |  1.000E+00 |  7.322E-12 |  1.890E-13 |   55328.79 |   55328.79 |   |
300.30358 |  43.88133 |  2.498E+13 |  1.000E+00 |  3.933E-12 |  1.415E-13 |   55328.79 |   55328.79 |   |
300.30358 |  43.88133 |  1.363E+13 |  1.000E+00 |  3.339E-12 |  3.790E-13 |   55328.79 |   55328.79 |   |
300.30358 |  43.88133 |  8.817E+13 |  1.000E+00 |  9.096E-12 |  2.430E-13 |   55328.85 |   55328.85 |   |
300.30358 |  43.88133 |  6.517E+13 |  1.000E+00 |  7.875E-12 |  2.250E-13 |   55328.85 |   55328.85 |   |
300.30358 |  43.88133 |  2.498E+13 |  1.000E+00 |  4.025E-12 |  1.370E-13 |   55328.85 |   55328.85 |   |
300.30358 |  43.88133 |  1.363E+13 |  1.000E+00 |  3.191E-12 |  5.975E-13 |   55328.85 |   55328.85 |   |
300.30358 |  43.88133 |  8.817E+13 |  1.000E+00 |  9.534E-12 |  2.985E-13 |   55328.92 |   55328.92 |   |
300.30358 |  43.88133 |  6.517E+13 |  1.000E+00 |  7.703E-12 |  2.345E-13 |   55328.92 |   55328.92 |   |
300.30358 |  43.88133 |  2.498E+13 |  1.000E+00 |  3.791E-12 |  1.365E-13 |   55328.92 |   55328.92 |   |
300.30358 |  43.88133 |  1.363E+13 |  1.000E+00 |  3.182E-12 |  4.350E-13 |   55328.92 |   55328.92 |   |
300.30358 |  43.88133 |  8.817E+13 |  1.000E+00 |  9.368E-12 |  2.505E-13 |   55328.98 |   55328.98 |   |
300.30358 |  43.88133 |  6.517E+13 |  1.000E+00 |  7.860E-12 |  2.825E-13 |   55328.98 |   55328.98 |   |
300.30358 |  43.88133 |  2.498E+13 |  1.000E+00 |  4.157E-12 |  1.340E-13 |   55328.98 |   55328.98 |   |
300.30358 |  43.88133 |  1.363E+13 |  1.000E+00 |  2.916E-12 |  5.100E-13 |   55328.98 |   55328.98 |   |
300.30358 |  43.88133 |  8.817E+13 |  1.000E+00 |  9.104E-12 |  3.015E-13 |   55329.05 |   55329.05 |   |
300.30358 |  43.88133 |  6.517E+13 |  1.000E+00 |  8.315E-12 |  2.450E-13 |   55329.05 |   55329.05 |   |
300.30358 |  43.88133 |  2.498E+13 |  1.000E+00 |  4.126E-12 |  1.405E-13 |   55329.05 |   55329.05 |   |
300.30358 |  43.88133 |  1.363E+13 |  1.000E+00 |  2.479E-12 |  4.150E-13 |   55329.05 |   55329.05 |   |
300.30358 |  43.88133 |  8.817E+13 |  1.000E+00 |  9.351E-12 |  2.500E-13 |   55329.12 |   55329.12 |   |
300.30358 |  43.88133 |  6.517E+13 |  1.000E+00 |  8.353E-12 |  2.695E-13 |   55329.12 |   55329.12 |   |
300.30358 |  43.88133 |  2.498E+13 |  1.000E+00 |  3.876E-12 |  1.320E-13 |   55329.12 |   55329.12 |   |
300.30358 |  43.88133 |  1.363E+13 |  1.000E+00 |  3.090E-12 |  5.175E-13 |   55329.12 |   55329.12 |   |
300.30358 |  43.88133 |  8.817E+13 |  1.000E+00 |  9.569E-12 |  2.995E-13 |   55329.18 |   55329.18 |   |
300.30358 |  43.88133 |  6.517E+13 |  1.000E+00 |  8.423E-12 |  2.330E-13 |   55329.18 |   55329.18 |   |
300.30358 |  43.88133 |  2.498E+13 |  1.000E+00 |  4.021E-12 |  1.560E-13 |   55329.18 |   55329.18 |   |
300.30358 |  43.88133 |  1.363E+13 |  1.000E+00 |  3.448E-12 |  4.295E-13 |   55329.18 |   55329.18 |   |
300.30358 |  43.88133 |  8.817E+13 |  1.000E+00 |  9.096E-12 |  2.260E-13 |   55329.25 |   55329.25 |   |
300.30358 |  43.88133 |  6.517E+13 |  1.000E+00 |  8.014E-12 |  1.700E-13 |   55329.25 |   55329.25 |   |
300.30358 |  43.88133 |  2.498E+13 |  1.000E+00 |  4.369E-12 |  1.325E-13 |   55329.25 |   55329.25 |   |
300.30358 |  43.88133 |  1.363E+13 |  1.000E+00 |  3.031E-12 |  3.830E-13 |   55329.25 |   55329.25 |   |
300.30358 |  43.88133 |  8.817E+13 |  1.000E+00 |  9.640E-12 |  3.020E-13 |   55329.31 |   55329.31 |   |
300.30358 |  43.88133 |  6.517E+13 |  1.000E+00 |  8.446E-12 |  2.335E-13 |   55329.31 |   55329.31 |   |
300.30358 |  43.88133 |  2.498E+13 |  1.000E+00 |  4.126E-12 |  1.330E-13 |   55329.31 |   55329.31 |   |
300.30358 |  43.88133 |  1.363E+13 |  1.000E+00 |  3.904E-12 |  4.470E-13 |   55329.31 |   55329.31 |   |
300.30358 |  43.88133 |  8.817E+13 |  1.000E+00 |  9.792E-12 |  2.725E-13 |   55329.45 |   55329.45 |   |
300.30358 |  43.88133 |  6.517E+13 |  1.000E+00 |  8.269E-12 |  2.665E-13 |   55329.45 |   55329.45 |   |
300.30358 |  43.88133 |  2.498E+13 |  1.000E+00 |  4.130E-12 |  1.635E-13 |   55329.45 |   55329.45 |   |
300.30358 |  43.88133 |  1.363E+13 |  1.000E+00 |  3.050E-12 |  4.340E-13 |   55329.45 |   55329.45 |   |
300.30358 |  43.88133 |  8.817E+13 |  1.000E+00 |  9.693E-12 |  3.815E-13 |   55329.58 |   55329.58 |   |
300.30358 |  43.88133 |  6.517E+13 |  1.000E+00 |  8.231E-12 |  2.045E-13 |   55329.58 |   55329.58 |   |
300.30358 |  43.88133 |  2.498E+13 |  1.000E+00 |  4.277E-12 |  1.615E-13 |   55329.58 |   55329.58 |   |
300.30358 |  43.88133 |  1.363E+13 |  1.000E+00 |  3.567E-12 |  4.810E-13 |   55329.58 |   55329.58 |   |
300.30358 |  43.88133 |  8.817E+13 |  1.000E+00 |  9.516E-12 |  2.720E-13 |   55329.58 |   55329.58 |   |
300.30358 |  43.88133 |  6.517E+13 |  1.000E+00 |  8.423E-12 |  3.025E-13 |   55329.58 |   55329.58 |   |
300.30358 |  43.88133 |  2.498E+13 |  1.000E+00 |  4.058E-12 |  1.230E-13 |   55329.58 |   55329.58 |   |
300.30358 |  43.88133 |  1.363E+13 |  1.000E+00 |  3.407E-12 |  4.280E-13 |   55329.58 |   55329.58 |   |
300.30358 |  43.88133 |  8.817E+13 |  1.000E+00 |  1.514E-11 |  2.400E-13 |   55506.96 |   55506.96 |   |
300.30358 |  43.88133 |  6.517E+13 |  1.000E+00 |  1.348E-11 |  1.850E-13 |   55506.96 |   55506.96 |   |
300.30358 |  43.88133 |  8.817E+13 |  1.000E+00 |  1.522E-11 |  2.950E-13 |   55507.23 |   55507.23 |   |
300.30358 |  43.88133 |  6.517E+13 |  1.000E+00 |  1.363E-11 |  2.150E-13 |   55507.23 |   55507.23 |   |
300.30358 |  43.88133 |  8.817E+13 |  1.000E+00 |  1.463E-11 |  3.100E-13 |   55507.29 |   55507.29 |   |
300.30358 |  43.88133 |  6.517E+13 |  1.000E+00 |  1.332E-11 |  2.450E-13 |   55507.29 |   55507.29 |   |
300.30358 |  43.88133 |  8.817E+13 |  1.000E+00 |  1.549E-11 |  2.700E-13 |   55507.36 |   55507.36 |   |
300.30358 |  43.88133 |  6.517E+13 |  1.000E+00 |  1.345E-11 |  2.200E-13 |   55507.36 |   55507.36 |   |
300.30358 |  43.88133 |  8.817E+13 |  1.000E+00 |  1.536E-11 |  2.850E-13 |   55507.49 |   55507.49 |   |
300.30358 |  43.88133 |  6.517E+13 |  1.000E+00 |  1.274E-11 |  2.200E-13 |   55507.49 |   55507.49 |   |
300.30358 |  43.88133 |  8.817E+13 |  1.000E+00 |  1.517E-11 |  2.650E-13 |   55507.56 |   55507.56 |   |
300.30358 |  43.88133 |  6.517E+13 |  1.000E+00 |  1.366E-11 |  2.750E-13 |   55507.56 |   55507.56 |   |
300.30358 |  43.88133 |  8.817E+13 |  1.000E+00 |  8.963E-12 |  2.230E-13 |   55328.06 |   55328.06 |   |
300.30358 |  43.88133 |  6.517E+13 |  1.000E+00 |  7.897E-12 |  2.180E-13 |   55328.06 |   55328.06 |   |
300.30358 |  43.88133 |  2.498E+13 |  1.000E+00 |  4.317E-12 |  1.315E-13 |   55328.06 |   55328.06 |   |
300.30358 |  43.88133 |  1.363E+13 |  1.000E+00 |  4.341E-12 |  4.485E-13 |   55328.06 |   55328.06 |   |
300.30358 |  43.88133 |  8.817E+13 |  1.000E+00 |  9.172E-12 |  2.195E-13 |   55328.19 |   55328.19 |   |
300.30358 |  43.88133 |  6.517E+13 |  1.000E+00 |  7.992E-12 |  2.210E-13 |   55328.19 |   55328.19 |   |
300.30358 |  43.88133 |  2.498E+13 |  1.000E+00 |  4.145E-12 |  1.260E-13 |   55328.19 |   55328.19 |   |
300.30358 |  43.88133 |  1.363E+13 |  1.000E+00 |  3.512E-12 |  3.860E-13 |   55328.19 |   55328.19 |   |
300.30358 |  43.88133 |  8.817E+13 |  1.000E+00 |  9.248E-12 |  3.320E-13 |   55328.25 |   55328.25 |   |
300.30358 |  43.88133 |  6.517E+13 |  1.000E+00 |  7.868E-12 |  2.320E-13 |   55328.25 |   55328.25 |   |
300.30358 |  43.88133 |  2.498E+13 |  1.000E+00 |  3.981E-12 |  1.390E-13 |   55328.25 |   55328.25 |   |
300.30358 |  43.88133 |  1.363E+13 |  1.000E+00 |  3.959E-12 |  3.655E-13 |   55328.25 |   55328.25 |   |
300.30358 |  43.88133 |  8.817E+13 |  1.000E+00 |  9.257E-12 |  2.985E-13 |   55328.32 |   55328.32 |   |
300.30358 |  43.88133 |  6.517E+13 |  1.000E+00 |  7.486E-12 |  2.690E-13 |   55328.32 |   55328.32 |   |
300.30358 |  43.88133 |  2.498E+13 |  1.000E+00 |  4.088E-12 |  1.395E-13 |   55328.32 |   55328.32 |   |
300.30358 |  43.88133 |  1.363E+13 |  1.000E+00 |  3.962E-12 |  4.095E-13 |   55328.32 |   55328.32 |   |
300.30358 |  43.88133 |  8.817E+13 |  1.000E+00 |  9.291E-12 |  2.480E-13 |   55328.39 |   55328.39 |   |
300.30358 |  43.88133 |  6.517E+13 |  1.000E+00 |  7.890E-12 |  2.035E-13 |   55328.39 |   55328.39 |   |
300.30358 |  43.88133 |  2.498E+13 |  1.000E+00 |  4.160E-12 |  1.575E-13 |   55328.39 |   55328.39 |   |
300.30358 |  43.88133 |  1.363E+13 |  1.000E+00 |  3.203E-12 |  3.635E-13 |   55328.39 |   55328.39 |   |
300.30358 |  43.88133 |  8.817E+13 |  1.000E+00 |  9.155E-12 |  2.530E-13 |   55328.45 |   55328.45 |   |
300.30358 |  43.88133 |  6.517E+13 |  1.000E+00 |  7.521E-12 |  2.290E-13 |   55328.45 |   55328.45 |   |
300.30358 |  43.88133 |  2.498E+13 |  1.000E+00 |  4.126E-12 |  1.220E-13 |   55328.45 |   55328.45 |   |
300.30358 |  43.88133 |  1.363E+13 |  1.000E+00 |  3.722E-12 |  4.365E-13 |   55328.45 |   55328.45 |   |
300.30358 |  43.88133 |  8.817E+13 |  1.000E+00 |  9.172E-12 |  3.465E-13 |   55328.52 |   55328.52 |   |
300.30358 |  43.88133 |  6.517E+13 |  1.000E+00 |  7.724E-12 |  2.275E-13 |   55328.52 |   55328.52 |   |
300.30358 |  43.88133 |  2.498E+13 |  1.000E+00 |  4.032E-12 |  1.260E-13 |   55328.52 |   55328.52 |   |
300.30358 |  43.88133 |  1.363E+13 |  1.000E+00 |  3.191E-12 |  3.830E-13 |   55328.52 |   55328.52 |   |
300.30358 |  43.88133 |  8.817E+13 |  1.000E+00 |  9.282E-12 |  2.220E-13 |   55328.59 |   55328.59 |   |
300.30358 |  43.88133 |  6.517E+13 |  1.000E+00 |  7.562E-12 |  2.300E-13 |   55328.59 |   55328.59 |   |
300.30358 |  43.88133 |  8.817E+13 |  1.000E+00 |  1.475E-11 |  2.450E-13 |   55508.29 |   55508.29 |   |
300.30358 |  43.88133 |  6.517E+13 |  1.000E+00 |  1.296E-11 |  2.050E-13 |   55508.29 |   55508.29 |   |
300.30358 |  43.88133 |  8.817E+13 |  1.000E+00 |  1.528E-11 |  3.200E-13 |   55508.35 |   55508.35 |   |
300.30358 |  43.88133 |  6.517E+13 |  1.000E+00 |  1.340E-11 |  2.300E-13 |   55508.35 |   55508.35 |   |
300.30358 |  43.88133 |  8.817E+13 |  1.000E+00 |  1.529E-11 |  2.550E-13 |   55508.48 |   55508.48 |   |
300.30358 |  43.88133 |  6.517E+13 |  1.000E+00 |  1.356E-11 |  2.600E-13 |   55508.48 |   55508.48 |   |
300.30358 |  43.88133 |  8.817E+13 |  1.000E+00 |  1.505E-11 |  2.250E-13 |   55508.62 |   55508.62 |   |
300.30358 |  43.88133 |  6.517E+13 |  1.000E+00 |  1.328E-11 |  2.100E-13 |   55508.62 |   55508.62 |   |
300.30358 |  43.88133 |  8.817E+13 |  1.000E+00 |  1.459E-11 |  2.800E-13 |   55507.62 |   55507.62 |   |
300.30358 |  43.88133 |  6.517E+13 |  1.000E+00 |  1.342E-11 |  2.250E-13 |   55507.62 |   55507.62 |   |
300.30358 |  43.88133 |  8.817E+13 |  1.000E+00 |  1.518E-11 |  2.800E-13 |   55507.62 |   55507.62 |   |
300.30358 |  43.88133 |  6.517E+13 |  1.000E+00 |  1.363E-11 |  2.750E-13 |   55507.62 |   55507.62 |   |
300.30358 |  43.88133 |  8.817E+13 |  1.000E+00 |  1.521E-11 |  2.500E-13 |   55507.69 |   55507.69 |   |
300.30358 |  43.88133 |  6.517E+13 |  1.000E+00 |  1.398E-11 |  2.200E-13 |   55507.69 |   55507.69 |   |
300.30358 |  43.88133 |  8.817E+13 |  1.000E+00 |  1.552E-11 |  2.850E-13 |   55507.76 |   55507.76 |   |
300.30358 |  43.88133 |  6.517E+13 |  1.000E+00 |  1.407E-11 |  2.300E-13 |   55507.76 |   55507.76 |   |
300.30358 |  43.88133 |  8.817E+13 |  1.000E+00 |  1.556E-11 |  2.750E-13 |   55507.82 |   55507.82 |   |
300.30358 |  43.88133 |  6.517E+13 |  1.000E+00 |  1.326E-11 |  2.050E-13 |   55507.82 |   55507.82 |   |
300.30358 |  43.88133 |  8.817E+13 |  1.000E+00 |  1.525E-11 |  2.700E-13 |   55507.89 |   55507.89 |   |
300.30358 |  43.88133 |  6.517E+13 |  1.000E+00 |  1.358E-11 |  2.350E-13 |   55507.89 |   55507.89 |   |
300.30358 |  43.88133 |  8.817E+13 |  1.000E+00 |  1.512E-11 |  2.650E-13 |   55507.96 |   55507.96 |   |
300.30358 |  43.88133 |  6.517E+13 |  1.000E+00 |  1.404E-11 |  1.950E-13 |   55507.96 |   55507.96 |   |
300.30358 |  43.88133 |  8.817E+13 |  1.000E+00 |  1.514E-11 |  2.650E-13 |   55508.02 |   55508.02 |   |
300.30358 |  43.88133 |  6.517E+13 |  1.000E+00 |  1.339E-11 |  1.950E-13 |   55508.02 |   55508.02 |   |
300.30358 |  43.88133 |  8.817E+13 |  1.000E+00 |  1.432E-11 |  3.050E-13 |   55508.16 |   55508.16 |   |
300.30358 |  43.88133 |  6.517E+13 |  1.000E+00 |  1.332E-11 |  2.550E-13 |   55508.16 |   55508.16 |   |
300.30358 |  43.88133 |  8.817E+13 |  1.000E+00 |  1.456E-11 |  3.250E-13 |   55508.16 |   55508.16 |   |
300.30358 |  43.88133 |  6.517E+13 |  1.000E+00 |  1.290E-11 |  1.900E-13 |   55508.16 |   55508.16 |   |
300.30358 |  43.88133 |  8.817E+13 |  1.000E+00 |  8.783E-12 |  2.345E-13 |   55328.72 |   55328.72 |   |
300.30358 |  43.88133 |  6.517E+13 |  1.000E+00 |  7.438E-12 |  2.330E-13 |   55328.72 |   55328.72 |   |
300.30358 |  43.88133 |  2.498E+13 |  1.000E+00 |  3.798E-12 |  1.435E-13 |   55328.72 |   55328.72 |   |
300.30358 |  43.88133 |  1.363E+13 |  1.000E+00 |  3.591E-12 |  5.310E-13 |   55328.72 |   55328.72 |   |
300.30358 |  43.88133 |  4.455E+14 |  1.000E+00 |  2.116E-12 |  0.000E+00 |   55000.00 |   55000.00 |   |
300.30358 |  43.88133 |  6.813E+14 |  1.000E+00 |  2.053E-12 |  8.215E-13 |   55000.00 |   55000.00 |   |
300.30358 |  43.88133 |  5.451E+14 |  1.000E+00 |  4.070E-12 |  1.234E-12 |   55000.00 |   55000.00 |   |
300.30358 |  43.88133 |  6.233E+14 |  1.000E+00 |  2.756E-12 |  1.720E-13 |   55000.00 |   55000.00 |   |
300.30358 |  43.88133 |  4.859E+14 |  1.000E+00 |  4.211E-12 |  2.365E-13 |   55000.00 |   55000.00 |   |
300.30358 |  43.88133 |  3.987E+14 |  1.000E+00 |  6.493E-12 |  7.965E-13 |   55000.00 |   55000.00 |   |
300.30358 |  43.88133 |  3.462E+14 |  1.000E+00 |  5.159E-12 |  4.890E-13 |   55000.00 |   55000.00 |   |
300.30358 |  43.88133 |  3.116E+14 |  1.000E+00 |  7.089E-12 |  8.025E-13 |   55000.00 |   55000.00 |   |
300.30358 |  43.88133 |  1.295E+15 |  1.000E+00 |  6.358E-13 |  2.002E-13 |   55000.00 |   55000.00 |   |
300.30358 |  43.88133 |  6.925E+14 |  1.000E+00 |  1.765E-12 |  7.200E-14 |   55000.00 |   55000.00 |   |
300.30358 |  43.88133 |  5.550E+14 |  1.000E+00 |  2.289E-12 |  8.700E-14 |   55000.00 |   55000.00 |   |
300.30358 |  43.88133 |  1.138E+15 |  1.000E+00 |  1.681E-12 |  9.700E-14 |   55000.00 |   55000.00 |   |
300.30358 |  43.88133 |  1.344E+15 |  1.000E+00 |  1.097E-12 |  9.800E-14 |   55000.00 |   55000.00 |   |
300.30358 |  43.88133 |  1.477E+15 |  1.000E+00 |  8.862E-13 |  6.095E-14 |   55000.00 |   55000.00 |   |
300.30358 |  43.88133 |  1.138E+15 |  1.000E+00 |  1.371E-12 |  4.500E-14 |   55000.00 |   55000.00 |   |
300.30358 |  43.88133 |  1.344E+15 |  1.000E+00 |  8.327E-13 |  4.410E-14 |   55000.00 |   55000.00 |   |
300.30358 |  43.88133 |  1.477E+15 |  1.000E+00 |  7.237E-13 |  3.350E-14 |   55000.00 |   55000.00 |   |
300.30358 |  43.88133 |  1.138E+15 |  1.000E+00 |  1.574E-12 |  6.650E-14 |   55000.00 |   55000.00 |   |
300.30358 |  43.88133 |  1.344E+15 |  1.000E+00 |  7.482E-13 |  4.720E-14 |   55000.00 |   55000.00 |   |
300.30358 |  43.88133 |  1.477E+15 |  1.000E+00 |  8.217E-13 |  3.960E-14 |   55000.00 |   55000.00 |   |
300.30358 |  43.88133 |  1.138E+15 |  1.000E+00 |  2.371E-12 |  7.300E-14 |   55000.00 |   55000.00 |   |
300.30358 |  43.88133 |  1.344E+15 |  1.000E+00 |  1.177E-12 |  5.600E-14 |   55000.00 |   55000.00 |   |
300.30358 |  43.88133 |  1.477E+15 |  1.000E+00 |  1.248E-12 |  4.300E-14 |   55000.00 |   55000.00 |   |
300.30358 |  43.88133 |  1.138E+15 |  1.000E+00 |  1.517E-12 |  4.900E-14 |   55000.00 |   55000.00 |   |
300.30358 |  43.88133 |  1.344E+15 |  1.000E+00 |  8.307E-13 |  4.480E-14 |   55000.00 |   55000.00 |   |
300.30358 |  43.88133 |  1.477E+15 |  1.000E+00 |  7.306E-13 |  3.365E-14 |   55000.00 |   55000.00 |   |
300.30358 |  43.88133 |  1.138E+15 |  1.000E+00 |  1.217E-12 |  4.600E-14 |   55000.00 |   55000.00 |   |
300.30358 |  43.88133 |  1.344E+15 |  1.000E+00 |  6.279E-13 |  4.330E-14 |   55000.00 |   55000.00 |   |
300.30358 |  43.88133 |  1.477E+15 |  1.000E+00 |  5.869E-13 |  3.380E-14 |   55000.00 |   55000.00 |   |
300.30358 |  43.88133 |  1.138E+15 |  1.000E+00 |  1.959E-12 |  6.400E-14 |   55000.00 |   55000.00 |   |
300.30358 |  43.88133 |  1.344E+15 |  1.000E+00 |  1.135E-12 |  6.300E-14 |   55000.00 |   55000.00 |   |
300.30358 |  43.88133 |  1.477E+15 |  1.000E+00 |  1.105E-12 |  5.050E-14 |   55000.00 |   55000.00 |   |
300.30358 |  43.88133 |  1.138E+15 |  1.000E+00 |  1.675E-12 |  5.500E-14 |   55000.00 |   55000.00 |   |
300.30358 |  43.88133 |  1.344E+15 |  1.000E+00 |  9.626E-13 |  5.120E-14 |   55000.00 |   55000.00 |   |
300.30358 |  43.88133 |  1.477E+15 |  1.000E+00 |  9.647E-13 |  4.445E-14 |   55000.00 |   55000.00 |   |
300.30358 |  43.88133 |  1.138E+15 |  1.000E+00 |  1.333E-12 |  5.700E-14 |   55000.00 |   55000.00 |   |
300.30358 |  43.88133 |  1.344E+15 |  1.000E+00 |  7.777E-13 |  4.975E-14 |   55000.00 |   55000.00 |   |
300.30358 |  43.88133 |  1.477E+15 |  1.000E+00 |  5.824E-13 |  3.560E-14 |   55000.00 |   55000.00 |   |
300.30358 |  43.88133 |  1.138E+15 |  1.000E+00 |  1.317E-12 |  4.750E-14 |   55000.00 |   55000.00 |   |
300.30358 |  43.88133 |  1.344E+15 |  1.000E+00 |  6.667E-13 |  4.215E-14 |   55000.00 |   55000.00 |   |
300.30358 |  43.88133 |  1.477E+15 |  1.000E+00 |  6.348E-13 |  3.500E-14 |   55000.00 |   55000.00 |   |
300.30358 |  43.88133 |  1.344E+15 |  1.000E+00 |  5.736E-13 |  1.750E-14 |   55000.00 |   55000.00 |   |
300.30358 |  43.88133 |  1.138E+15 |  1.000E+00 |  1.333E-12 |  5.000E-14 |   55000.00 |   55000.00 |   |
300.30358 |  43.88133 |  1.344E+15 |  1.000E+00 |  6.727E-13 |  4.140E-14 |   55000.00 |   55000.00 |   |
300.30358 |  43.88133 |  1.477E+15 |  1.000E+00 |  6.919E-13 |  3.640E-14 |   55000.00 |   55000.00 |   |
300.30358 |  43.88133 |  1.138E+15 |  1.000E+00 |  1.120E-12 |  4.350E-14 |   55000.00 |   55000.00 |   |
300.30358 |  43.88133 |  1.344E+15 |  1.000E+00 |  6.364E-13 |  3.590E-14 |   55000.00 |   55000.00 |   |
300.30358 |  43.88133 |  1.477E+15 |  1.000E+00 |  6.830E-13 |  3.060E-14 |   55000.00 |   55000.00 |   |
300.30358 |  43.88133 |  8.563E+14 |  1.000E+00 |  3.432E-12 |  6.900E-14 |   55000.00 |   55000.00 |   |
300.30358 |  43.88133 |  6.925E+14 |  1.000E+00 |  4.061E-12 |  1.025E-13 |   55000.00 |   55000.00 |   |
300.30358 |  43.88133 |  5.550E+14 |  1.000E+00 |  4.207E-12 |  2.860E-13 |   55000.00 |   55000.00 |   |
300.30358 |  43.88133 |  1.138E+15 |  1.000E+00 |  1.426E-12 |  4.750E-14 |   55000.00 |   55000.00 |   |
300.30358 |  43.88133 |  1.344E+15 |  1.000E+00 |  7.116E-13 |  3.555E-14 |   55000.00 |   55000.00 |   |
300.30358 |  43.88133 |  1.477E+15 |  1.000E+00 |  7.017E-13 |  2.625E-14 |   55000.00 |   55000.00 |   |
300.30358 |  43.88133 |  1.138E+15 |  1.000E+00 |  1.947E-12 |  7.300E-14 |   55000.00 |   55000.00 |   |
300.30358 |  43.88133 |  1.344E+15 |  1.000E+00 |  9.871E-13 |  5.640E-14 |   55000.00 |   55000.00 |   |
300.30358 |  43.88133 |  1.477E+15 |  1.000E+00 |  1.077E-12 |  4.600E-14 |   55000.00 |   55000.00 |   |
300.30358 |  43.88133 |  1.138E+15 |  1.000E+00 |  1.115E-12 |  4.050E-14 |   55000.00 |   55000.00 |   |
300.30358 |  43.88133 |  1.344E+15 |  1.000E+00 |  6.611E-13 |  4.425E-14 |   55000.00 |   55000.00 |   |
300.30358 |  43.88133 |  1.477E+15 |  1.000E+00 |  5.869E-13 |  3.090E-14 |   55000.00 |   55000.00 |   |
300.30358 |  43.88133 |  1.138E+15 |  1.000E+00 |  1.697E-12 |  1.930E-13 |   55000.00 |   55000.00 |   |
300.30358 |  43.88133 |  1.344E+15 |  1.000E+00 |  9.237E-13 |  1.107E-13 |   55000.00 |   55000.00 |   |
300.30358 |  43.88133 |  1.477E+15 |  1.000E+00 |  5.345E-13 |  6.865E-14 |   55000.00 |   55000.00 |   |
300.30358 |  43.88133 |  8.715E+14 |  1.000E+00 |  4.741E-12 |  5.600E-14 |   55000.00 |   55000.00 |   |
300.30358 |  43.88133 |  1.030E+15 |  1.000E+00 |  3.689E-12 |  7.850E-14 |   55000.00 |   55000.00 |   |
300.30358 |  43.88133 |  1.298E+15 |  1.000E+00 |  1.632E-12 |  1.505E-13 |   55000.00 |   55000.00 |   |
300.30358 |  43.88133 |  2.418E+17 |  1.000E+00 |  2.488E-12 |  3.960E-13 |   55440.60 |   55440.80 |   |
300.30358 |  43.88133 |  1.209E+17 |  1.000E+00 |  3.747E-12 |  6.470E-13 |   55440.60 |   55440.80 |   |
300.30358 |  43.88133 |  3.627E+17 |  1.000E+00 |  1.228E-12 |  1.440E-13 |   55440.60 |   55440.80 |   |
300.30358 |  43.88133 |  7.253E+17 |  1.000E+00 |  6.123E-13 |  5.280E-14 |   55440.60 |   55440.80 |   |
300.30358 |  43.88133 |  1.088E+18 |  1.000E+00 |  4.324E-13 |  7.950E-14 |   55440.60 |   55440.80 |   |
300.30358 |  43.88133 |  2.418E+17 |  1.000E+00 |  2.191E-12 |  2.260E-13 |   54994.30 |   54995.00 |   |
300.30358 |  43.88133 |  1.209E+17 |  1.000E+00 |  3.080E-12 |  3.590E-13 |   54994.30 |   54995.00 |   |
300.30358 |  43.88133 |  3.627E+17 |  1.000E+00 |  1.303E-12 |  9.400E-14 |   54994.30 |   54995.00 |   |
300.30358 |  43.88133 |  7.253E+17 |  1.000E+00 |  6.897E-13 |  3.695E-14 |   54994.30 |   54995.00 |   |
300.30358 |  43.88133 |  1.088E+18 |  1.000E+00 |  5.161E-13 |  5.760E-14 |   54994.30 |   54995.00 |   |
300.30358 |  43.88133 |  2.418E+17 |  1.000E+00 |  1.652E-12 |  1.810E-13 |   55447.10 |   55452.10 |   |
300.30358 |  43.88133 |  1.209E+17 |  1.000E+00 |  2.102E-12 |  2.760E-13 |   55447.10 |   55452.10 |   |
300.30358 |  43.88133 |  3.627E+17 |  1.000E+00 |  1.203E-12 |  8.700E-14 |   55447.10 |   55452.10 |   |
300.30358 |  43.88133 |  7.253E+17 |  1.000E+00 |  7.216E-13 |  3.870E-14 |   55447.10 |   55452.10 |   |
300.30358 |  43.88133 |  1.088E+18 |  1.000E+00 |  5.881E-13 |  6.110E-14 |   55447.10 |   55452.10 |   |
300.30358 |  43.88133 |  2.418E+17 |  1.000E+00 |  2.980E-12 |  2.490E-13 |   55393.00 |   55397.30 |   |
300.30358 |  43.88133 |  1.209E+17 |  1.000E+00 |  4.432E-12 |  4.020E-13 |   55393.00 |   55397.30 |   |
300.30358 |  43.88133 |  3.627E+17 |  1.000E+00 |  1.527E-12 |  9.500E-14 |   55393.00 |   55397.30 |   |
300.30358 |  43.88133 |  7.253E+17 |  1.000E+00 |  9.149E-13 |  4.090E-14 |   55393.00 |   55397.30 |   |
300.30358 |  43.88133 |  1.088E+18 |  1.000E+00 |  7.017E-13 |  6.430E-14 |   55393.00 |   55397.30 |   |
300.30358 |  43.88133 |  2.418E+17 |  1.000E+00 |  9.722E-13 |  2.466E-13 |   58754.40 |   58754.60 |   |
300.30358 |  43.88133 |  1.209E+17 |  1.000E+00 |  1.154E-12 |  3.422E-13 |   58754.40 |   58754.60 |   |
300.30358 |  43.88133 |  3.627E+17 |  1.000E+00 |  7.904E-13 |  1.505E-13 |   58754.40 |   58754.60 |   |
300.30358 |  43.88133 |  7.253E+17 |  1.000E+00 |  7.856E-13 |  1.095E-13 |   58754.40 |   58754.60 |   |
300.30358 |  43.88133 |  1.088E+18 |  1.000E+00 |  4.816E-13 |  1.344E-13 |   58754.40 |   58754.60 |   |
300.30358 |  43.88133 |  2.418E+17 |  1.000E+00 |  1.002E-12 |  1.118E-13 |   55383.00 |   55389.30 |   |
300.30358 |  43.88133 |  1.209E+17 |  1.000E+00 |  1.480E-12 |  1.760E-13 |   55383.00 |   55389.30 |   |
300.30358 |  43.88133 |  3.627E+17 |  1.000E+00 |  5.240E-13 |  4.730E-14 |   55383.00 |   55389.30 |   |
300.30358 |  43.88133 |  7.253E+17 |  1.000E+00 |  4.586E-13 |  2.700E-14 |   55383.00 |   55389.30 |   |
300.30358 |  43.88133 |  1.088E+18 |  1.000E+00 |  4.114E-13 |  4.440E-14 |   55383.00 |   55389.30 |   |
300.30358 |  43.88133 |  2.418E+17 |  1.000E+00 |  8.751E-13 |  1.736E-13 |   55424.10 |   55430.40 |   |
300.30358 |  43.88133 |  1.209E+17 |  1.000E+00 |  1.207E-12 |  2.701E-13 |   55424.10 |   55430.40 |   |
300.30358 |  43.88133 |  3.627E+17 |  1.000E+00 |  5.435E-13 |  7.670E-14 |   55424.10 |   55430.40 |   |
300.30358 |  43.88133 |  7.253E+17 |  1.000E+00 |  3.710E-13 |  3.780E-14 |   55424.10 |   55430.40 |   |
300.30358 |  43.88133 |  1.088E+18 |  1.000E+00 |  3.101E-13 |  6.020E-14 |   55424.10 |   55430.40 |   |
300.30358 |  43.88133 |  2.418E+17 |  1.000E+00 |  2.230E-12 |  2.440E-13 |   55413.00 |   55418.20 |   |
300.30358 |  43.88133 |  1.209E+17 |  1.000E+00 |  3.184E-12 |  3.850E-13 |   55413.00 |   55418.20 |   |
300.30358 |  43.88133 |  3.627E+17 |  1.000E+00 |  1.275E-12 |  1.030E-13 |   55413.00 |   55418.20 |   |
300.30358 |  43.88133 |  7.253E+17 |  1.000E+00 |  7.284E-13 |  4.210E-14 |   55413.00 |   55418.20 |   |
300.30358 |  43.88133 |  1.088E+18 |  1.000E+00 |  5.583E-13 |  6.450E-14 |   55413.00 |   55418.20 |   |
300.30358 |  43.88133 |  2.418E+17 |  1.000E+00 |  2.682E-12 |  3.510E-13 |   55457.20 |   55457.40 |   |
300.30358 |  43.88133 |  1.209E+17 |  1.000E+00 |  3.741E-12 |  5.560E-13 |   55457.20 |   55457.40 |   |
300.30358 |  43.88133 |  3.627E+17 |  1.000E+00 |  1.622E-12 |  1.465E-13 |   55457.20 |   55457.40 |   |
300.30358 |  43.88133 |  7.253E+17 |  1.000E+00 |  8.741E-13 |  5.930E-14 |   55457.20 |   55457.40 |   |
300.30358 |  43.88133 |  1.088E+18 |  1.000E+00 |  6.612E-13 |  9.150E-14 |   55457.20 |   55457.40 |   |
300.30358 |  43.88133 |  2.418E+17 |  1.000E+00 |  9.607E-12 |  6.235E-13 |   55406.80 |   55407.00 |   |
300.30358 |  43.88133 |  1.209E+17 |  1.000E+00 |  1.306E-11 |  9.700E-13 |   55406.80 |   55407.00 |   |
300.30358 |  43.88133 |  3.627E+17 |  1.000E+00 |  6.154E-12 |  2.790E-13 |   55406.80 |   55407.00 |   |
300.30358 |  43.88133 |  7.253E+17 |  1.000E+00 |  4.014E-12 |  1.320E-13 |   55406.80 |   55407.00 |   |
300.30358 |  43.88133 |  1.088E+18 |  1.000E+00 |  3.318E-12 |  2.070E-13 |   55406.80 |   55407.00 |   |
300.30358 |  43.88133 |  2.418E+17 |  1.000E+00 |  2.310E-12 |  2.180E-13 |   54852.10 |   54853.00 |   |
300.30358 |  43.88133 |  1.209E+17 |  1.000E+00 |  3.399E-12 |  3.500E-13 |   54852.10 |   54853.00 |   |
300.30358 |  43.88133 |  3.627E+17 |  1.000E+00 |  1.220E-12 |  8.600E-14 |   54852.10 |   54853.00 |   |
300.30358 |  43.88133 |  7.253E+17 |  1.000E+00 |  8.092E-13 |  4.050E-14 |   54852.10 |   54853.00 |   |
300.30358 |  43.88133 |  1.088E+18 |  1.000E+00 |  6.499E-13 |  6.140E-14 |   54852.10 |   54853.00 |   |
300.30358 |  43.88133 |  1.453E+17 |  1.000E+00 |  9.444E-13 |  2.195E-13 |   54852.05 |   54852.05 |   |
300.30358 |  43.88133 |  2.026E+17 |  1.000E+00 |  2.016E-12 |  2.580E-13 |   54852.05 |   54852.05 |   |
300.30358 |  43.88133 |  2.825E+17 |  1.000E+00 |  1.478E-12 |  1.475E-13 |   54852.05 |   54852.05 |   |
300.30358 |  43.88133 |  3.939E+17 |  1.000E+00 |  1.325E-12 |  1.475E-13 |   54852.05 |   54852.05 |   |
300.30358 |  43.88133 |  5.492E+17 |  1.000E+00 |  1.045E-12 |  1.670E-13 |   54852.05 |   54852.05 |   |
300.30358 |  43.88133 |  7.658E+17 |  1.000E+00 |  8.996E-13 |  1.424E-13 |   54852.05 |   54852.05 |   |
300.30358 |  43.88133 |  1.068E+18 |  1.000E+00 |  1.353E-12 |  3.040E-13 |   54852.05 |   54852.05 |   |
300.30358 |  43.88133 |  1.489E+18 |  1.000E+00 |  6.700E-13 |  1.584E-13 |   54852.05 |   54852.05 |   |
300.30358 |  43.88133 |  1.453E+17 |  1.000E+00 |  1.281E-12 |  2.957E-13 |   54994.29 |   54994.29 |   |
300.30358 |  43.88133 |  2.026E+17 |  1.000E+00 |  1.803E-12 |  2.400E-13 |   54994.29 |   54994.29 |   |
300.30358 |  43.88133 |  2.825E+17 |  1.000E+00 |  1.438E-12 |  1.625E-13 |   54994.29 |   54994.29 |   |
300.30358 |  43.88133 |  3.939E+17 |  1.000E+00 |  1.390E-12 |  1.440E-13 |   54994.29 |   54994.29 |   |
300.30358 |  43.88133 |  5.492E+17 |  1.000E+00 |  9.905E-13 |  1.594E-13 |   54994.29 |   54994.29 |   |
300.30358 |  43.88133 |  7.658E+17 |  1.000E+00 |  7.224E-13 |  1.176E-13 |   54994.29 |   54994.29 |   |
300.30358 |  43.88133 |  1.453E+17 |  1.000E+00 |  9.662E-13 |  2.166E-13 |   55385.05 |   55385.05 |   |
300.30358 |  43.88133 |  2.825E+17 |  1.000E+00 |  6.184E-13 |  1.415E-13 |   55385.05 |   55385.05 |   |
300.30358 |  43.88133 |  3.939E+17 |  1.000E+00 |  6.383E-13 |  1.441E-13 |   55385.05 |   55385.05 |   |
300.30358 |  43.88133 |  1.453E+17 |  1.000E+00 |  1.532E-12 |  3.675E-13 |   55388.80 |   55388.80 |   |
300.30358 |  43.88133 |  2.825E+17 |  1.000E+00 |  7.094E-13 |  1.137E-13 |   55388.80 |   55388.80 |   |
300.30358 |  43.88133 |  3.939E+17 |  1.000E+00 |  5.062E-13 |  1.142E-13 |   55388.80 |   55388.80 |   |
300.30358 |  43.88133 |  5.492E+17 |  1.000E+00 |  6.387E-13 |  1.468E-13 |   55388.80 |   55388.80 |   |
300.30358 |  43.88133 |  1.453E+17 |  1.000E+00 |  1.830E-12 |  4.065E-13 |   55393.03 |   55393.03 |   |
300.30358 |  43.88133 |  2.026E+17 |  1.000E+00 |  3.347E-12 |  4.445E-13 |   55393.03 |   55393.03 |   |
300.30358 |  43.88133 |  2.825E+17 |  1.000E+00 |  2.235E-12 |  2.765E-13 |   55393.03 |   55393.03 |   |
300.30358 |  43.88133 |  3.939E+17 |  1.000E+00 |  1.931E-12 |  2.155E-13 |   55393.03 |   55393.03 |   |
300.30358 |  43.88133 |  5.492E+17 |  1.000E+00 |  1.327E-12 |  2.115E-13 |   55393.03 |   55393.03 |   |
300.30358 |  43.88133 |  7.658E+17 |  1.000E+00 |  9.679E-13 |  2.193E-13 |   55393.03 |   55393.03 |   |
300.30358 |  43.88133 |  1.453E+17 |  1.000E+00 |  5.882E-12 |  1.358E-12 |   55397.05 |   55397.05 |   |
300.30358 |  43.88133 |  2.026E+17 |  1.000E+00 |  2.062E-12 |  4.485E-13 |   55397.05 |   55397.05 |   |
300.30358 |  43.88133 |  2.825E+17 |  1.000E+00 |  1.449E-12 |  1.835E-13 |   55397.05 |   55397.05 |   |
300.30358 |  43.88133 |  3.939E+17 |  1.000E+00 |  1.024E-12 |  1.668E-13 |   55397.05 |   55397.05 |   |
300.30358 |  43.88133 |  5.492E+17 |  1.000E+00 |  1.085E-12 |  2.456E-13 |   55397.05 |   55397.05 |   |
300.30358 |  43.88133 |  7.658E+17 |  1.000E+00 |  7.519E-13 |  1.712E-13 |   55397.05 |   55397.05 |   |
300.30358 |  43.88133 |  1.453E+17 |  1.000E+00 |  8.855E-12 |  1.563E-12 |   55406.82 |   55406.82 |   |
300.30358 |  43.88133 |  2.026E+17 |  1.000E+00 |  7.335E-12 |  8.060E-13 |   55406.82 |   55406.82 |   |
300.30358 |  43.88133 |  2.825E+17 |  1.000E+00 |  7.402E-12 |  4.860E-13 |   55406.82 |   55406.82 |   |
300.30358 |  43.88133 |  3.939E+17 |  1.000E+00 |  5.918E-12 |  4.325E-13 |   55406.82 |   55406.82 |   |
300.30358 |  43.88133 |  5.492E+17 |  1.000E+00 |  4.780E-12 |  4.440E-13 |   55406.82 |   55406.82 |   |
300.30358 |  43.88133 |  7.658E+17 |  1.000E+00 |  4.163E-12 |  5.565E-13 |   55406.82 |   55406.82 |   |
300.30358 |  43.88133 |  1.068E+18 |  1.000E+00 |  4.158E-12 |  5.440E-13 |   55406.82 |   55406.82 |   |
300.30358 |  43.88133 |  1.453E+17 |  1.000E+00 |  1.303E-11 |  2.895E-12 |   55413.02 |   55413.02 |   |
300.30358 |  43.88133 |  2.026E+17 |  1.000E+00 |  3.169E-12 |  5.200E-13 |   55413.02 |   55413.02 |   |
300.30358 |  43.88133 |  2.825E+17 |  1.000E+00 |  2.340E-12 |  3.770E-13 |   55413.02 |   55413.02 |   |
300.30358 |  43.88133 |  3.939E+17 |  1.000E+00 |  1.753E-12 |  2.790E-13 |   55413.02 |   55413.02 |   |
300.30358 |  43.88133 |  5.492E+17 |  1.000E+00 |  1.844E-12 |  4.160E-13 |   55413.02 |   55413.02 |   |
300.30358 |  43.88133 |  2.026E+17 |  1.000E+00 |  6.301E-13 |  1.462E-13 |   55418.05 |   55418.05 |   |
300.30358 |  43.88133 |  2.825E+17 |  1.000E+00 |  1.375E-12 |  3.090E-13 |   55418.05 |   55418.05 |   |
300.30358 |  43.88133 |  3.939E+17 |  1.000E+00 |  6.923E-13 |  1.531E-13 |   55418.05 |   55418.05 |   |
300.30358 |  43.88133 |  5.492E+17 |  1.000E+00 |  6.141E-13 |  1.392E-13 |   55418.05 |   55418.05 |   |
300.30358 |  43.88133 |  7.658E+17 |  1.000E+00 |  6.452E-13 |  1.456E-13 |   55418.05 |   55418.05 |   |
300.30358 |  43.88133 |  1.453E+17 |  1.000E+00 |  2.820E-12 |  6.455E-13 |   55440.59 |   55440.59 |   |
300.30358 |  43.88133 |  2.026E+17 |  1.000E+00 |  2.174E-12 |  4.905E-13 |   55440.59 |   55440.59 |   |
300.30358 |  43.88133 |  2.825E+17 |  1.000E+00 |  1.358E-12 |  3.000E-13 |   55440.59 |   55440.59 |   |
300.30358 |  43.88133 |  3.939E+17 |  1.000E+00 |  1.079E-12 |  1.705E-13 |   55440.59 |   55440.59 |   |
300.30358 |  43.88133 |  1.453E+17 |  1.000E+00 |  9.110E-13 |  2.193E-13 |   55447.09 |   55447.09 |   |
300.30358 |  43.88133 |  2.825E+17 |  1.000E+00 |  5.849E-13 |  1.345E-13 |   55447.09 |   55447.09 |   |
300.30358 |  43.88133 |  3.939E+17 |  1.000E+00 |  7.282E-13 |  1.162E-13 |   55447.09 |   55447.09 |   |
300.30358 |  43.88133 |  1.453E+17 |  1.000E+00 |  1.333E-12 |  3.165E-13 |   55451.85 |   55451.85 |   |
300.30358 |  43.88133 |  2.026E+17 |  1.000E+00 |  2.363E-12 |  4.945E-13 |   55451.85 |   55451.85 |   |
300.30358 |  43.88133 |  2.825E+17 |  1.000E+00 |  2.059E-12 |  2.835E-13 |   55451.85 |   55451.85 |   |
300.30358 |  43.88133 |  3.939E+17 |  1.000E+00 |  1.678E-12 |  2.210E-13 |   55451.85 |   55451.85 |   |
300.30358 |  43.88133 |  5.492E+17 |  1.000E+00 |  1.671E-12 |  3.660E-13 |   55451.85 |   55451.85 |   |
300.30358 |  43.88133 |  7.658E+17 |  1.000E+00 |  1.086E-12 |  1.782E-13 |   55451.85 |   55451.85 |   |
300.30358 |  43.88133 |  1.453E+17 |  1.000E+00 |  6.772E-12 |  1.550E-12 |   55457.20 |   55457.20 |   |
300.30358 |  43.88133 |  2.026E+17 |  1.000E+00 |  1.881E-12 |  4.010E-13 |   55457.20 |   55457.20 |   |
300.30358 |  43.88133 |  2.825E+17 |  1.000E+00 |  2.107E-12 |  2.865E-13 |   55457.20 |   55457.20 |   |
300.30358 |  43.88133 |  3.939E+17 |  1.000E+00 |  1.722E-12 |  2.230E-13 |   55457.20 |   55457.20 |   |
300.30358 |  43.88133 |  5.492E+17 |  1.000E+00 |  1.034E-12 |  2.333E-13 |   55457.20 |   55457.20 |   |
300.30358 |  43.88133 |  7.658E+17 |  1.000E+00 |  1.037E-12 |  2.341E-13 |   55457.20 |   55457.20 |   |
300.30358 |  43.88133 |  2.418E+23 |  1.000E+00 |  4.044E-12 |  2.700E-13 |   55000.00 |   55000.00 |   |
300.30358 |  43.88133 |  4.110E+23 |  1.000E+00 |  4.844E-12 |  2.100E-13 |   55000.00 |   55000.00 |   |
300.30358 |  43.88133 |  7.254E+23 |  1.000E+00 |  5.492E-12 |  1.890E-13 |   55000.00 |   55000.00 |   |
300.30358 |  43.88133 |  1.209E+24 |  1.000E+00 |  5.767E-12 |  2.130E-13 |   55000.00 |   55000.00 |   |
300.30358 |  43.88133 |  2.418E+24 |  1.000E+00 |  5.890E-12 |  2.960E-13 |   55000.00 |   55000.00 |   |
300.30358 |  43.88133 |  4.111E+24 |  1.000E+00 |  5.616E-12 |  3.250E-13 |   55000.00 |   55000.00 |   |
300.30358 |  43.88133 |  7.254E+24 |  1.000E+00 |  5.226E-12 |  4.200E-13 |   55000.00 |   55000.00 |   |
300.30358 |  43.88133 |  1.209E+25 |  1.000E+00 |  4.133E-12 |  3.920E-13 |   55000.00 |   55000.00 |   |
300.30358 |  43.88133 |  2.418E+25 |  1.000E+00 |  2.938E-12 |  3.305E-13 |   55000.00 |   55000.00 |   |
300.30358 |  43.88133 |  4.110E+25 |  1.000E+00 |  1.097E-12 |  6.300E-13 |   55000.00 |   55000.00 |   |
300.30358 |  43.88133 |  1.209E+25 |  1.000E+00 |  1.442E-11 |  3.390E-12 |   55000.00 |   55000.00 |   |
300.30358 |  43.88133 |  2.418E+25 |  1.000E+00 |  2.403E-12 |  5.630E-13 |   55000.00 |   55000.00 |   |
300.30358 |  43.88133 |  7.253E+25 |  1.000E+00 |  3.964E-12 |  0.000E+00 |   55000.00 |   55000.00 | UL|
300.30358 |  43.88133 |  2.418E+26 |  1.000E+00 |  1.856E-11 |  0.000E+00 |   55000.00 |   55000.00 | UL|
300.30358 |  43.88133 |  2.418E+23 |  1.000E+00 |  1.282E-11 |  4.000E-13 |   55000.00 |   55000.00 |   |
300.30358 |  43.88133 |  4.835E+22 |  1.000E+00 |  1.321E-11 |  1.360E-12 |   55000.00 |   55000.00 |   |
300.30358 |  43.88133 |  1.451E+23 |  1.000E+00 |  1.157E-11 |  7.050E-13 |   55000.00 |   55000.00 |   |
300.30358 |  43.88133 |  4.835E+23 |  1.000E+00 |  1.326E-11 |  6.850E-13 |   55000.00 |   55000.00 |   |
300.30358 |  43.88133 |  1.451E+24 |  1.000E+00 |  1.526E-11 |  9.300E-13 |   55000.00 |   55000.00 |   |
300.30358 |  43.88133 |  1.451E+25 |  1.000E+00 |  1.360E-11 |  1.330E-12 |   55000.00 |   55000.00 |   |
300.30358 |  43.88133 |  1.209E+25 |  1.000E+00 |  5.765E-12 |  4.605E-13 |   55000.00 |   55000.00 |   |
300.30358 |  43.88133 |  3.627E+24 |  1.000E+00 |  9.832E-12 |  1.014E-12 |   55000.00 |   55000.00 |   |
300.30358 |  43.88133 |  8.462E+24 |  1.000E+00 |  6.998E-12 |  1.046E-12 |   55000.00 |   55000.00 |   |
300.30358 |  43.88133 |  2.418E+25 |  1.000E+00 |  5.383E-12 |  1.330E-12 |   55000.00 |   55000.00 |   |
300.30358 |  43.88133 |  7.253E+25 |  1.000E+00 |  1.060E-12 |  7.425E-13 |   55000.00 |   55000.00 |   |
300.30358 |  43.88133 |  2.418E+26 |  1.000E+00 |  1.591E-11 |  0.000E+00 |   55000.00 |   55000.00 | UL|
300.30358 |  43.88133 |  2.418E+23 |  1.000E+00 |  5.914E-12 |  1.755E-13 |   55000.00 |   55000.00 |   |
300.30358 |  43.88133 |  1.813E+22 |  1.000E+00 |  1.443E-11 |  0.000E+00 |   55000.00 |   55000.00 | UL|
300.30358 |  43.88133 |  4.835E+22 |  1.000E+00 |  3.272E-12 |  9.790E-13 |   55000.00 |   55000.00 |   |
300.30358 |  43.88133 |  1.451E+23 |  1.000E+00 |  3.755E-12 |  3.145E-13 |   55000.00 |   55000.00 |   |
300.30358 |  43.88133 |  4.835E+23 |  1.000E+00 |  6.032E-12 |  2.735E-13 |   55000.00 |   55000.00 |   |
300.30358 |  43.88133 |  1.451E+24 |  1.000E+00 |  6.537E-12 |  3.350E-13 |   55000.00 |   55000.00 |   |
300.30358 |  43.88133 |  4.835E+24 |  1.000E+00 |  6.265E-12 |  5.445E-13 |   55000.00 |   55000.00 |   |
300.30358 |  43.88133 |  1.451E+25 |  1.000E+00 |  4.432E-12 |  7.475E-13 |   55000.00 |   55000.00 |   |
300.30358 |  43.88133 |  1.451E+26 |  1.000E+00 |  1.307E-12 |  6.637E-13 |   55000.00 |   55000.00 |   |
300.30358 |  43.88133 |  7.254E+24 |  1.000E+00 |  5.226E-12 |  4.200E-13 |   55000.00 |   55000.00 |   |
300.30358 |  43.88133 |  1.209E+25 |  1.000E+00 |  4.158E-12 |  3.940E-13 |   55000.00 |   55000.00 |   |
300.30358 |  43.88133 |  2.418E+25 |  1.000E+00 |  3.060E-12 |  3.445E-13 |   55000.00 |   55000.00 |   |
300.30358 |  43.88133 |  4.110E+25 |  1.000E+00 |  1.254E-12 |  7.206E-13 |   55000.00 |   55000.00 |   |
300.30358 |  43.88133 |  1.209E+25 |  1.000E+00 |  1.510E-11 |  3.550E-12 |   55000.00 |   55000.00 |   |
300.30358 |  43.88133 |  2.418E+25 |  1.000E+00 |  2.466E-12 |  5.775E-13 |   55000.00 |   55000.00 |   |
300.30358 |  43.88133 |  1.451E+25 |  1.000E+00 |  1.375E-11 |  1.345E-12 |   55000.00 |   55000.00 |   |
300.30358 |  43.88133 |  1.209E+25 |  1.000E+00 |  5.799E-12 |  4.635E-13 |   55000.00 |   55000.00 |   |
300.30358 |  43.88133 |  8.462E+24 |  1.000E+00 |  7.006E-12 |  1.047E-12 |   55000.00 |   55000.00 |   |
300.30358 |  43.88133 |  2.418E+25 |  1.000E+00 |  5.563E-12 |  1.374E-12 |   55000.00 |   55000.00 |   |
300.30358 |  43.88133 |  7.253E+25 |  1.000E+00 |  1.465E-12 |  1.026E-12 |   55000.00 |   55000.00 |   |
300.30358 |  43.88133 |  4.835E+24 |  1.000E+00 |  6.265E-12 |  5.445E-13 |   55000.00 |   55000.00 |   |
300.30358 |  43.88133 |  1.451E+25 |  1.000E+00 |  4.487E-12 |  7.565E-13 |   55000.00 |   55000.00 |   |
300.30358 |  43.88133 |  1.451E+26 |  1.000E+00 |  1.992E-12 |  1.012E-12 |   55000.00 |   55000.00 |   |
