313.46300 |  70.40204 |  1.400E+09 |  1.000E+00 |  3.472E-16 |  1.120E-17 |   55000.00 |   55000.00 |   |
313.46300 |  70.40204 |  2.418E+17 |  1.000E+00 |  1.189E-13 |  4.712E-14 |   58834.40 |   58834.40 |   |
313.46300 |  70.40204 |  3.627E+17 |  1.000E+00 |  6.581E-14 |  3.129E-14 |   58834.40 |   58834.40 |   |
313.46300 |  70.40204 |  7.253E+17 |  1.000E+00 |  1.178E-13 |  2.838E-14 |   58834.40 |   58834.40 |   |
313.46300 |  70.40204 |  1.088E+18 |  1.000E+00 |  1.023E-13 |  4.899E-14 |   58834.40 |   58834.40 |   |
313.46300 |  70.40204 |  3.000E+09 |  1.000E+00 |  3.750E-16 |  7.200E-18 |   55000.00 |   55000.00 |   |
313.46300 |  70.40204 |  1.500E+08 |  1.000E+00 |  7.425E-17 |  8.100E-18 |   55000.00 |   55000.00 |   |
313.46300 |  70.40204 |  8.817E+13 |  1.000E+00 |  3.465E-13 |  8.600E-15 |   55000.00 |   55000.00 |   |
313.46300 |  70.40204 |  6.517E+13 |  1.000E+00 |  2.075E-13 |  5.900E-15 |   55000.00 |   55000.00 |   |
313.46300 |  70.40204 |  2.498E+13 |  1.000E+00 |  1.171E-13 |  1.570E-14 |   55000.00 |   55000.00 |   |
313.46300 |  70.40204 |  1.363E+13 |  1.000E+00 |  1.907E-13 |  0.000E+00 |   55000.00 |   55000.00 | UL|
313.46300 |  70.40204 |  8.817E+13 |  1.000E+00 |  3.692E-13 |  2.590E-14 |   55215.91 |   55215.91 |   |
313.46300 |  70.40204 |  6.517E+13 |  1.000E+00 |  2.230E-13 |  3.570E-14 |   55215.91 |   55215.91 |   |
313.46300 |  70.40204 |  2.498E+13 |  1.000E+00 |  2.491E-13 |  0.000E+00 |   55215.91 |   55215.91 | UL|
313.46300 |  70.40204 |  1.363E+13 |  1.000E+00 |  7.204E-13 |  0.000E+00 |   55215.91 |   55215.91 | UL|
313.46300 |  70.40204 |  8.817E+13 |  1.000E+00 |  4.018E-13 |  2.590E-14 |   55215.84 |   55215.84 |   |
313.46300 |  70.40204 |  6.517E+13 |  1.000E+00 |  2.888E-13 |  2.985E-14 |   55215.84 |   55215.84 |   |
313.46300 |  70.40204 |  2.498E+13 |  1.000E+00 |  2.749E-13 |  0.000E+00 |   55215.84 |   55215.84 | UL|
313.46300 |  70.40204 |  1.363E+13 |  1.000E+00 |  9.718E-13 |  0.000E+00 |   55215.84 |   55215.84 | UL|
313.46300 |  70.40204 |  8.817E+13 |  1.000E+00 |  3.891E-13 |  2.865E-14 |   55216.23 |   55216.23 |   |
313.46300 |  70.40204 |  6.517E+13 |  1.000E+00 |  2.213E-13 |  3.065E-14 |   55216.23 |   55216.23 |   |
313.46300 |  70.40204 |  2.498E+13 |  1.000E+00 |  1.843E-13 |  0.000E+00 |   55216.23 |   55216.23 | UL|
313.46300 |  70.40204 |  1.363E+13 |  1.000E+00 |  8.757E-13 |  0.000E+00 |   55216.23 |   55216.23 | UL|
313.46300 |  70.40204 |  8.817E+13 |  1.000E+00 |  3.778E-13 |  2.715E-14 |   55219.88 |   55219.88 |   |
313.46300 |  70.40204 |  6.517E+13 |  1.000E+00 |  2.854E-13 |  3.425E-14 |   55219.88 |   55219.88 |   |
313.46300 |  70.40204 |  2.498E+13 |  1.000E+00 |  2.216E-13 |  0.000E+00 |   55219.88 |   55219.88 | UL|
313.46300 |  70.40204 |  1.363E+13 |  1.000E+00 |  9.153E-13 |  0.000E+00 |   55219.88 |   55219.88 | UL|
313.46300 |  70.40204 |  8.817E+13 |  1.000E+00 |  3.568E-13 |  2.630E-14 |   55219.94 |   55219.94 |   |
313.46300 |  70.40204 |  6.517E+13 |  1.000E+00 |  2.356E-13 |  3.090E-14 |   55219.94 |   55219.94 |   |
313.46300 |  70.40204 |  2.498E+13 |  1.000E+00 |  3.577E-13 |  0.000E+00 |   55219.94 |   55219.94 | UL|
313.46300 |  70.40204 |  1.363E+13 |  1.000E+00 |  8.263E-13 |  0.000E+00 |   55219.94 |   55219.94 | UL|
313.46300 |  70.40204 |  8.817E+13 |  1.000E+00 |  3.845E-13 |  2.905E-14 |   55401.48 |   55401.48 |   |
313.46300 |  70.40204 |  6.517E+13 |  1.000E+00 |  2.215E-13 |  3.735E-14 |   55401.48 |   55401.48 |   |
313.46300 |  70.40204 |  2.498E+13 |  1.000E+00 |  1.982E-13 |  0.000E+00 |   55401.48 |   55401.48 | UL|
313.46300 |  70.40204 |  1.363E+13 |  1.000E+00 |  7.921E-13 |  0.000E+00 |   55401.48 |   55401.48 | UL|
313.46300 |  70.40204 |  8.817E+13 |  1.000E+00 |  3.733E-13 |  2.545E-14 |   55401.61 |   55401.61 |   |
313.46300 |  70.40204 |  6.517E+13 |  1.000E+00 |  2.570E-13 |  3.110E-14 |   55401.61 |   55401.61 |   |
313.46300 |  70.40204 |  8.817E+13 |  1.000E+00 |  3.439E-13 |  2.730E-14 |   55401.75 |   55401.75 |   |
313.46300 |  70.40204 |  6.517E+13 |  1.000E+00 |  2.114E-13 |  3.185E-14 |   55401.75 |   55401.75 |   |
313.46300 |  70.40204 |  2.498E+13 |  1.000E+00 |  2.997E-13 |  0.000E+00 |   55401.75 |   55401.75 | UL|
313.46300 |  70.40204 |  1.363E+13 |  1.000E+00 |  1.032E-12 |  0.000E+00 |   55401.75 |   55401.75 | UL|
313.46300 |  70.40204 |  8.817E+13 |  1.000E+00 |  3.985E-13 |  2.535E-14 |   55401.88 |   55401.88 |   |
313.46300 |  70.40204 |  6.517E+13 |  1.000E+00 |  1.763E-13 |  3.185E-14 |   55401.88 |   55401.88 |   |
313.46300 |  70.40204 |  2.498E+13 |  1.000E+00 |  2.954E-13 |  0.000E+00 |   55401.88 |   55401.88 | UL|
313.46300 |  70.40204 |  1.363E+13 |  1.000E+00 |  8.060E-13 |  0.000E+00 |   55401.88 |   55401.88 | UL|
313.46300 |  70.40204 |  8.817E+13 |  1.000E+00 |  2.960E-13 |  3.580E-14 |   55401.94 |   55401.94 |   |
313.46300 |  70.40204 |  6.517E+13 |  1.000E+00 |  2.313E-13 |  2.860E-14 |   55401.94 |   55401.94 |   |
313.46300 |  70.40204 |  2.498E+13 |  1.000E+00 |  2.970E-13 |  0.000E+00 |   55401.94 |   55401.94 | UL|
313.46300 |  70.40204 |  1.363E+13 |  1.000E+00 |  1.700E-12 |  0.000E+00 |   55401.94 |   55401.94 | UL|
313.46300 |  70.40204 |  8.817E+13 |  1.000E+00 |  3.487E-13 |  2.575E-14 |   55402.01 |   55402.01 |   |
313.46300 |  70.40204 |  6.517E+13 |  1.000E+00 |  2.387E-13 |  3.135E-14 |   55402.01 |   55402.01 |   |
313.46300 |  70.40204 |  2.498E+13 |  1.000E+00 |  1.841E-13 |  0.000E+00 |   55402.01 |   55402.01 | UL|
313.46300 |  70.40204 |  1.363E+13 |  1.000E+00 |  8.009E-13 |  0.000E+00 |   55402.01 |   55402.01 | UL|
313.46300 |  70.40204 |  8.817E+13 |  1.000E+00 |  2.816E-13 |  2.805E-14 |   55402.07 |   55402.07 |   |
313.46300 |  70.40204 |  6.517E+13 |  1.000E+00 |  1.863E-13 |  3.100E-14 |   55402.07 |   55402.07 |   |
313.46300 |  70.40204 |  2.498E+13 |  1.000E+00 |  2.563E-13 |  1.031E-13 |   55402.07 |   55402.07 |   |
313.46300 |  70.40204 |  1.363E+13 |  1.000E+00 |  7.131E-13 |  0.000E+00 |   55402.07 |   55402.07 | UL|
313.46300 |  70.40204 |  8.817E+13 |  1.000E+00 |  3.263E-13 |  2.705E-14 |   55581.04 |   55581.04 |   |
313.46300 |  70.40204 |  6.517E+13 |  1.000E+00 |  2.094E-13 |  3.255E-14 |   55581.04 |   55581.04 |   |
313.46300 |  70.40204 |  8.817E+13 |  1.000E+00 |  3.591E-13 |  2.585E-14 |   55581.23 |   55581.23 |   |
313.46300 |  70.40204 |  6.517E+13 |  1.000E+00 |  2.263E-13 |  3.430E-14 |   55581.23 |   55581.23 |   |
313.46300 |  70.40204 |  8.817E+13 |  1.000E+00 |  3.781E-13 |  2.790E-14 |   55581.30 |   55581.30 |   |
313.46300 |  70.40204 |  6.517E+13 |  1.000E+00 |  1.580E-13 |  3.190E-14 |   55581.30 |   55581.30 |   |
313.46300 |  70.40204 |  8.817E+13 |  1.000E+00 |  3.051E-13 |  2.845E-14 |   55581.36 |   55581.36 |   |
313.46300 |  70.40204 |  6.517E+13 |  1.000E+00 |  1.938E-13 |  3.210E-14 |   55581.36 |   55581.36 |   |
313.46300 |  70.40204 |  8.817E+13 |  1.000E+00 |  3.020E-13 |  2.615E-14 |   55581.43 |   55581.43 |   |
313.46300 |  70.40204 |  6.517E+13 |  1.000E+00 |  2.436E-13 |  3.240E-14 |   55581.43 |   55581.43 |   |
313.46300 |  70.40204 |  8.817E+13 |  1.000E+00 |  3.905E-13 |  2.590E-14 |   55581.50 |   55581.50 |   |
313.46300 |  70.40204 |  6.517E+13 |  1.000E+00 |  2.581E-13 |  3.480E-14 |   55581.50 |   55581.50 |   |
313.46300 |  70.40204 |  8.817E+13 |  1.000E+00 |  2.793E-13 |  2.600E-14 |   55581.56 |   55581.56 |   |
313.46300 |  70.40204 |  6.517E+13 |  1.000E+00 |  1.935E-13 |  3.150E-14 |   55581.56 |   55581.56 |   |
313.46300 |  70.40204 |  8.817E+13 |  1.000E+00 |  3.785E-13 |  2.685E-14 |   55581.63 |   55581.63 |   |
313.46300 |  70.40204 |  6.517E+13 |  1.000E+00 |  2.175E-13 |  3.320E-14 |   55581.63 |   55581.63 |   |
313.46300 |  70.40204 |  8.817E+13 |  1.000E+00 |  3.082E-13 |  2.955E-14 |   55581.76 |   55581.76 |   |
313.46300 |  70.40204 |  6.517E+13 |  1.000E+00 |  2.114E-13 |  3.165E-14 |   55581.76 |   55581.76 |   |
313.46300 |  70.40204 |  8.817E+13 |  1.000E+00 |  2.714E-13 |  2.955E-14 |   55581.89 |   55581.89 |   |
313.46300 |  70.40204 |  6.517E+13 |  1.000E+00 |  1.784E-13 |  3.155E-14 |   55581.89 |   55581.89 |   |
313.46300 |  70.40204 |  8.817E+13 |  1.000E+00 |  2.834E-13 |  2.560E-14 |   55582.03 |   55582.03 |   |
313.46300 |  70.40204 |  6.517E+13 |  1.000E+00 |  1.846E-13 |  3.125E-14 |   55582.03 |   55582.03 |   |
313.46300 |  70.40204 |  8.817E+13 |  1.000E+00 |  2.552E-13 |  2.565E-14 |   55580.64 |   55580.64 |   |
313.46300 |  70.40204 |  6.517E+13 |  1.000E+00 |  1.732E-13 |  3.370E-14 |   55580.64 |   55580.64 |   |
313.46300 |  70.40204 |  8.817E+13 |  1.000E+00 |  2.887E-13 |  3.220E-14 |   55580.70 |   55580.70 |   |
313.46300 |  70.40204 |  6.517E+13 |  1.000E+00 |  1.868E-13 |  3.130E-14 |   55580.70 |   55580.70 |   |
313.46300 |  70.40204 |  8.817E+13 |  1.000E+00 |  2.744E-13 |  2.730E-14 |   55580.77 |   55580.77 |   |
313.46300 |  70.40204 |  6.517E+13 |  1.000E+00 |  2.089E-13 |  3.210E-14 |   55580.77 |   55580.77 |   |
313.46300 |  70.40204 |  8.817E+13 |  1.000E+00 |  3.449E-13 |  2.540E-14 |   55580.84 |   55580.84 |   |
313.46300 |  70.40204 |  6.517E+13 |  1.000E+00 |  1.944E-13 |  3.420E-14 |   55580.84 |   55580.84 |   |
313.46300 |  70.40204 |  8.817E+13 |  1.000E+00 |  2.847E-13 |  2.570E-14 |   55580.90 |   55580.90 |   |
313.46300 |  70.40204 |  6.517E+13 |  1.000E+00 |  2.369E-13 |  3.810E-14 |   55580.90 |   55580.90 |   |
313.46300 |  70.40204 |  8.817E+13 |  1.000E+00 |  3.503E-13 |  2.615E-14 |   55580.97 |   55580.97 |   |
313.46300 |  70.40204 |  6.517E+13 |  1.000E+00 |  1.516E-13 |  3.405E-14 |   55580.97 |   55580.97 |   |
313.46300 |  70.40204 |  8.817E+13 |  1.000E+00 |  3.967E-13 |  2.705E-14 |   55214.65 |   55214.65 |   |
313.46300 |  70.40204 |  6.517E+13 |  1.000E+00 |  2.292E-13 |  3.710E-14 |   55214.65 |   55214.65 |   |
313.46300 |  70.40204 |  2.498E+13 |  1.000E+00 |  3.574E-13 |  0.000E+00 |   55214.65 |   55214.65 | UL|
313.46300 |  70.40204 |  1.363E+13 |  1.000E+00 |  1.042E-12 |  0.000E+00 |   55214.65 |   55214.65 | UL|
313.46300 |  70.40204 |  8.817E+13 |  1.000E+00 |  2.965E-13 |  2.705E-14 |   55214.71 |   55214.71 |   |
313.46300 |  70.40204 |  6.517E+13 |  1.000E+00 |  1.987E-13 |  3.365E-14 |   55214.71 |   55214.71 |   |
313.46300 |  70.40204 |  2.498E+13 |  1.000E+00 |  2.584E-13 |  0.000E+00 |   55214.71 |   55214.71 | UL|
313.46300 |  70.40204 |  1.363E+13 |  1.000E+00 |  7.769E-13 |  0.000E+00 |   55214.71 |   55214.71 | UL|
313.46300 |  70.40204 |  8.817E+13 |  1.000E+00 |  3.398E-13 |  2.635E-14 |   55214.78 |   55214.78 |   |
313.46300 |  70.40204 |  6.517E+13 |  1.000E+00 |  2.189E-13 |  3.300E-14 |   55214.78 |   55214.78 |   |
313.46300 |  70.40204 |  2.498E+13 |  1.000E+00 |  3.664E-13 |  0.000E+00 |   55214.78 |   55214.78 | UL|
313.46300 |  70.40204 |  1.363E+13 |  1.000E+00 |  7.447E-13 |  0.000E+00 |   55214.78 |   55214.78 | UL|
313.46300 |  70.40204 |  8.817E+13 |  1.000E+00 |  3.706E-13 |  2.595E-14 |   55214.78 |   55214.78 |   |
313.46300 |  70.40204 |  6.517E+13 |  1.000E+00 |  2.155E-13 |  3.150E-14 |   55214.78 |   55214.78 |   |
313.46300 |  70.40204 |  2.498E+13 |  1.000E+00 |  3.400E-13 |  0.000E+00 |   55214.78 |   55214.78 | UL|
313.46300 |  70.40204 |  1.363E+13 |  1.000E+00 |  7.691E-13 |  0.000E+00 |   55214.78 |   55214.78 | UL|
313.46300 |  70.40204 |  8.817E+13 |  1.000E+00 |  4.290E-13 |  2.685E-14 |   55214.85 |   55214.85 |   |
313.46300 |  70.40204 |  6.517E+13 |  1.000E+00 |  2.215E-13 |  3.500E-14 |   55214.85 |   55214.85 |   |
313.46300 |  70.40204 |  2.498E+13 |  1.000E+00 |  3.756E-13 |  0.000E+00 |   55214.85 |   55214.85 | UL|
313.46300 |  70.40204 |  1.363E+13 |  1.000E+00 |  1.135E-12 |  0.000E+00 |   55214.85 |   55214.85 | UL|
313.46300 |  70.40204 |  8.817E+13 |  1.000E+00 |  4.212E-13 |  2.835E-14 |   55214.91 |   55214.91 |   |
313.46300 |  70.40204 |  6.517E+13 |  1.000E+00 |  2.049E-13 |  2.990E-14 |   55214.91 |   55214.91 |   |
313.46300 |  70.40204 |  2.498E+13 |  1.000E+00 |  1.946E-13 |  0.000E+00 |   55214.91 |   55214.91 | UL|
313.46300 |  70.40204 |  1.363E+13 |  1.000E+00 |  7.972E-13 |  0.000E+00 |   55214.91 |   55214.91 | UL|
313.46300 |  70.40204 |  8.817E+13 |  1.000E+00 |  3.367E-13 |  2.545E-14 |   55214.98 |   55214.98 |   |
313.46300 |  70.40204 |  6.517E+13 |  1.000E+00 |  1.822E-13 |  2.985E-14 |   55214.98 |   55214.98 |   |
313.46300 |  70.40204 |  2.498E+13 |  1.000E+00 |  2.043E-13 |  9.475E-14 |   55214.98 |   55214.98 |   |
313.46300 |  70.40204 |  1.363E+13 |  1.000E+00 |  6.962E-13 |  0.000E+00 |   55214.98 |   55214.98 | UL|
313.46300 |  70.40204 |  8.817E+13 |  1.000E+00 |  3.487E-13 |  2.475E-14 |   55215.05 |   55215.05 |   |
313.46300 |  70.40204 |  6.517E+13 |  1.000E+00 |  2.849E-13 |  3.185E-14 |   55215.05 |   55215.05 |   |
313.46300 |  70.40204 |  2.498E+13 |  1.000E+00 |  3.323E-13 |  0.000E+00 |   55215.05 |   55215.05 | UL|
313.46300 |  70.40204 |  1.363E+13 |  1.000E+00 |  1.155E-12 |  0.000E+00 |   55215.05 |   55215.05 | UL|
313.46300 |  70.40204 |  8.817E+13 |  1.000E+00 |  4.326E-13 |  2.755E-14 |   55215.24 |   55215.24 |   |
313.46300 |  70.40204 |  6.517E+13 |  1.000E+00 |  2.713E-13 |  3.180E-14 |   55215.24 |   55215.24 |   |
313.46300 |  70.40204 |  2.498E+13 |  1.000E+00 |  2.868E-13 |  0.000E+00 |   55215.24 |   55215.24 | UL|
313.46300 |  70.40204 |  1.363E+13 |  1.000E+00 |  8.961E-13 |  0.000E+00 |   55215.24 |   55215.24 | UL|
313.46300 |  70.40204 |  8.817E+13 |  1.000E+00 |  4.135E-13 |  2.590E-14 |   55215.31 |   55215.31 |   |
313.46300 |  70.40204 |  6.517E+13 |  1.000E+00 |  2.713E-13 |  3.055E-14 |   55215.31 |   55215.31 |   |
313.46300 |  70.40204 |  2.498E+13 |  1.000E+00 |  3.293E-13 |  0.000E+00 |   55215.31 |   55215.31 | UL|
313.46300 |  70.40204 |  1.363E+13 |  1.000E+00 |  9.323E-13 |  0.000E+00 |   55215.31 |   55215.31 | UL|
313.46300 |  70.40204 |  8.817E+13 |  1.000E+00 |  3.852E-13 |  2.700E-14 |   55215.38 |   55215.38 |   |
313.46300 |  70.40204 |  6.517E+13 |  1.000E+00 |  2.157E-13 |  3.395E-14 |   55215.38 |   55215.38 |   |
313.46300 |  70.40204 |  2.498E+13 |  1.000E+00 |  1.926E-13 |  0.000E+00 |   55215.38 |   55215.38 | UL|
313.46300 |  70.40204 |  1.363E+13 |  1.000E+00 |  1.098E-12 |  0.000E+00 |   55215.38 |   55215.38 | UL|
313.46300 |  70.40204 |  8.817E+13 |  1.000E+00 |  4.294E-13 |  2.610E-14 |   55215.57 |   55215.57 |   |
313.46300 |  70.40204 |  6.517E+13 |  1.000E+00 |  2.108E-13 |  4.400E-14 |   55215.57 |   55215.57 |   |
313.46300 |  70.40204 |  2.498E+13 |  1.000E+00 |  2.028E-13 |  0.000E+00 |   55215.57 |   55215.57 | UL|
313.46300 |  70.40204 |  1.363E+13 |  1.000E+00 |  1.003E-12 |  0.000E+00 |   55215.57 |   55215.57 | UL|
313.46300 |  70.40204 |  8.817E+13 |  1.000E+00 |  4.142E-13 |  2.710E-14 |   55215.64 |   55215.64 |   |
313.46300 |  70.40204 |  6.517E+13 |  1.000E+00 |  2.810E-13 |  3.110E-14 |   55215.64 |   55215.64 |   |
313.46300 |  70.40204 |  2.498E+13 |  1.000E+00 |  4.269E-13 |  9.595E-14 |   55215.64 |   55215.64 |   |
313.46300 |  70.40204 |  1.363E+13 |  1.000E+00 |  7.111E-13 |  0.000E+00 |   55215.64 |   55215.64 | UL|
313.46300 |  70.40204 |  8.817E+13 |  1.000E+00 |  3.312E-13 |  2.655E-14 |   55215.71 |   55215.71 |   |
313.46300 |  70.40204 |  6.517E+13 |  1.000E+00 |  2.779E-13 |  3.695E-14 |   55215.71 |   55215.71 |   |
313.46300 |  70.40204 |  2.498E+13 |  1.000E+00 |  2.537E-13 |  0.000E+00 |   55215.71 |   55215.71 | UL|
313.46300 |  70.40204 |  1.363E+13 |  1.000E+00 |  8.263E-13 |  0.000E+00 |   55215.71 |   55215.71 | UL|
313.46300 |  70.40204 |  8.817E+13 |  1.000E+00 |  3.733E-13 |  2.615E-14 |   55215.77 |   55215.77 |   |
313.46300 |  70.40204 |  6.517E+13 |  1.000E+00 |  1.615E-13 |  3.495E-14 |   55215.77 |   55215.77 |   |
313.46300 |  70.40204 |  2.498E+13 |  1.000E+00 |  2.412E-13 |  9.610E-14 |   55215.77 |   55215.77 |   |
313.46300 |  70.40204 |  1.363E+13 |  1.000E+00 |  7.691E-13 |  0.000E+00 |   55215.77 |   55215.77 | UL|
313.46300 |  70.40204 |  8.817E+13 |  1.000E+00 |  4.370E-13 |  2.740E-14 |   55215.97 |   55215.97 |   |
313.46300 |  70.40204 |  6.517E+13 |  1.000E+00 |  2.523E-13 |  3.520E-14 |   55215.97 |   55215.97 |   |
313.46300 |  70.40204 |  2.498E+13 |  1.000E+00 |  2.148E-13 |  9.980E-14 |   55215.97 |   55215.97 |   |
313.46300 |  70.40204 |  1.363E+13 |  1.000E+00 |  1.027E-12 |  0.000E+00 |   55215.97 |   55215.97 | UL|
313.46300 |  70.40204 |  8.817E+13 |  1.000E+00 |  3.920E-13 |  2.745E-14 |   55213.79 |   55213.79 |   |
313.46300 |  70.40204 |  6.517E+13 |  1.000E+00 |  2.434E-13 |  2.855E-14 |   55213.79 |   55213.79 |   |
313.46300 |  70.40204 |  2.498E+13 |  1.000E+00 |  2.110E-13 |  0.000E+00 |   55213.79 |   55213.79 | UL|
313.46300 |  70.40204 |  1.363E+13 |  1.000E+00 |  8.830E-13 |  0.000E+00 |   55213.79 |   55213.79 | UL|
313.46300 |  70.40204 |  8.817E+13 |  1.000E+00 |  3.595E-13 |  2.585E-14 |   55402.61 |   55402.61 |   |
313.46300 |  70.40204 |  6.517E+13 |  1.000E+00 |  2.666E-13 |  3.250E-14 |   55402.61 |   55402.61 |   |
313.46300 |  70.40204 |  8.817E+13 |  1.000E+00 |  4.294E-13 |  2.770E-14 |   55214.05 |   55214.05 |   |
313.46300 |  70.40204 |  6.517E+13 |  1.000E+00 |  2.756E-13 |  3.260E-14 |   55214.05 |   55214.05 |   |
313.46300 |  70.40204 |  2.498E+13 |  1.000E+00 |  2.320E-13 |  1.020E-13 |   55214.05 |   55214.05 |   |
313.46300 |  70.40204 |  1.363E+13 |  1.000E+00 |  7.460E-13 |  0.000E+00 |   55214.05 |   55214.05 | UL|
313.46300 |  70.40204 |  8.817E+13 |  1.000E+00 |  2.707E-13 |  2.950E-14 |   55214.25 |   55214.25 |   |
313.46300 |  70.40204 |  6.517E+13 |  1.000E+00 |  2.463E-13 |  3.460E-14 |   55214.25 |   55214.25 |   |
313.46300 |  70.40204 |  2.498E+13 |  1.000E+00 |  3.081E-13 |  0.000E+00 |   55214.25 |   55214.25 | UL|
313.46300 |  70.40204 |  1.363E+13 |  1.000E+00 |  6.924E-13 |  0.000E+00 |   55214.25 |   55214.25 | UL|
313.46300 |  70.40204 |  8.817E+13 |  1.000E+00 |  3.971E-13 |  2.635E-14 |   55214.25 |   55214.25 |   |
313.46300 |  70.40204 |  6.517E+13 |  1.000E+00 |  2.331E-13 |  3.320E-14 |   55214.25 |   55214.25 |   |
313.46300 |  70.40204 |  2.498E+13 |  1.000E+00 |  2.074E-13 |  0.000E+00 |   55214.25 |   55214.25 | UL|
313.46300 |  70.40204 |  1.363E+13 |  1.000E+00 |  8.188E-13 |  0.000E+00 |   55214.25 |   55214.25 | UL|
313.46300 |  70.40204 |  8.817E+13 |  1.000E+00 |  4.467E-13 |  3.295E-14 |   55214.32 |   55214.32 |   |
313.46300 |  70.40204 |  6.517E+13 |  1.000E+00 |  3.378E-13 |  3.400E-14 |   55214.32 |   55214.32 |   |
313.46300 |  70.40204 |  2.498E+13 |  1.000E+00 |  3.419E-13 |  0.000E+00 |   55214.32 |   55214.32 | UL|
313.46300 |  70.40204 |  1.363E+13 |  1.000E+00 |  1.066E-12 |  5.292E-13 |   55214.32 |   55214.32 |   |
313.46300 |  70.40204 |  8.817E+13 |  1.000E+00 |  4.274E-13 |  2.795E-14 |   55214.38 |   55214.38 |   |
313.46300 |  70.40204 |  6.517E+13 |  1.000E+00 |  2.313E-13 |  3.145E-14 |   55214.38 |   55214.38 |   |
313.46300 |  70.40204 |  2.498E+13 |  1.000E+00 |  2.654E-13 |  1.073E-13 |   55214.38 |   55214.38 |   |
313.46300 |  70.40204 |  1.363E+13 |  1.000E+00 |  9.514E-13 |  0.000E+00 |   55214.38 |   55214.38 | UL|
313.46300 |  70.40204 |  8.817E+13 |  1.000E+00 |  3.068E-13 |  2.630E-14 |   55214.58 |   55214.58 |   |
313.46300 |  70.40204 |  6.517E+13 |  1.000E+00 |  2.271E-13 |  3.080E-14 |   55214.58 |   55214.58 |   |
313.46300 |  70.40204 |  2.498E+13 |  1.000E+00 |  2.058E-13 |  0.000E+00 |   55214.58 |   55214.58 | UL|
313.46300 |  70.40204 |  1.363E+13 |  1.000E+00 |  1.322E-12 |  0.000E+00 |   55214.58 |   55214.58 | UL|
313.46300 |  70.40204 |  8.817E+13 |  1.000E+00 |  3.198E-13 |  3.100E-14 |   55579.71 |   55579.71 |   |
313.46300 |  70.40204 |  6.517E+13 |  1.000E+00 |  1.763E-13 |  3.630E-14 |   55579.71 |   55579.71 |   |
313.46300 |  70.40204 |  8.817E+13 |  1.000E+00 |  3.678E-13 |  2.645E-14 |   55579.78 |   55579.78 |   |
313.46300 |  70.40204 |  6.517E+13 |  1.000E+00 |  2.356E-13 |  3.225E-14 |   55579.78 |   55579.78 |   |
313.46300 |  70.40204 |  8.817E+13 |  1.000E+00 |  3.204E-13 |  2.690E-14 |   55579.84 |   55579.84 |   |
313.46300 |  70.40204 |  6.517E+13 |  1.000E+00 |  1.118E-13 |  3.761E-14 |   55579.84 |   55579.84 |   |
313.46300 |  70.40204 |  8.817E+13 |  1.000E+00 |  2.460E-13 |  2.700E-14 |   55579.91 |   55579.91 |   |
313.46300 |  70.40204 |  6.517E+13 |  1.000E+00 |  1.907E-13 |  3.335E-14 |   55579.91 |   55579.91 |   |
313.46300 |  70.40204 |  8.817E+13 |  1.000E+00 |  3.611E-13 |  2.695E-14 |   55579.91 |   55579.91 |   |
313.46300 |  70.40204 |  6.517E+13 |  1.000E+00 |  1.723E-13 |  3.275E-14 |   55579.91 |   55579.91 |   |
313.46300 |  70.40204 |  8.817E+13 |  1.000E+00 |  3.248E-13 |  2.815E-14 |   55579.98 |   55579.98 |   |
313.46300 |  70.40204 |  6.517E+13 |  1.000E+00 |  1.384E-13 |  3.595E-14 |   55579.98 |   55579.98 |   |
313.46300 |  70.40204 |  8.817E+13 |  1.000E+00 |  3.297E-13 |  2.615E-14 |   55580.04 |   55580.04 |   |
313.46300 |  70.40204 |  6.517E+13 |  1.000E+00 |  1.995E-13 |  3.190E-14 |   55580.04 |   55580.04 |   |
313.46300 |  70.40204 |  8.817E+13 |  1.000E+00 |  3.318E-13 |  3.615E-14 |   55580.18 |   55580.18 |   |
313.46300 |  70.40204 |  6.517E+13 |  1.000E+00 |  1.633E-13 |  3.810E-14 |   55580.18 |   55580.18 |   |
313.46300 |  70.40204 |  8.817E+13 |  1.000E+00 |  2.446E-13 |  2.800E-14 |   55580.24 |   55580.24 |   |
313.46300 |  70.40204 |  6.517E+13 |  1.000E+00 |  2.122E-13 |  3.080E-14 |   55580.24 |   55580.24 |   |
313.46300 |  70.40204 |  8.817E+13 |  1.000E+00 |  3.134E-13 |  2.660E-14 |   55580.31 |   55580.31 |   |
313.46300 |  70.40204 |  6.517E+13 |  1.000E+00 |  1.647E-13 |  3.295E-14 |   55580.31 |   55580.31 |   |
313.46300 |  70.40204 |  8.817E+13 |  1.000E+00 |  3.233E-13 |  2.685E-14 |   55580.38 |   55580.38 |   |
313.46300 |  70.40204 |  6.517E+13 |  1.000E+00 |  1.747E-13 |  3.400E-14 |   55580.38 |   55580.38 |   |
313.46300 |  70.40204 |  8.817E+13 |  1.000E+00 |  3.318E-13 |  2.755E-14 |   55580.50 |   55580.50 |   |
313.46300 |  70.40204 |  6.517E+13 |  1.000E+00 |  2.133E-13 |  3.175E-14 |   55580.50 |   55580.50 |   |
313.46300 |  70.40204 |  8.817E+13 |  1.000E+00 |  3.088E-13 |  2.650E-14 |   55580.57 |   55580.57 |   |
313.46300 |  70.40204 |  6.517E+13 |  1.000E+00 |  1.540E-13 |  3.085E-14 |   55580.57 |   55580.57 |   |
313.46300 |  70.40204 |  8.817E+13 |  1.000E+00 |  3.373E-13 |  2.550E-14 |   55403.86 |   55403.86 |   |
313.46300 |  70.40204 |  6.517E+13 |  1.000E+00 |  1.791E-13 |  3.100E-14 |   55403.86 |   55403.86 |   |
313.46300 |  70.40204 |  2.498E+13 |  1.000E+00 |  2.091E-13 |  9.400E-14 |   55403.86 |   55403.86 |   |
313.46300 |  70.40204 |  1.363E+13 |  1.000E+00 |  7.317E-13 |  0.000E+00 |   55403.86 |   55403.86 | UL|
313.46300 |  70.40204 |  8.817E+13 |  1.000E+00 |  2.599E-13 |  2.445E-14 |   55403.93 |   55403.93 |   |
313.46300 |  70.40204 |  6.517E+13 |  1.000E+00 |  1.863E-13 |  2.930E-14 |   55403.93 |   55403.93 |   |
313.46300 |  70.40204 |  2.498E+13 |  1.000E+00 |  2.591E-13 |  0.000E+00 |   55403.93 |   55403.93 | UL|
313.46300 |  70.40204 |  1.363E+13 |  1.000E+00 |  7.118E-13 |  0.000E+00 |   55403.93 |   55403.93 | UL|
313.46300 |  70.40204 |  8.817E+13 |  1.000E+00 |  3.370E-13 |  2.700E-14 |   55403.93 |   55403.93 |   |
313.46300 |  70.40204 |  6.517E+13 |  1.000E+00 |  9.347E-14 |  2.661E-14 |   55403.93 |   55403.93 |   |
313.46300 |  70.40204 |  2.498E+13 |  1.000E+00 |  2.482E-13 |  0.000E+00 |   55403.93 |   55403.93 | UL|
313.46300 |  70.40204 |  1.363E+13 |  1.000E+00 |  1.258E-12 |  0.000E+00 |   55403.93 |   55403.93 | UL|
313.46300 |  70.40204 |  8.817E+13 |  1.000E+00 |  3.062E-13 |  2.855E-14 |   55403.99 |   55403.99 |   |
313.46300 |  70.40204 |  6.517E+13 |  1.000E+00 |  2.173E-13 |  2.910E-14 |   55403.99 |   55403.99 |   |
313.46300 |  70.40204 |  2.498E+13 |  1.000E+00 |  1.946E-13 |  9.760E-14 |   55403.99 |   55403.99 |   |
313.46300 |  70.40204 |  1.363E+13 |  1.000E+00 |  6.848E-13 |  0.000E+00 |   55403.99 |   55403.99 | UL|
313.46300 |  70.40204 |  8.817E+13 |  1.000E+00 |  3.043E-13 |  2.665E-14 |   55404.06 |   55404.06 |   |
313.46300 |  70.40204 |  6.517E+13 |  1.000E+00 |  2.836E-13 |  3.320E-14 |   55404.06 |   55404.06 |   |
313.46300 |  70.40204 |  2.498E+13 |  1.000E+00 |  2.216E-13 |  1.027E-13 |   55404.06 |   55404.06 |   |
313.46300 |  70.40204 |  1.363E+13 |  1.000E+00 |  7.059E-13 |  0.000E+00 |   55404.06 |   55404.06 | UL|
313.46300 |  70.40204 |  8.817E+13 |  1.000E+00 |  2.850E-13 |  2.390E-14 |   55404.12 |   55404.12 |   |
313.46300 |  70.40204 |  6.517E+13 |  1.000E+00 |  2.181E-13 |  2.925E-14 |   55404.12 |   55404.12 |   |
313.46300 |  70.40204 |  2.498E+13 |  1.000E+00 |  2.544E-13 |  1.054E-13 |   55404.12 |   55404.12 |   |
313.46300 |  70.40204 |  1.363E+13 |  1.000E+00 |  1.891E-12 |  0.000E+00 |   55404.12 |   55404.12 | UL|
313.46300 |  70.40204 |  8.817E+13 |  1.000E+00 |  3.568E-13 |  2.760E-14 |   55404.19 |   55404.19 |   |
313.46300 |  70.40204 |  6.517E+13 |  1.000E+00 |  2.504E-13 |  3.145E-14 |   55404.19 |   55404.19 |   |
313.46300 |  70.40204 |  2.498E+13 |  1.000E+00 |  4.716E-13 |  0.000E+00 |   55404.19 |   55404.19 | UL|
313.46300 |  70.40204 |  1.363E+13 |  1.000E+00 |  8.709E-13 |  0.000E+00 |   55404.19 |   55404.19 | UL|
313.46300 |  70.40204 |  8.817E+13 |  1.000E+00 |  3.706E-13 |  2.630E-14 |   55404.32 |   55404.32 |   |
313.46300 |  70.40204 |  6.517E+13 |  1.000E+00 |  1.662E-13 |  2.905E-14 |   55404.32 |   55404.32 |   |
313.46300 |  70.40204 |  2.498E+13 |  1.000E+00 |  1.846E-13 |  0.000E+00 |   55404.32 |   55404.32 | UL|
313.46300 |  70.40204 |  1.363E+13 |  1.000E+00 |  1.067E-12 |  0.000E+00 |   55404.32 |   55404.32 | UL|
313.46300 |  70.40204 |  8.817E+13 |  1.000E+00 |  3.401E-13 |  2.570E-14 |   55404.46 |   55404.46 |   |
313.46300 |  70.40204 |  6.517E+13 |  1.000E+00 |  2.447E-13 |  2.780E-14 |   55404.46 |   55404.46 |   |
313.46300 |  70.40204 |  2.498E+13 |  1.000E+00 |  2.679E-13 |  0.000E+00 |   55404.46 |   55404.46 | UL|
313.46300 |  70.40204 |  1.363E+13 |  1.000E+00 |  7.891E-13 |  3.689E-13 |   55404.46 |   55404.46 |   |
313.46300 |  70.40204 |  8.817E+13 |  1.000E+00 |  3.471E-13 |  2.530E-14 |   55411.00 |   55411.00 |   |
313.46300 |  70.40204 |  6.517E+13 |  1.000E+00 |  2.015E-13 |  2.980E-14 |   55411.00 |   55411.00 |   |
313.46300 |  70.40204 |  2.498E+13 |  1.000E+00 |  3.742E-13 |  0.000E+00 |   55411.00 |   55411.00 | UL|
313.46300 |  70.40204 |  1.363E+13 |  1.000E+00 |  1.013E-12 |  0.000E+00 |   55411.00 |   55411.00 | UL|
313.46300 |  70.40204 |  8.817E+13 |  1.000E+00 |  2.869E-13 |  2.570E-14 |   55411.07 |   55411.07 |   |
313.46300 |  70.40204 |  6.517E+13 |  1.000E+00 |  1.841E-13 |  2.895E-14 |   55411.07 |   55411.07 |   |
313.46300 |  70.40204 |  2.498E+13 |  1.000E+00 |  3.708E-13 |  0.000E+00 |   55411.07 |   55411.07 | UL|
313.46300 |  70.40204 |  1.363E+13 |  1.000E+00 |  9.069E-13 |  0.000E+00 |   55411.07 |   55411.07 | UL|
313.46300 |  70.40204 |  8.817E+13 |  1.000E+00 |  3.795E-13 |  2.660E-14 |   55579.32 |   55579.32 |   |
313.46300 |  70.40204 |  6.517E+13 |  1.000E+00 |  1.602E-13 |  3.255E-14 |   55579.32 |   55579.32 |   |
313.46300 |  70.40204 |  8.817E+13 |  1.000E+00 |  3.414E-13 |  3.145E-14 |   55579.58 |   55579.58 |   |
313.46300 |  70.40204 |  6.517E+13 |  1.000E+00 |  2.043E-13 |  3.290E-14 |   55579.58 |   55579.58 |   |
313.46300 |  70.40204 |  8.817E+13 |  1.000E+00 |  2.990E-13 |  2.730E-14 |   55579.64 |   55579.64 |   |
313.46300 |  70.40204 |  6.517E+13 |  1.000E+00 |  2.100E-13 |  3.515E-14 |   55579.64 |   55579.64 |   |
313.46300 |  70.40204 |  8.817E+13 |  1.000E+00 |  2.916E-13 |  2.800E-14 |   55579.71 |   55579.71 |   |
313.46300 |  70.40204 |  6.517E+13 |  1.000E+00 |  1.715E-13 |  3.290E-14 |   55579.71 |   55579.71 |   |
313.46300 |  70.40204 |  8.817E+13 |  1.000E+00 |  3.699E-13 |  2.625E-14 |   55402.67 |   55402.67 |   |
313.46300 |  70.40204 |  6.517E+13 |  1.000E+00 |  2.620E-13 |  3.580E-14 |   55402.67 |   55402.67 |   |
313.46300 |  70.40204 |  2.498E+13 |  1.000E+00 |  4.006E-13 |  0.000E+00 |   55402.67 |   55402.67 | UL|
313.46300 |  70.40204 |  1.363E+13 |  1.000E+00 |  1.230E-12 |  0.000E+00 |   55402.67 |   55402.67 | UL|
313.46300 |  70.40204 |  8.817E+13 |  1.000E+00 |  2.906E-13 |  2.680E-14 |   55402.74 |   55402.74 |   |
313.46300 |  70.40204 |  6.517E+13 |  1.000E+00 |  2.356E-13 |  3.375E-14 |   55402.74 |   55402.74 |   |
313.46300 |  70.40204 |  2.498E+13 |  1.000E+00 |  2.572E-13 |  0.000E+00 |   55402.74 |   55402.74 | UL|
313.46300 |  70.40204 |  1.363E+13 |  1.000E+00 |  8.001E-13 |  0.000E+00 |   55402.74 |   55402.74 | UL|
313.46300 |  70.40204 |  8.817E+13 |  1.000E+00 |  3.239E-13 |  2.565E-14 |   55402.80 |   55402.80 |   |
313.46300 |  70.40204 |  6.517E+13 |  1.000E+00 |  1.653E-13 |  2.890E-14 |   55402.80 |   55402.80 |   |
313.46300 |  70.40204 |  2.498E+13 |  1.000E+00 |  3.039E-13 |  0.000E+00 |   55402.80 |   55402.80 | UL|
313.46300 |  70.40204 |  1.363E+13 |  1.000E+00 |  7.719E-13 |  0.000E+00 |   55402.80 |   55402.80 | UL|
313.46300 |  70.40204 |  8.817E+13 |  1.000E+00 |  4.104E-13 |  3.100E-14 |   55402.87 |   55402.87 |   |
313.46300 |  70.40204 |  6.517E+13 |  1.000E+00 |  2.324E-13 |  3.050E-14 |   55402.87 |   55402.87 |   |
313.46300 |  70.40204 |  2.498E+13 |  1.000E+00 |  2.813E-13 |  0.000E+00 |   55402.87 |   55402.87 | UL|
313.46300 |  70.40204 |  1.363E+13 |  1.000E+00 |  1.008E-12 |  0.000E+00 |   55402.87 |   55402.87 | UL|
313.46300 |  70.40204 |  8.817E+13 |  1.000E+00 |  3.481E-13 |  2.505E-14 |   55402.93 |   55402.93 |   |
313.46300 |  70.40204 |  6.517E+13 |  1.000E+00 |  1.773E-13 |  3.170E-14 |   55402.93 |   55402.93 |   |
313.46300 |  70.40204 |  2.498E+13 |  1.000E+00 |  2.222E-13 |  0.000E+00 |   55402.93 |   55402.93 | UL|
313.46300 |  70.40204 |  1.363E+13 |  1.000E+00 |  7.662E-13 |  0.000E+00 |   55402.93 |   55402.93 | UL|
313.46300 |  70.40204 |  8.817E+13 |  1.000E+00 |  3.712E-13 |  2.770E-14 |   55403.00 |   55403.00 |   |
313.46300 |  70.40204 |  6.517E+13 |  1.000E+00 |  8.462E-14 |  3.430E-14 |   55403.00 |   55403.00 |   |
313.46300 |  70.40204 |  2.498E+13 |  1.000E+00 |  3.448E-13 |  0.000E+00 |   55403.00 |   55403.00 | UL|
313.46300 |  70.40204 |  1.363E+13 |  1.000E+00 |  1.689E-12 |  0.000E+00 |   55403.00 |   55403.00 | UL|
313.46300 |  70.40204 |  8.817E+13 |  1.000E+00 |  3.198E-13 |  2.715E-14 |   55403.07 |   55403.07 |   |
313.46300 |  70.40204 |  6.517E+13 |  1.000E+00 |  1.558E-13 |  2.815E-14 |   55403.07 |   55403.07 |   |
313.46300 |  70.40204 |  2.498E+13 |  1.000E+00 |  3.259E-13 |  0.000E+00 |   55403.07 |   55403.07 | UL|
313.46300 |  70.40204 |  1.363E+13 |  1.000E+00 |  8.355E-13 |  0.000E+00 |   55403.07 |   55403.07 | UL|
313.46300 |  70.40204 |  8.817E+13 |  1.000E+00 |  3.071E-13 |  2.805E-14 |   55403.13 |   55403.13 |   |
313.46300 |  70.40204 |  6.517E+13 |  1.000E+00 |  1.586E-13 |  3.010E-14 |   55403.13 |   55403.13 |   |
313.46300 |  70.40204 |  2.498E+13 |  1.000E+00 |  1.932E-13 |  0.000E+00 |   55403.13 |   55403.13 | UL|
313.46300 |  70.40204 |  1.363E+13 |  1.000E+00 |  1.092E-12 |  0.000E+00 |   55403.13 |   55403.13 | UL|
313.46300 |  70.40204 |  8.817E+13 |  1.000E+00 |  3.224E-13 |  2.500E-14 |   55403.20 |   55403.20 |   |
313.46300 |  70.40204 |  6.517E+13 |  1.000E+00 |  1.729E-13 |  2.880E-14 |   55403.20 |   55403.20 |   |
313.46300 |  70.40204 |  2.498E+13 |  1.000E+00 |  2.116E-13 |  9.770E-14 |   55403.20 |   55403.20 |   |
313.46300 |  70.40204 |  1.363E+13 |  1.000E+00 |  7.297E-13 |  0.000E+00 |   55403.20 |   55403.20 | UL|
313.46300 |  70.40204 |  8.817E+13 |  1.000E+00 |  3.747E-13 |  2.625E-14 |   55403.27 |   55403.27 |   |
313.46300 |  70.40204 |  6.517E+13 |  1.000E+00 |  2.118E-13 |  3.330E-14 |   55403.27 |   55403.27 |   |
313.46300 |  70.40204 |  2.498E+13 |  1.000E+00 |  2.565E-13 |  1.107E-13 |   55403.27 |   55403.27 |   |
313.46300 |  70.40204 |  1.363E+13 |  1.000E+00 |  7.740E-13 |  0.000E+00 |   55403.27 |   55403.27 | UL|
313.46300 |  70.40204 |  8.817E+13 |  1.000E+00 |  3.254E-13 |  2.640E-14 |   55403.33 |   55403.33 |   |
313.46300 |  70.40204 |  6.517E+13 |  1.000E+00 |  2.236E-13 |  3.055E-14 |   55403.33 |   55403.33 |   |
313.46300 |  70.40204 |  2.498E+13 |  1.000E+00 |  3.348E-13 |  0.000E+00 |   55403.33 |   55403.33 | UL|
313.46300 |  70.40204 |  1.363E+13 |  1.000E+00 |  1.087E-12 |  0.000E+00 |   55403.33 |   55403.33 | UL|
313.46300 |  70.40204 |  8.817E+13 |  1.000E+00 |  3.177E-13 |  2.755E-14 |   55403.40 |   55403.40 |   |
313.46300 |  70.40204 |  6.517E+13 |  1.000E+00 |  1.914E-13 |  2.940E-14 |   55403.40 |   55403.40 |   |
313.46300 |  70.40204 |  2.498E+13 |  1.000E+00 |  3.287E-13 |  0.000E+00 |   55403.40 |   55403.40 | UL|
313.46300 |  70.40204 |  1.363E+13 |  1.000E+00 |  7.529E-13 |  0.000E+00 |   55403.40 |   55403.40 | UL|
313.46300 |  70.40204 |  8.817E+13 |  1.000E+00 |  3.189E-13 |  2.560E-14 |   55403.46 |   55403.46 |   |
313.46300 |  70.40204 |  6.517E+13 |  1.000E+00 |  1.239E-13 |  3.291E-14 |   55403.46 |   55403.46 |   |
313.46300 |  70.40204 |  2.498E+13 |  1.000E+00 |  3.317E-13 |  0.000E+00 |   55403.46 |   55403.46 | UL|
313.46300 |  70.40204 |  1.363E+13 |  1.000E+00 |  9.762E-13 |  0.000E+00 |   55403.46 |   55403.46 | UL|
313.46300 |  70.40204 |  8.817E+13 |  1.000E+00 |  2.900E-13 |  2.545E-14 |   55403.53 |   55403.53 |   |
313.46300 |  70.40204 |  6.517E+13 |  1.000E+00 |  1.091E-13 |  3.066E-14 |   55403.53 |   55403.53 |   |
313.46300 |  70.40204 |  2.498E+13 |  1.000E+00 |  4.036E-13 |  0.000E+00 |   55403.53 |   55403.53 | UL|
313.46300 |  70.40204 |  1.363E+13 |  1.000E+00 |  8.195E-13 |  0.000E+00 |   55403.53 |   55403.53 | UL|
313.46300 |  70.40204 |  8.817E+13 |  1.000E+00 |  3.952E-13 |  2.480E-14 |   55403.60 |   55403.60 |   |
313.46300 |  70.40204 |  6.517E+13 |  1.000E+00 |  2.039E-13 |  2.825E-14 |   55403.60 |   55403.60 |   |
313.46300 |  70.40204 |  8.817E+13 |  1.000E+00 |  3.781E-13 |  2.540E-14 |   55403.66 |   55403.66 |   |
313.46300 |  70.40204 |  6.517E+13 |  1.000E+00 |  2.207E-13 |  3.100E-14 |   55403.66 |   55403.66 |   |
313.46300 |  70.40204 |  2.498E+13 |  1.000E+00 |  2.263E-13 |  0.000E+00 |   55403.66 |   55403.66 | UL|
313.46300 |  70.40204 |  1.363E+13 |  1.000E+00 |  7.613E-13 |  0.000E+00 |   55403.66 |   55403.66 | UL|
313.46300 |  70.40204 |  8.817E+13 |  1.000E+00 |  3.500E-13 |  2.615E-14 |   55403.73 |   55403.73 |   |
313.46300 |  70.40204 |  6.517E+13 |  1.000E+00 |  2.104E-13 |  3.095E-14 |   55403.73 |   55403.73 |   |
313.46300 |  70.40204 |  2.498E+13 |  1.000E+00 |  2.200E-13 |  0.000E+00 |   55403.73 |   55403.73 | UL|
313.46300 |  70.40204 |  1.363E+13 |  1.000E+00 |  8.324E-13 |  0.000E+00 |   55403.73 |   55403.73 | UL|
313.46300 |  70.40204 |  8.817E+13 |  1.000E+00 |  3.455E-13 |  2.515E-14 |   55403.80 |   55403.80 |   |
313.46300 |  70.40204 |  6.517E+13 |  1.000E+00 |  1.402E-13 |  3.350E-14 |   55403.80 |   55403.80 |   |
313.46300 |  70.40204 |  2.498E+13 |  1.000E+00 |  2.340E-13 |  1.005E-13 |   55403.80 |   55403.80 |   |
313.46300 |  70.40204 |  1.363E+13 |  1.000E+00 |  8.806E-13 |  0.000E+00 |   55403.80 |   55403.80 | UL|
313.46300 |  70.40204 |  8.817E+13 |  1.000E+00 |  3.392E-13 |  3.160E-14 |   55402.07 |   55402.07 |   |
313.46300 |  70.40204 |  6.517E+13 |  1.000E+00 |  2.145E-13 |  3.390E-14 |   55402.07 |   55402.07 |   |
313.46300 |  70.40204 |  2.498E+13 |  1.000E+00 |  3.259E-13 |  0.000E+00 |   55402.07 |   55402.07 | UL|
313.46300 |  70.40204 |  1.363E+13 |  1.000E+00 |  9.314E-13 |  0.000E+00 |   55402.07 |   55402.07 | UL|
313.46300 |  70.40204 |  8.817E+13 |  1.000E+00 |  3.324E-13 |  2.635E-14 |   55402.14 |   55402.14 |   |
313.46300 |  70.40204 |  6.517E+13 |  1.000E+00 |  2.096E-13 |  3.470E-14 |   55402.14 |   55402.14 |   |
313.46300 |  70.40204 |  2.498E+13 |  1.000E+00 |  1.971E-13 |  9.825E-14 |   55402.14 |   55402.14 |   |
313.46300 |  70.40204 |  1.363E+13 |  1.000E+00 |  8.589E-13 |  3.604E-13 |   55402.14 |   55402.14 |   |
313.46300 |  70.40204 |  8.817E+13 |  1.000E+00 |  2.982E-13 |  2.665E-14 |   55402.21 |   55402.21 |   |
313.46300 |  70.40204 |  6.517E+13 |  1.000E+00 |  2.157E-13 |  2.790E-14 |   55402.21 |   55402.21 |   |
313.46300 |  70.40204 |  2.498E+13 |  1.000E+00 |  3.296E-13 |  0.000E+00 |   55402.21 |   55402.21 | UL|
313.46300 |  70.40204 |  1.363E+13 |  1.000E+00 |  7.691E-13 |  0.000E+00 |   55402.21 |   55402.21 | UL|
313.46300 |  70.40204 |  8.817E+13 |  1.000E+00 |  3.099E-13 |  2.690E-14 |   55402.21 |   55402.21 |   |
313.46300 |  70.40204 |  6.517E+13 |  1.000E+00 |  1.821E-13 |  2.765E-14 |   55402.21 |   55402.21 |   |
313.46300 |  70.40204 |  2.498E+13 |  1.000E+00 |  2.322E-13 |  9.975E-14 |   55402.21 |   55402.21 |   |
313.46300 |  70.40204 |  1.363E+13 |  1.000E+00 |  1.189E-12 |  0.000E+00 |   55402.21 |   55402.21 | UL|
313.46300 |  70.40204 |  8.817E+13 |  1.000E+00 |  3.260E-13 |  2.555E-14 |   55402.27 |   55402.27 |   |
313.46300 |  70.40204 |  6.517E+13 |  1.000E+00 |  1.688E-13 |  2.950E-14 |   55402.27 |   55402.27 |   |
313.46300 |  70.40204 |  2.498E+13 |  1.000E+00 |  1.988E-13 |  9.825E-14 |   55402.27 |   55402.27 |   |
313.46300 |  70.40204 |  1.363E+13 |  1.000E+00 |  9.691E-13 |  0.000E+00 |   55402.27 |   55402.27 | UL|
313.46300 |  70.40204 |  8.817E+13 |  1.000E+00 |  3.009E-13 |  2.550E-14 |   55402.34 |   55402.34 |   |
313.46300 |  70.40204 |  6.517E+13 |  1.000E+00 |  2.185E-13 |  3.050E-14 |   55402.34 |   55402.34 |   |
313.46300 |  70.40204 |  2.498E+13 |  1.000E+00 |  2.823E-13 |  0.000E+00 |   55402.34 |   55402.34 | UL|
313.46300 |  70.40204 |  1.363E+13 |  1.000E+00 |  1.328E-12 |  0.000E+00 |   55402.34 |   55402.34 | UL|
313.46300 |  70.40204 |  8.817E+13 |  1.000E+00 |  3.611E-13 |  2.630E-14 |   55402.41 |   55402.41 |   |
313.46300 |  70.40204 |  6.517E+13 |  1.000E+00 |  1.571E-13 |  3.445E-14 |   55402.41 |   55402.41 |   |
313.46300 |  70.40204 |  2.498E+13 |  1.000E+00 |  3.093E-13 |  0.000E+00 |   55402.41 |   55402.41 | UL|
313.46300 |  70.40204 |  1.363E+13 |  1.000E+00 |  1.305E-12 |  0.000E+00 |   55402.41 |   55402.41 | UL|
313.46300 |  70.40204 |  8.817E+13 |  1.000E+00 |  3.719E-13 |  2.570E-14 |   55402.47 |   55402.47 |   |
313.46300 |  70.40204 |  6.517E+13 |  1.000E+00 |  2.177E-13 |  3.075E-14 |   55402.47 |   55402.47 |   |
313.46300 |  70.40204 |  2.498E+13 |  1.000E+00 |  3.179E-13 |  0.000E+00 |   55402.47 |   55402.47 | UL|
313.46300 |  70.40204 |  1.363E+13 |  1.000E+00 |  8.378E-13 |  0.000E+00 |   55402.47 |   55402.47 | UL|
313.46300 |  70.40204 |  8.817E+13 |  1.000E+00 |  3.859E-13 |  2.595E-14 |   55402.54 |   55402.54 |   |
313.46300 |  70.40204 |  6.517E+13 |  1.000E+00 |  2.520E-13 |  3.425E-14 |   55402.54 |   55402.54 |   |
313.46300 |  70.40204 |  2.498E+13 |  1.000E+00 |  2.601E-13 |  0.000E+00 |   55402.54 |   55402.54 | UL|
313.46300 |  70.40204 |  1.363E+13 |  1.000E+00 |  7.913E-13 |  0.000E+00 |   55402.54 |   55402.54 | UL|
313.46300 |  70.40204 |  8.817E+13 |  1.000E+00 |  3.668E-13 |  2.810E-14 |   55213.92 |   55213.92 |   |
313.46300 |  70.40204 |  6.517E+13 |  1.000E+00 |  2.539E-13 |  3.075E-14 |   55213.92 |   55213.92 |   |
313.46300 |  70.40204 |  2.498E+13 |  1.000E+00 |  2.975E-13 |  0.000E+00 |   55213.92 |   55213.92 | UL|
313.46300 |  70.40204 |  1.363E+13 |  1.000E+00 |  1.401E-12 |  0.000E+00 |   55213.92 |   55213.92 | UL|
313.46300 |  70.40204 |  8.817E+13 |  1.000E+00 |  4.015E-13 |  2.590E-14 |   55215.84 |   55215.84 |   |
313.46300 |  70.40204 |  6.517E+13 |  1.000E+00 |  2.854E-13 |  3.000E-14 |   55215.84 |   55215.84 |   |
313.46300 |  70.40204 |  2.498E+13 |  1.000E+00 |  2.699E-13 |  0.000E+00 |   55215.84 |   55215.84 | UL|
313.46300 |  70.40204 |  1.363E+13 |  1.000E+00 |  9.611E-13 |  0.000E+00 |   55215.84 |   55215.84 | UL|
313.46300 |  70.40204 |  8.817E+13 |  1.000E+00 |  3.813E-13 |  2.600E-14 |   55215.77 |   55215.77 |   |
313.46300 |  70.40204 |  6.517E+13 |  1.000E+00 |  1.626E-13 |  3.500E-14 |   55215.77 |   55215.77 |   |
313.46300 |  70.40204 |  2.498E+13 |  1.000E+00 |  2.502E-13 |  9.630E-14 |   55215.77 |   55215.77 |   |
313.46300 |  70.40204 |  1.363E+13 |  1.000E+00 |  7.691E-13 |  0.000E+00 |   55215.77 |   55215.77 | UL|
313.46300 |  70.40204 |  8.817E+13 |  1.000E+00 |  4.112E-13 |  2.730E-14 |   55215.97 |   55215.97 |   |
313.46300 |  70.40204 |  6.517E+13 |  1.000E+00 |  2.520E-13 |  3.515E-14 |   55215.97 |   55215.97 |   |
313.46300 |  70.40204 |  2.498E+13 |  1.000E+00 |  2.251E-13 |  9.895E-14 |   55215.97 |   55215.97 |   |
313.46300 |  70.40204 |  1.363E+13 |  1.000E+00 |  7.204E-13 |  0.000E+00 |   55215.97 |   55215.97 | UL|
313.46300 |  70.40204 |  8.817E+13 |  1.000E+00 |  4.266E-13 |  2.870E-14 |   55216.23 |   55216.23 |   |
313.46300 |  70.40204 |  6.517E+13 |  1.000E+00 |  2.185E-13 |  3.065E-14 |   55216.23 |   55216.23 |   |
313.46300 |  70.40204 |  2.498E+13 |  1.000E+00 |  2.265E-13 |  0.000E+00 |   55216.23 |   55216.23 | UL|
313.46300 |  70.40204 |  1.363E+13 |  1.000E+00 |  8.456E-13 |  0.000E+00 |   55216.23 |   55216.23 | UL|
313.46300 |  70.40204 |  8.817E+13 |  1.000E+00 |  3.884E-13 |  2.685E-14 |   55219.88 |   55219.88 |   |
313.46300 |  70.40204 |  6.517E+13 |  1.000E+00 |  2.859E-13 |  3.430E-14 |   55219.88 |   55219.88 |   |
313.46300 |  70.40204 |  2.498E+13 |  1.000E+00 |  2.218E-13 |  0.000E+00 |   55219.88 |   55219.88 | UL|
313.46300 |  70.40204 |  1.363E+13 |  1.000E+00 |  9.862E-13 |  0.000E+00 |   55219.88 |   55219.88 | UL|
313.46300 |  70.40204 |  8.817E+13 |  1.000E+00 |  3.281E-13 |  2.630E-14 |   55219.94 |   55219.94 |   |
313.46300 |  70.40204 |  6.517E+13 |  1.000E+00 |  2.365E-13 |  3.125E-14 |   55219.94 |   55219.94 |   |
313.46300 |  70.40204 |  2.498E+13 |  1.000E+00 |  3.541E-13 |  0.000E+00 |   55219.94 |   55219.94 | UL|
313.46300 |  70.40204 |  1.363E+13 |  1.000E+00 |  9.002E-13 |  0.000E+00 |   55219.94 |   55219.94 | UL|
313.46300 |  70.40204 |  8.817E+13 |  1.000E+00 |  3.848E-13 |  2.870E-14 |   55401.48 |   55401.48 |   |
313.46300 |  70.40204 |  6.517E+13 |  1.000E+00 |  2.205E-13 |  3.775E-14 |   55401.48 |   55401.48 |   |
313.46300 |  70.40204 |  2.498E+13 |  1.000E+00 |  2.055E-13 |  0.000E+00 |   55401.48 |   55401.48 | UL|
313.46300 |  70.40204 |  1.363E+13 |  1.000E+00 |  8.060E-13 |  0.000E+00 |   55401.48 |   55401.48 | UL|
313.46300 |  70.40204 |  8.817E+13 |  1.000E+00 |  3.558E-13 |  2.555E-14 |   55401.61 |   55401.61 |   |
313.46300 |  70.40204 |  6.517E+13 |  1.000E+00 |  2.579E-13 |  3.120E-14 |   55401.61 |   55401.61 |   |
313.46300 |  70.40204 |  8.817E+13 |  1.000E+00 |  3.692E-13 |  2.925E-14 |   55214.25 |   55214.25 |   |
313.46300 |  70.40204 |  6.517E+13 |  1.000E+00 |  2.438E-13 |  3.400E-14 |   55214.25 |   55214.25 |   |
313.46300 |  70.40204 |  2.498E+13 |  1.000E+00 |  3.113E-13 |  0.000E+00 |   55214.25 |   55214.25 | UL|
313.46300 |  70.40204 |  1.363E+13 |  1.000E+00 |  6.924E-13 |  0.000E+00 |   55214.25 |   55214.25 | UL|
313.46300 |  70.40204 |  8.817E+13 |  1.000E+00 |  4.041E-13 |  2.645E-14 |   55214.25 |   55214.25 |   |
313.46300 |  70.40204 |  6.517E+13 |  1.000E+00 |  2.313E-13 |  3.335E-14 |   55214.25 |   55214.25 |   |
313.46300 |  70.40204 |  2.498E+13 |  1.000E+00 |  2.066E-13 |  0.000E+00 |   55214.25 |   55214.25 | UL|
313.46300 |  70.40204 |  1.363E+13 |  1.000E+00 |  8.347E-13 |  0.000E+00 |   55214.25 |   55214.25 | UL|
313.46300 |  70.40204 |  8.817E+13 |  1.000E+00 |  4.286E-13 |  3.280E-14 |   55214.32 |   55214.32 |   |
313.46300 |  70.40204 |  6.517E+13 |  1.000E+00 |  3.378E-13 |  3.210E-14 |   55214.32 |   55214.32 |   |
313.46300 |  70.40204 |  2.498E+13 |  1.000E+00 |  3.893E-13 |  0.000E+00 |   55214.32 |   55214.32 | UL|
313.46300 |  70.40204 |  1.363E+13 |  1.000E+00 |  2.001E-12 |  0.000E+00 |   55214.32 |   55214.32 | UL|
313.46300 |  70.40204 |  8.817E+13 |  1.000E+00 |  3.709E-13 |  2.805E-14 |   55214.38 |   55214.38 |   |
313.46300 |  70.40204 |  6.517E+13 |  1.000E+00 |  2.328E-13 |  3.140E-14 |   55214.38 |   55214.38 |   |
313.46300 |  70.40204 |  2.498E+13 |  1.000E+00 |  2.657E-13 |  1.061E-13 |   55214.38 |   55214.38 |   |
313.46300 |  70.40204 |  1.363E+13 |  1.000E+00 |  7.536E-13 |  0.000E+00 |   55214.38 |   55214.38 | UL|
313.46300 |  70.40204 |  8.817E+13 |  1.000E+00 |  3.068E-13 |  2.630E-14 |   55214.58 |   55214.58 |   |
313.46300 |  70.40204 |  6.517E+13 |  1.000E+00 |  2.273E-13 |  3.090E-14 |   55214.58 |   55214.58 |   |
313.46300 |  70.40204 |  2.498E+13 |  1.000E+00 |  2.002E-13 |  0.000E+00 |   55214.58 |   55214.58 | UL|
313.46300 |  70.40204 |  1.363E+13 |  1.000E+00 |  1.388E-12 |  0.000E+00 |   55214.58 |   55214.58 | UL|
313.46300 |  70.40204 |  8.817E+13 |  1.000E+00 |  3.960E-13 |  2.775E-14 |   55214.65 |   55214.65 |   |
313.46300 |  70.40204 |  6.517E+13 |  1.000E+00 |  2.284E-13 |  3.695E-14 |   55214.65 |   55214.65 |   |
313.46300 |  70.40204 |  2.498E+13 |  1.000E+00 |  3.525E-13 |  0.000E+00 |   55214.65 |   55214.65 | UL|
313.46300 |  70.40204 |  1.363E+13 |  1.000E+00 |  1.035E-12 |  0.000E+00 |   55214.65 |   55214.65 | UL|
313.46300 |  70.40204 |  8.817E+13 |  1.000E+00 |  2.971E-13 |  2.685E-14 |   55214.71 |   55214.71 |   |
313.46300 |  70.40204 |  6.517E+13 |  1.000E+00 |  1.993E-13 |  3.355E-14 |   55214.71 |   55214.71 |   |
313.46300 |  70.40204 |  2.498E+13 |  1.000E+00 |  3.159E-13 |  0.000E+00 |   55214.71 |   55214.71 | UL|
313.46300 |  70.40204 |  1.363E+13 |  1.000E+00 |  7.769E-13 |  0.000E+00 |   55214.71 |   55214.71 | UL|
313.46300 |  70.40204 |  8.817E+13 |  1.000E+00 |  3.395E-13 |  2.630E-14 |   55214.78 |   55214.78 |   |
313.46300 |  70.40204 |  6.517E+13 |  1.000E+00 |  2.211E-13 |  3.310E-14 |   55214.78 |   55214.78 |   |
313.46300 |  70.40204 |  2.498E+13 |  1.000E+00 |  3.467E-13 |  0.000E+00 |   55214.78 |   55214.78 | UL|
313.46300 |  70.40204 |  1.363E+13 |  1.000E+00 |  7.571E-13 |  0.000E+00 |   55214.78 |   55214.78 | UL|
313.46300 |  70.40204 |  8.817E+13 |  1.000E+00 |  3.834E-13 |  2.615E-14 |   55214.78 |   55214.78 |   |
313.46300 |  70.40204 |  6.517E+13 |  1.000E+00 |  2.149E-13 |  3.560E-14 |   55214.78 |   55214.78 |   |
313.46300 |  70.40204 |  2.498E+13 |  1.000E+00 |  3.305E-13 |  0.000E+00 |   55214.78 |   55214.78 | UL|
313.46300 |  70.40204 |  1.363E+13 |  1.000E+00 |  7.620E-13 |  0.000E+00 |   55214.78 |   55214.78 | UL|
313.46300 |  70.40204 |  8.817E+13 |  1.000E+00 |  4.302E-13 |  2.695E-14 |   55214.85 |   55214.85 |   |
313.46300 |  70.40204 |  6.517E+13 |  1.000E+00 |  2.219E-13 |  3.465E-14 |   55214.85 |   55214.85 |   |
313.46300 |  70.40204 |  2.498E+13 |  1.000E+00 |  3.354E-13 |  0.000E+00 |   55214.85 |   55214.85 | UL|
313.46300 |  70.40204 |  1.363E+13 |  1.000E+00 |  1.120E-12 |  0.000E+00 |   55214.85 |   55214.85 | UL|
313.46300 |  70.40204 |  8.817E+13 |  1.000E+00 |  4.435E-13 |  2.860E-14 |   55214.91 |   55214.91 |   |
313.46300 |  70.40204 |  6.517E+13 |  1.000E+00 |  2.035E-13 |  2.990E-14 |   55214.91 |   55214.91 |   |
313.46300 |  70.40204 |  2.498E+13 |  1.000E+00 |  1.989E-13 |  0.000E+00 |   55214.91 |   55214.91 | UL|
313.46300 |  70.40204 |  1.363E+13 |  1.000E+00 |  8.157E-13 |  0.000E+00 |   55214.91 |   55214.91 | UL|
313.46300 |  70.40204 |  8.817E+13 |  1.000E+00 |  3.510E-13 |  2.525E-14 |   55214.98 |   55214.98 |   |
313.46300 |  70.40204 |  6.517E+13 |  1.000E+00 |  1.831E-13 |  2.980E-14 |   55214.98 |   55214.98 |   |
313.46300 |  70.40204 |  2.498E+13 |  1.000E+00 |  4.305E-13 |  0.000E+00 |   55214.98 |   55214.98 | UL|
313.46300 |  70.40204 |  1.363E+13 |  1.000E+00 |  1.043E-12 |  0.000E+00 |   55214.98 |   55214.98 | UL|
313.46300 |  70.40204 |  8.817E+13 |  1.000E+00 |  3.497E-13 |  2.485E-14 |   55215.05 |   55215.05 |   |
313.46300 |  70.40204 |  6.517E+13 |  1.000E+00 |  2.862E-13 |  3.170E-14 |   55215.05 |   55215.05 |   |
313.46300 |  70.40204 |  2.498E+13 |  1.000E+00 |  3.203E-13 |  0.000E+00 |   55215.05 |   55215.05 | UL|
313.46300 |  70.40204 |  1.363E+13 |  1.000E+00 |  9.620E-13 |  0.000E+00 |   55215.05 |   55215.05 | UL|
313.46300 |  70.40204 |  8.817E+13 |  1.000E+00 |  4.318E-13 |  2.745E-14 |   55215.24 |   55215.24 |   |
313.46300 |  70.40204 |  6.517E+13 |  1.000E+00 |  2.681E-13 |  3.165E-14 |   55215.24 |   55215.24 |   |
313.46300 |  70.40204 |  2.498E+13 |  1.000E+00 |  3.397E-13 |  0.000E+00 |   55215.24 |   55215.24 | UL|
313.46300 |  70.40204 |  1.363E+13 |  1.000E+00 |  8.550E-13 |  0.000E+00 |   55215.24 |   55215.24 | UL|
313.46300 |  70.40204 |  8.817E+13 |  1.000E+00 |  4.127E-13 |  2.585E-14 |   55215.31 |   55215.31 |   |
313.46300 |  70.40204 |  6.517E+13 |  1.000E+00 |  2.698E-13 |  3.040E-14 |   55215.31 |   55215.31 |   |
313.46300 |  70.40204 |  2.498E+13 |  1.000E+00 |  3.376E-13 |  0.000E+00 |   55215.31 |   55215.31 | UL|
313.46300 |  70.40204 |  1.363E+13 |  1.000E+00 |  1.023E-12 |  0.000E+00 |   55215.31 |   55215.31 | UL|
313.46300 |  70.40204 |  8.817E+13 |  1.000E+00 |  4.362E-13 |  2.690E-14 |   55215.38 |   55215.38 |   |
313.46300 |  70.40204 |  6.517E+13 |  1.000E+00 |  2.167E-13 |  3.285E-14 |   55215.38 |   55215.38 |   |
313.46300 |  70.40204 |  2.498E+13 |  1.000E+00 |  1.893E-13 |  0.000E+00 |   55215.38 |   55215.38 | UL|
313.46300 |  70.40204 |  1.363E+13 |  1.000E+00 |  1.046E-12 |  0.000E+00 |   55215.38 |   55215.38 | UL|
313.46300 |  70.40204 |  8.817E+13 |  1.000E+00 |  4.318E-13 |  2.625E-14 |   55215.57 |   55215.57 |   |
313.46300 |  70.40204 |  6.517E+13 |  1.000E+00 |  2.091E-13 |  4.405E-14 |   55215.57 |   55215.57 |   |
313.46300 |  70.40204 |  2.498E+13 |  1.000E+00 |  2.043E-13 |  0.000E+00 |   55215.57 |   55215.57 | UL|
313.46300 |  70.40204 |  1.363E+13 |  1.000E+00 |  9.926E-13 |  0.000E+00 |   55215.57 |   55215.57 | UL|
313.46300 |  70.40204 |  8.817E+13 |  1.000E+00 |  4.146E-13 |  2.710E-14 |   55215.64 |   55215.64 |   |
313.46300 |  70.40204 |  6.517E+13 |  1.000E+00 |  2.807E-13 |  3.110E-14 |   55215.64 |   55215.64 |   |
313.46300 |  70.40204 |  2.498E+13 |  1.000E+00 |  4.353E-13 |  9.615E-14 |   55215.64 |   55215.64 |   |
313.46300 |  70.40204 |  1.363E+13 |  1.000E+00 |  7.138E-13 |  0.000E+00 |   55215.64 |   55215.64 | UL|
313.46300 |  70.40204 |  8.817E+13 |  1.000E+00 |  3.345E-13 |  2.650E-14 |   55215.71 |   55215.71 |   |
313.46300 |  70.40204 |  6.517E+13 |  1.000E+00 |  2.761E-13 |  3.235E-14 |   55215.71 |   55215.71 |   |
313.46300 |  70.40204 |  2.498E+13 |  1.000E+00 |  2.436E-13 |  0.000E+00 |   55215.71 |   55215.71 | UL|
313.46300 |  70.40204 |  1.363E+13 |  1.000E+00 |  8.009E-13 |  0.000E+00 |   55215.71 |   55215.71 | UL|
313.46300 |  70.40204 |  8.817E+13 |  1.000E+00 |  3.848E-13 |  2.590E-14 |   55215.91 |   55215.91 |   |
313.46300 |  70.40204 |  6.517E+13 |  1.000E+00 |  2.240E-13 |  3.585E-14 |   55215.91 |   55215.91 |   |
313.46300 |  70.40204 |  2.498E+13 |  1.000E+00 |  2.558E-13 |  0.000E+00 |   55215.91 |   55215.91 | UL|
313.46300 |  70.40204 |  1.363E+13 |  1.000E+00 |  7.406E-13 |  0.000E+00 |   55215.91 |   55215.91 | UL|
313.46300 |  70.40204 |  8.817E+13 |  1.000E+00 |  3.439E-13 |  2.665E-14 |   55404.06 |   55404.06 |   |
313.46300 |  70.40204 |  6.517E+13 |  1.000E+00 |  2.896E-13 |  3.315E-14 |   55404.06 |   55404.06 |   |
313.46300 |  70.40204 |  2.498E+13 |  1.000E+00 |  2.095E-13 |  1.031E-13 |   55404.06 |   55404.06 |   |
313.46300 |  70.40204 |  1.363E+13 |  1.000E+00 |  9.221E-13 |  0.000E+00 |   55404.06 |   55404.06 | UL|
313.46300 |  70.40204 |  8.817E+13 |  1.000E+00 |  3.180E-13 |  2.555E-14 |   55403.46 |   55403.46 |   |
313.46300 |  70.40204 |  6.517E+13 |  1.000E+00 |  1.222E-13 |  3.293E-14 |   55403.46 |   55403.46 |   |
313.46300 |  70.40204 |  2.498E+13 |  1.000E+00 |  3.357E-13 |  0.000E+00 |   55403.46 |   55403.46 | UL|
313.46300 |  70.40204 |  1.363E+13 |  1.000E+00 |  9.700E-13 |  0.000E+00 |   55403.46 |   55403.46 | UL|
313.46300 |  70.40204 |  8.817E+13 |  1.000E+00 |  3.595E-13 |  2.785E-14 |   55404.19 |   55404.19 |   |
313.46300 |  70.40204 |  6.517E+13 |  1.000E+00 |  2.534E-13 |  3.135E-14 |   55404.19 |   55404.19 |   |
313.46300 |  70.40204 |  2.498E+13 |  1.000E+00 |  4.834E-13 |  0.000E+00 |   55404.19 |   55404.19 | UL|
313.46300 |  70.40204 |  1.363E+13 |  1.000E+00 |  7.495E-13 |  0.000E+00 |   55404.19 |   55404.19 | UL|
313.46300 |  70.40204 |  8.817E+13 |  1.000E+00 |  3.661E-13 |  2.630E-14 |   55404.32 |   55404.32 |   |
313.46300 |  70.40204 |  6.517E+13 |  1.000E+00 |  1.712E-13 |  2.915E-14 |   55404.32 |   55404.32 |   |
313.46300 |  70.40204 |  2.498E+13 |  1.000E+00 |  1.855E-13 |  0.000E+00 |   55404.32 |   55404.32 | UL|
313.46300 |  70.40204 |  1.363E+13 |  1.000E+00 |  1.055E-12 |  0.000E+00 |   55404.32 |   55404.32 | UL|
313.46300 |  70.40204 |  8.817E+13 |  1.000E+00 |  3.373E-13 |  2.580E-14 |   55404.46 |   55404.46 |   |
313.46300 |  70.40204 |  6.517E+13 |  1.000E+00 |  2.504E-13 |  2.820E-14 |   55404.46 |   55404.46 |   |
313.46300 |  70.40204 |  2.498E+13 |  1.000E+00 |  2.666E-13 |  0.000E+00 |   55404.46 |   55404.46 | UL|
313.46300 |  70.40204 |  1.363E+13 |  1.000E+00 |  8.157E-13 |  3.625E-13 |   55404.46 |   55404.46 |   |
313.46300 |  70.40204 |  8.817E+13 |  1.000E+00 |  3.628E-13 |  2.645E-14 |   55411.00 |   55411.00 |   |
313.46300 |  70.40204 |  6.517E+13 |  1.000E+00 |  1.991E-13 |  2.960E-14 |   55411.00 |   55411.00 |   |
313.46300 |  70.40204 |  2.498E+13 |  1.000E+00 |  3.886E-13 |  0.000E+00 |   55411.00 |   55411.00 | UL|
313.46300 |  70.40204 |  1.363E+13 |  1.000E+00 |  9.944E-13 |  0.000E+00 |   55411.00 |   55411.00 | UL|
313.46300 |  70.40204 |  8.817E+13 |  1.000E+00 |  2.869E-13 |  2.570E-14 |   55411.07 |   55411.07 |   |
313.46300 |  70.40204 |  6.517E+13 |  1.000E+00 |  1.846E-13 |  2.885E-14 |   55411.07 |   55411.07 |   |
313.46300 |  70.40204 |  2.498E+13 |  1.000E+00 |  3.711E-13 |  0.000E+00 |   55411.07 |   55411.07 | UL|
313.46300 |  70.40204 |  1.363E+13 |  1.000E+00 |  9.332E-13 |  0.000E+00 |   55411.07 |   55411.07 | UL|
313.46300 |  70.40204 |  8.817E+13 |  1.000E+00 |  3.764E-13 |  2.675E-14 |   55579.32 |   55579.32 |   |
313.46300 |  70.40204 |  6.517E+13 |  1.000E+00 |  1.641E-13 |  3.255E-14 |   55579.32 |   55579.32 |   |
313.46300 |  70.40204 |  8.817E+13 |  1.000E+00 |  3.598E-13 |  3.115E-14 |   55579.58 |   55579.58 |   |
313.46300 |  70.40204 |  6.517E+13 |  1.000E+00 |  2.092E-13 |  3.305E-14 |   55579.58 |   55579.58 |   |
313.46300 |  70.40204 |  8.817E+13 |  1.000E+00 |  2.987E-13 |  2.700E-14 |   55579.64 |   55579.64 |   |
313.46300 |  70.40204 |  6.517E+13 |  1.000E+00 |  2.050E-13 |  3.145E-14 |   55579.64 |   55579.64 |   |
313.46300 |  70.40204 |  8.817E+13 |  1.000E+00 |  3.439E-13 |  2.795E-14 |   55579.71 |   55579.71 |   |
313.46300 |  70.40204 |  6.517E+13 |  1.000E+00 |  1.709E-13 |  3.290E-14 |   55579.71 |   55579.71 |   |
313.46300 |  70.40204 |  8.817E+13 |  1.000E+00 |  3.174E-13 |  3.105E-14 |   55579.71 |   55579.71 |   |
313.46300 |  70.40204 |  6.517E+13 |  1.000E+00 |  1.783E-13 |  3.620E-14 |   55579.71 |   55579.71 |   |
313.46300 |  70.40204 |  8.817E+13 |  1.000E+00 |  3.523E-13 |  2.630E-14 |   55579.78 |   55579.78 |   |
313.46300 |  70.40204 |  6.517E+13 |  1.000E+00 |  2.402E-13 |  3.220E-14 |   55579.78 |   55579.78 |   |
313.46300 |  70.40204 |  8.817E+13 |  1.000E+00 |  3.207E-13 |  2.690E-14 |   55579.84 |   55579.84 |   |
313.46300 |  70.40204 |  6.517E+13 |  1.000E+00 |  1.112E-13 |  3.757E-14 |   55579.84 |   55579.84 |   |
313.46300 |  70.40204 |  8.817E+13 |  1.000E+00 |  2.517E-13 |  2.695E-14 |   55579.91 |   55579.91 |   |
313.46300 |  70.40204 |  6.517E+13 |  1.000E+00 |  1.946E-13 |  3.350E-14 |   55579.91 |   55579.91 |   |
313.46300 |  70.40204 |  8.817E+13 |  1.000E+00 |  3.128E-13 |  2.710E-14 |   55579.91 |   55579.91 |   |
313.46300 |  70.40204 |  6.517E+13 |  1.000E+00 |  1.774E-13 |  3.270E-14 |   55579.91 |   55579.91 |   |
313.46300 |  70.40204 |  8.817E+13 |  1.000E+00 |  3.568E-13 |  2.795E-14 |   55579.98 |   55579.98 |   |
313.46300 |  70.40204 |  6.517E+13 |  1.000E+00 |  1.404E-13 |  3.595E-14 |   55579.98 |   55579.98 |   |
313.46300 |  70.40204 |  8.817E+13 |  1.000E+00 |  3.125E-13 |  2.595E-14 |   55580.04 |   55580.04 |   |
313.46300 |  70.40204 |  6.517E+13 |  1.000E+00 |  1.989E-13 |  3.200E-14 |   55580.04 |   55580.04 |   |
313.46300 |  70.40204 |  8.817E+13 |  1.000E+00 |  3.088E-13 |  3.590E-14 |   55580.18 |   55580.18 |   |
313.46300 |  70.40204 |  6.517E+13 |  1.000E+00 |  1.662E-13 |  3.800E-14 |   55580.18 |   55580.18 |   |
313.46300 |  70.40204 |  8.817E+13 |  1.000E+00 |  2.908E-13 |  2.545E-14 |   55403.53 |   55403.53 |   |
313.46300 |  70.40204 |  6.517E+13 |  1.000E+00 |  1.091E-13 |  3.083E-14 |   55403.53 |   55403.53 |   |
313.46300 |  70.40204 |  2.498E+13 |  1.000E+00 |  3.760E-13 |  0.000E+00 |   55403.53 |   55403.53 | UL|
313.46300 |  70.40204 |  1.363E+13 |  1.000E+00 |  8.120E-13 |  0.000E+00 |   55403.53 |   55403.53 | UL|
313.46300 |  70.40204 |  8.817E+13 |  1.000E+00 |  3.736E-13 |  2.480E-14 |   55403.60 |   55403.60 |   |
313.46300 |  70.40204 |  6.517E+13 |  1.000E+00 |  2.041E-13 |  2.790E-14 |   55403.60 |   55403.60 |   |
313.46300 |  70.40204 |  8.817E+13 |  1.000E+00 |  3.761E-13 |  2.530E-14 |   55403.66 |   55403.66 |   |
313.46300 |  70.40204 |  6.517E+13 |  1.000E+00 |  2.181E-13 |  3.100E-14 |   55403.66 |   55403.66 |   |
313.46300 |  70.40204 |  2.498E+13 |  1.000E+00 |  2.142E-13 |  0.000E+00 |   55403.66 |   55403.66 | UL|
313.46300 |  70.40204 |  1.363E+13 |  1.000E+00 |  7.733E-13 |  0.000E+00 |   55403.66 |   55403.66 | UL|
313.46300 |  70.40204 |  8.817E+13 |  1.000E+00 |  3.852E-13 |  2.625E-14 |   55403.73 |   55403.73 |   |
313.46300 |  70.40204 |  6.517E+13 |  1.000E+00 |  2.092E-13 |  3.075E-14 |   55403.73 |   55403.73 |   |
313.46300 |  70.40204 |  2.498E+13 |  1.000E+00 |  1.883E-13 |  0.000E+00 |   55403.73 |   55403.73 | UL|
313.46300 |  70.40204 |  1.363E+13 |  1.000E+00 |  9.971E-13 |  0.000E+00 |   55403.73 |   55403.73 | UL|
313.46300 |  70.40204 |  8.817E+13 |  1.000E+00 |  3.474E-13 |  2.530E-14 |   55403.80 |   55403.80 |   |
313.46300 |  70.40204 |  6.517E+13 |  1.000E+00 |  1.389E-13 |  3.200E-14 |   55403.80 |   55403.80 |   |
313.46300 |  70.40204 |  2.498E+13 |  1.000E+00 |  2.432E-13 |  9.910E-14 |   55403.80 |   55403.80 |   |
313.46300 |  70.40204 |  1.363E+13 |  1.000E+00 |  8.401E-13 |  0.000E+00 |   55403.80 |   55403.80 | UL|
313.46300 |  70.40204 |  8.817E+13 |  1.000E+00 |  3.380E-13 |  2.555E-14 |   55403.86 |   55403.86 |   |
313.46300 |  70.40204 |  6.517E+13 |  1.000E+00 |  1.761E-13 |  3.525E-14 |   55403.86 |   55403.86 |   |
313.46300 |  70.40204 |  2.498E+13 |  1.000E+00 |  2.072E-13 |  9.400E-14 |   55403.86 |   55403.86 |   |
313.46300 |  70.40204 |  1.363E+13 |  1.000E+00 |  7.111E-13 |  0.000E+00 |   55403.86 |   55403.86 | UL|
313.46300 |  70.40204 |  8.817E+13 |  1.000E+00 |  2.927E-13 |  2.430E-14 |   55403.93 |   55403.93 |   |
313.46300 |  70.40204 |  6.517E+13 |  1.000E+00 |  1.933E-13 |  2.965E-14 |   55403.93 |   55403.93 |   |
313.46300 |  70.40204 |  2.498E+13 |  1.000E+00 |  2.689E-13 |  0.000E+00 |   55403.93 |   55403.93 | UL|
313.46300 |  70.40204 |  1.363E+13 |  1.000E+00 |  7.105E-13 |  0.000E+00 |   55403.93 |   55403.93 | UL|
313.46300 |  70.40204 |  8.817E+13 |  1.000E+00 |  3.376E-13 |  2.680E-14 |   55403.93 |   55403.93 |   |
313.46300 |  70.40204 |  6.517E+13 |  1.000E+00 |  9.355E-14 |  2.663E-14 |   55403.93 |   55403.93 |   |
313.46300 |  70.40204 |  2.498E+13 |  1.000E+00 |  2.664E-13 |  0.000E+00 |   55403.93 |   55403.93 | UL|
313.46300 |  70.40204 |  1.363E+13 |  1.000E+00 |  1.244E-12 |  0.000E+00 |   55403.93 |   55403.93 | UL|
313.46300 |  70.40204 |  8.817E+13 |  1.000E+00 |  3.079E-13 |  2.555E-14 |   55403.99 |   55403.99 |   |
313.46300 |  70.40204 |  6.517E+13 |  1.000E+00 |  2.163E-13 |  2.895E-14 |   55403.99 |   55403.99 |   |
313.46300 |  70.40204 |  2.498E+13 |  1.000E+00 |  1.951E-13 |  9.665E-14 |   55403.99 |   55403.99 |   |
313.46300 |  70.40204 |  1.363E+13 |  1.000E+00 |  7.344E-13 |  0.000E+00 |   55403.99 |   55403.99 | UL|
313.46300 |  70.40204 |  8.817E+13 |  1.000E+00 |  4.063E-13 |  2.735E-14 |   55213.79 |   55213.79 |   |
313.46300 |  70.40204 |  6.517E+13 |  1.000E+00 |  2.425E-13 |  3.230E-14 |   55213.79 |   55213.79 |   |
313.46300 |  70.40204 |  2.498E+13 |  1.000E+00 |  2.116E-13 |  0.000E+00 |   55213.79 |   55213.79 | UL|
313.46300 |  70.40204 |  1.363E+13 |  1.000E+00 |  9.221E-13 |  0.000E+00 |   55213.79 |   55213.79 | UL|
313.46300 |  70.40204 |  8.817E+13 |  1.000E+00 |  3.880E-13 |  2.790E-14 |   55213.92 |   55213.92 |   |
313.46300 |  70.40204 |  6.517E+13 |  1.000E+00 |  2.527E-13 |  3.055E-14 |   55213.92 |   55213.92 |   |
313.46300 |  70.40204 |  2.498E+13 |  1.000E+00 |  2.959E-13 |  0.000E+00 |   55213.92 |   55213.92 | UL|
313.46300 |  70.40204 |  1.363E+13 |  1.000E+00 |  1.431E-12 |  0.000E+00 |   55213.92 |   55213.92 | UL|
313.46300 |  70.40204 |  8.817E+13 |  1.000E+00 |  3.692E-13 |  2.795E-14 |   55214.05 |   55214.05 |   |
313.46300 |  70.40204 |  6.517E+13 |  1.000E+00 |  2.758E-13 |  3.255E-14 |   55214.05 |   55214.05 |   |
313.46300 |  70.40204 |  2.498E+13 |  1.000E+00 |  2.276E-13 |  1.018E-13 |   55214.05 |   55214.05 |   |
313.46300 |  70.40204 |  1.363E+13 |  1.000E+00 |  7.698E-13 |  0.000E+00 |   55214.05 |   55214.05 | UL|
313.46300 |  70.40204 |  8.817E+13 |  1.000E+00 |  3.160E-13 |  2.855E-14 |   55401.75 |   55401.75 |   |
313.46300 |  70.40204 |  6.517E+13 |  1.000E+00 |  2.106E-13 |  3.190E-14 |   55401.75 |   55401.75 |   |
313.46300 |  70.40204 |  2.498E+13 |  1.000E+00 |  2.992E-13 |  0.000E+00 |   55401.75 |   55401.75 | UL|
313.46300 |  70.40204 |  1.363E+13 |  1.000E+00 |  9.907E-13 |  0.000E+00 |   55401.75 |   55401.75 | UL|
313.46300 |  70.40204 |  8.817E+13 |  1.000E+00 |  3.967E-13 |  2.560E-14 |   55401.88 |   55401.88 |   |
313.46300 |  70.40204 |  6.517E+13 |  1.000E+00 |  1.742E-13 |  3.180E-14 |   55401.88 |   55401.88 |   |
313.46300 |  70.40204 |  2.498E+13 |  1.000E+00 |  3.657E-13 |  0.000E+00 |   55401.88 |   55401.88 | UL|
313.46300 |  70.40204 |  1.363E+13 |  1.000E+00 |  7.691E-13 |  0.000E+00 |   55401.88 |   55401.88 | UL|
313.46300 |  70.40204 |  8.817E+13 |  1.000E+00 |  2.762E-13 |  3.570E-14 |   55401.94 |   55401.94 |   |
313.46300 |  70.40204 |  6.517E+13 |  1.000E+00 |  2.324E-13 |  2.875E-14 |   55401.94 |   55401.94 |   |
313.46300 |  70.40204 |  2.498E+13 |  1.000E+00 |  3.017E-13 |  0.000E+00 |   55401.94 |   55401.94 | UL|
313.46300 |  70.40204 |  1.363E+13 |  1.000E+00 |  1.476E-12 |  0.000E+00 |   55401.94 |   55401.94 | UL|
313.46300 |  70.40204 |  8.817E+13 |  1.000E+00 |  3.493E-13 |  2.645E-14 |   55402.01 |   55402.01 |   |
313.46300 |  70.40204 |  6.517E+13 |  1.000E+00 |  2.365E-13 |  3.125E-14 |   55402.01 |   55402.01 |   |
313.46300 |  70.40204 |  2.498E+13 |  1.000E+00 |  1.850E-13 |  0.000E+00 |   55402.01 |   55402.01 | UL|
313.46300 |  70.40204 |  1.363E+13 |  1.000E+00 |  8.068E-13 |  0.000E+00 |   55402.01 |   55402.01 | UL|
313.46300 |  70.40204 |  8.817E+13 |  1.000E+00 |  2.670E-13 |  2.805E-14 |   55402.07 |   55402.07 |   |
313.46300 |  70.40204 |  6.517E+13 |  1.000E+00 |  1.865E-13 |  3.090E-14 |   55402.07 |   55402.07 |   |
313.46300 |  70.40204 |  2.498E+13 |  1.000E+00 |  2.613E-13 |  1.034E-13 |   55402.07 |   55402.07 |   |
313.46300 |  70.40204 |  1.363E+13 |  1.000E+00 |  6.930E-13 |  0.000E+00 |   55402.07 |   55402.07 | UL|
313.46300 |  70.40204 |  8.817E+13 |  1.000E+00 |  3.318E-13 |  3.150E-14 |   55402.07 |   55402.07 |   |
313.46300 |  70.40204 |  6.517E+13 |  1.000E+00 |  2.157E-13 |  3.490E-14 |   55402.07 |   55402.07 |   |
313.46300 |  70.40204 |  2.498E+13 |  1.000E+00 |  3.308E-13 |  0.000E+00 |   55402.07 |   55402.07 | UL|
313.46300 |  70.40204 |  1.363E+13 |  1.000E+00 |  9.263E-13 |  0.000E+00 |   55402.07 |   55402.07 | UL|
313.46300 |  70.40204 |  8.817E+13 |  1.000E+00 |  3.318E-13 |  2.630E-14 |   55402.14 |   55402.14 |   |
313.46300 |  70.40204 |  6.517E+13 |  1.000E+00 |  2.096E-13 |  3.470E-14 |   55402.14 |   55402.14 |   |
313.46300 |  70.40204 |  2.498E+13 |  1.000E+00 |  4.111E-13 |  0.000E+00 |   55402.14 |   55402.14 | UL|
313.46300 |  70.40204 |  1.363E+13 |  1.000E+00 |  8.440E-13 |  3.860E-13 |   55402.14 |   55402.14 |   |
313.46300 |  70.40204 |  8.817E+13 |  1.000E+00 |  3.257E-13 |  2.705E-14 |   55402.21 |   55402.21 |   |
313.46300 |  70.40204 |  6.517E+13 |  1.000E+00 |  2.167E-13 |  2.780E-14 |   55402.21 |   55402.21 |   |
313.46300 |  70.40204 |  2.498E+13 |  1.000E+00 |  3.244E-13 |  0.000E+00 |   55402.21 |   55402.21 | UL|
313.46300 |  70.40204 |  1.363E+13 |  1.000E+00 |  6.854E-13 |  0.000E+00 |   55402.21 |   55402.21 | UL|
313.46300 |  70.40204 |  8.817E+13 |  1.000E+00 |  3.094E-13 |  2.680E-14 |   55402.21 |   55402.21 |   |
313.46300 |  70.40204 |  6.517E+13 |  1.000E+00 |  1.827E-13 |  2.750E-14 |   55402.21 |   55402.21 |   |
313.46300 |  70.40204 |  2.498E+13 |  1.000E+00 |  2.403E-13 |  1.017E-13 |   55402.21 |   55402.21 |   |
313.46300 |  70.40204 |  1.363E+13 |  1.000E+00 |  1.167E-12 |  0.000E+00 |   55402.21 |   55402.21 | UL|
313.46300 |  70.40204 |  8.817E+13 |  1.000E+00 |  3.266E-13 |  2.560E-14 |   55402.27 |   55402.27 |   |
313.46300 |  70.40204 |  6.517E+13 |  1.000E+00 |  1.667E-13 |  2.960E-14 |   55402.27 |   55402.27 |   |
313.46300 |  70.40204 |  2.498E+13 |  1.000E+00 |  1.980E-13 |  9.870E-14 |   55402.27 |   55402.27 |   |
313.46300 |  70.40204 |  1.363E+13 |  1.000E+00 |  9.753E-13 |  0.000E+00 |   55402.27 |   55402.27 | UL|
313.46300 |  70.40204 |  8.817E+13 |  1.000E+00 |  3.411E-13 |  2.575E-14 |   55402.34 |   55402.34 |   |
313.46300 |  70.40204 |  6.517E+13 |  1.000E+00 |  2.181E-13 |  3.040E-14 |   55402.34 |   55402.34 |   |
313.46300 |  70.40204 |  2.498E+13 |  1.000E+00 |  2.599E-13 |  0.000E+00 |   55402.34 |   55402.34 | UL|
313.46300 |  70.40204 |  1.363E+13 |  1.000E+00 |  9.926E-13 |  0.000E+00 |   55402.34 |   55402.34 | UL|
313.46300 |  70.40204 |  8.817E+13 |  1.000E+00 |  3.595E-13 |  2.655E-14 |   55402.41 |   55402.41 |   |
313.46300 |  70.40204 |  6.517E+13 |  1.000E+00 |  1.568E-13 |  3.125E-14 |   55402.41 |   55402.41 |   |
313.46300 |  70.40204 |  2.498E+13 |  1.000E+00 |  2.940E-13 |  0.000E+00 |   55402.41 |   55402.41 | UL|
313.46300 |  70.40204 |  1.363E+13 |  1.000E+00 |  1.427E-12 |  0.000E+00 |   55402.41 |   55402.41 | UL|
313.46300 |  70.40204 |  8.817E+13 |  1.000E+00 |  3.702E-13 |  2.595E-14 |   55402.47 |   55402.47 |   |
313.46300 |  70.40204 |  6.517E+13 |  1.000E+00 |  2.163E-13 |  3.080E-14 |   55402.47 |   55402.47 |   |
313.46300 |  70.40204 |  2.498E+13 |  1.000E+00 |  3.073E-13 |  0.000E+00 |   55402.47 |   55402.47 | UL|
313.46300 |  70.40204 |  1.363E+13 |  1.000E+00 |  8.471E-13 |  0.000E+00 |   55402.47 |   55402.47 | UL|
313.46300 |  70.40204 |  8.817E+13 |  1.000E+00 |  3.852E-13 |  2.595E-14 |   55402.54 |   55402.54 |   |
313.46300 |  70.40204 |  6.517E+13 |  1.000E+00 |  2.527E-13 |  3.410E-14 |   55402.54 |   55402.54 |   |
313.46300 |  70.40204 |  2.498E+13 |  1.000E+00 |  2.596E-13 |  0.000E+00 |   55402.54 |   55402.54 | UL|
313.46300 |  70.40204 |  1.363E+13 |  1.000E+00 |  8.355E-13 |  0.000E+00 |   55402.54 |   55402.54 | UL|
313.46300 |  70.40204 |  8.817E+13 |  1.000E+00 |  3.778E-13 |  2.610E-14 |   55402.61 |   55402.61 |   |
313.46300 |  70.40204 |  6.517E+13 |  1.000E+00 |  2.718E-13 |  3.235E-14 |   55402.61 |   55402.61 |   |
313.46300 |  70.40204 |  8.817E+13 |  1.000E+00 |  3.695E-13 |  2.625E-14 |   55402.67 |   55402.67 |   |
313.46300 |  70.40204 |  6.517E+13 |  1.000E+00 |  2.654E-13 |  3.600E-14 |   55402.67 |   55402.67 |   |
313.46300 |  70.40204 |  2.498E+13 |  1.000E+00 |  2.062E-13 |  1.071E-13 |   55402.67 |   55402.67 |   |
313.46300 |  70.40204 |  1.363E+13 |  1.000E+00 |  1.248E-12 |  0.000E+00 |   55402.67 |   55402.67 | UL|
313.46300 |  70.40204 |  8.817E+13 |  1.000E+00 |  2.911E-13 |  2.685E-14 |   55402.74 |   55402.74 |   |
313.46300 |  70.40204 |  6.517E+13 |  1.000E+00 |  2.414E-13 |  3.140E-14 |   55402.74 |   55402.74 |   |
313.46300 |  70.40204 |  2.498E+13 |  1.000E+00 |  2.452E-13 |  0.000E+00 |   55402.74 |   55402.74 | UL|
313.46300 |  70.40204 |  1.363E+13 |  1.000E+00 |  7.979E-13 |  0.000E+00 |   55402.74 |   55402.74 | UL|
313.46300 |  70.40204 |  8.817E+13 |  1.000E+00 |  3.219E-13 |  2.580E-14 |   55402.80 |   55402.80 |   |
313.46300 |  70.40204 |  6.517E+13 |  1.000E+00 |  1.654E-13 |  3.095E-14 |   55402.80 |   55402.80 |   |
313.46300 |  70.40204 |  2.498E+13 |  1.000E+00 |  2.731E-13 |  0.000E+00 |   55402.80 |   55402.80 | UL|
313.46300 |  70.40204 |  1.363E+13 |  1.000E+00 |  7.812E-13 |  0.000E+00 |   55402.80 |   55402.80 | UL|
313.46300 |  70.40204 |  8.817E+13 |  1.000E+00 |  4.661E-13 |  3.350E-14 |   55402.87 |   55402.87 |   |
313.46300 |  70.40204 |  6.517E+13 |  1.000E+00 |  2.331E-13 |  3.055E-14 |   55402.87 |   55402.87 |   |
313.46300 |  70.40204 |  2.498E+13 |  1.000E+00 |  2.815E-13 |  0.000E+00 |   55402.87 |   55402.87 | UL|
313.46300 |  70.40204 |  1.363E+13 |  1.000E+00 |  9.735E-13 |  0.000E+00 |   55402.87 |   55402.87 | UL|
313.46300 |  70.40204 |  8.817E+13 |  1.000E+00 |  3.468E-13 |  2.530E-14 |   55402.93 |   55402.93 |   |
313.46300 |  70.40204 |  6.517E+13 |  1.000E+00 |  1.771E-13 |  3.165E-14 |   55402.93 |   55402.93 |   |
313.46300 |  70.40204 |  2.498E+13 |  1.000E+00 |  2.535E-13 |  0.000E+00 |   55402.93 |   55402.93 | UL|
313.46300 |  70.40204 |  1.363E+13 |  1.000E+00 |  7.592E-13 |  0.000E+00 |   55402.93 |   55402.93 | UL|
313.46300 |  70.40204 |  8.817E+13 |  1.000E+00 |  3.723E-13 |  2.815E-14 |   55403.00 |   55403.00 |   |
313.46300 |  70.40204 |  6.517E+13 |  1.000E+00 |  8.540E-14 |  3.303E-14 |   55403.00 |   55403.00 |   |
313.46300 |  70.40204 |  2.498E+13 |  1.000E+00 |  2.992E-13 |  0.000E+00 |   55403.00 |   55403.00 | UL|
313.46300 |  70.40204 |  1.363E+13 |  1.000E+00 |  1.719E-12 |  0.000E+00 |   55403.00 |   55403.00 | UL|
313.46300 |  70.40204 |  8.817E+13 |  1.000E+00 |  3.207E-13 |  2.720E-14 |   55403.07 |   55403.07 |   |
313.46300 |  70.40204 |  6.517E+13 |  1.000E+00 |  1.600E-13 |  2.965E-14 |   55403.07 |   55403.07 |   |
313.46300 |  70.40204 |  2.498E+13 |  1.000E+00 |  3.176E-13 |  0.000E+00 |   55403.07 |   55403.07 | UL|
313.46300 |  70.40204 |  1.363E+13 |  1.000E+00 |  8.518E-13 |  0.000E+00 |   55403.07 |   55403.07 | UL|
313.46300 |  70.40204 |  8.817E+13 |  1.000E+00 |  3.420E-13 |  2.805E-14 |   55403.13 |   55403.13 |   |
313.46300 |  70.40204 |  6.517E+13 |  1.000E+00 |  1.590E-13 |  3.005E-14 |   55403.13 |   55403.13 |   |
313.46300 |  70.40204 |  2.498E+13 |  1.000E+00 |  1.944E-13 |  0.000E+00 |   55403.13 |   55403.13 | UL|
313.46300 |  70.40204 |  1.363E+13 |  1.000E+00 |  1.075E-12 |  0.000E+00 |   55403.13 |   55403.13 | UL|
313.46300 |  70.40204 |  8.817E+13 |  1.000E+00 |  3.160E-13 |  2.740E-14 |   55403.40 |   55403.40 |   |
313.46300 |  70.40204 |  6.517E+13 |  1.000E+00 |  1.928E-13 |  2.940E-14 |   55403.40 |   55403.40 |   |
313.46300 |  70.40204 |  2.498E+13 |  1.000E+00 |  3.059E-13 |  0.000E+00 |   55403.40 |   55403.40 | UL|
313.46300 |  70.40204 |  1.363E+13 |  1.000E+00 |  7.529E-13 |  0.000E+00 |   55403.40 |   55403.40 | UL|
313.46300 |  70.40204 |  8.817E+13 |  1.000E+00 |  3.195E-13 |  2.475E-14 |   55403.20 |   55403.20 |   |
313.46300 |  70.40204 |  6.517E+13 |  1.000E+00 |  1.736E-13 |  2.875E-14 |   55403.20 |   55403.20 |   |
313.46300 |  70.40204 |  2.498E+13 |  1.000E+00 |  2.114E-13 |  9.825E-14 |   55403.20 |   55403.20 |   |
313.46300 |  70.40204 |  1.363E+13 |  1.000E+00 |  7.297E-13 |  0.000E+00 |   55403.20 |   55403.20 | UL|
313.46300 |  70.40204 |  8.817E+13 |  1.000E+00 |  3.736E-13 |  2.615E-14 |   55403.27 |   55403.27 |   |
313.46300 |  70.40204 |  6.517E+13 |  1.000E+00 |  2.125E-13 |  3.360E-14 |   55403.27 |   55403.27 |   |
313.46300 |  70.40204 |  2.498E+13 |  1.000E+00 |  2.295E-13 |  1.115E-13 |   55403.27 |   55403.27 |   |
313.46300 |  70.40204 |  1.363E+13 |  1.000E+00 |  9.314E-13 |  0.000E+00 |   55403.27 |   55403.27 | UL|
313.46300 |  70.40204 |  8.817E+13 |  1.000E+00 |  3.493E-13 |  2.645E-14 |   55403.33 |   55403.33 |   |
313.46300 |  70.40204 |  6.517E+13 |  1.000E+00 |  2.219E-13 |  3.055E-14 |   55403.33 |   55403.33 |   |
313.46300 |  70.40204 |  2.498E+13 |  1.000E+00 |  3.326E-13 |  0.000E+00 |   55403.33 |   55403.33 | UL|
313.46300 |  70.40204 |  1.363E+13 |  1.000E+00 |  1.282E-12 |  0.000E+00 |   55403.33 |   55403.33 | UL|
313.46300 |  70.40204 |  8.817E+13 |  1.000E+00 |  3.094E-13 |  2.395E-14 |   55404.12 |   55404.12 |   |
313.46300 |  70.40204 |  6.517E+13 |  1.000E+00 |  2.167E-13 |  2.925E-14 |   55404.12 |   55404.12 |   |
313.46300 |  70.40204 |  2.498E+13 |  1.000E+00 |  2.482E-13 |  1.070E-13 |   55404.12 |   55404.12 |   |
313.46300 |  70.40204 |  1.363E+13 |  1.000E+00 |  1.874E-12 |  0.000E+00 |   55404.12 |   55404.12 | UL|
313.46300 |  70.40204 |  8.817E+13 |  1.000E+00 |  2.329E-13 |  2.950E-14 |   55581.76 |   55581.76 |   |
313.46300 |  70.40204 |  6.517E+13 |  1.000E+00 |  2.139E-13 |  3.125E-14 |   55581.76 |   55581.76 |   |
313.46300 |  70.40204 |  8.817E+13 |  1.000E+00 |  3.788E-13 |  2.690E-14 |   55581.63 |   55581.63 |   |
313.46300 |  70.40204 |  6.517E+13 |  1.000E+00 |  2.197E-13 |  3.330E-14 |   55581.63 |   55581.63 |   |
313.46300 |  70.40204 |  8.817E+13 |  1.000E+00 |  2.842E-13 |  2.570E-14 |   55582.03 |   55582.03 |   |
313.46300 |  70.40204 |  6.517E+13 |  1.000E+00 |  1.822E-13 |  3.140E-14 |   55582.03 |   55582.03 |   |
313.46300 |  70.40204 |  8.817E+13 |  1.000E+00 |  2.965E-13 |  2.790E-14 |   55580.24 |   55580.24 |   |
313.46300 |  70.40204 |  6.517E+13 |  1.000E+00 |  2.116E-13 |  3.070E-14 |   55580.24 |   55580.24 |   |
313.46300 |  70.40204 |  8.817E+13 |  1.000E+00 |  3.383E-13 |  2.650E-14 |   55580.31 |   55580.31 |   |
313.46300 |  70.40204 |  6.517E+13 |  1.000E+00 |  1.679E-13 |  3.300E-14 |   55580.31 |   55580.31 |   |
313.46300 |  70.40204 |  8.817E+13 |  1.000E+00 |  3.065E-13 |  2.685E-14 |   55580.38 |   55580.38 |   |
313.46300 |  70.40204 |  6.517E+13 |  1.000E+00 |  1.728E-13 |  3.380E-14 |   55580.38 |   55580.38 |   |
313.46300 |  70.40204 |  8.817E+13 |  1.000E+00 |  3.210E-13 |  2.720E-14 |   55580.50 |   55580.50 |   |
313.46300 |  70.40204 |  6.517E+13 |  1.000E+00 |  2.129E-13 |  3.170E-14 |   55580.50 |   55580.50 |   |
313.46300 |  70.40204 |  8.817E+13 |  1.000E+00 |  3.076E-13 |  2.640E-14 |   55580.57 |   55580.57 |   |
313.46300 |  70.40204 |  6.517E+13 |  1.000E+00 |  1.524E-13 |  3.080E-14 |   55580.57 |   55580.57 |   |
313.46300 |  70.40204 |  8.817E+13 |  1.000E+00 |  2.550E-13 |  2.565E-14 |   55580.64 |   55580.64 |   |
313.46300 |  70.40204 |  6.517E+13 |  1.000E+00 |  1.745E-13 |  3.350E-14 |   55580.64 |   55580.64 |   |
313.46300 |  70.40204 |  8.817E+13 |  1.000E+00 |  2.895E-13 |  3.205E-14 |   55580.70 |   55580.70 |   |
313.46300 |  70.40204 |  6.517E+13 |  1.000E+00 |  1.870E-13 |  3.115E-14 |   55580.70 |   55580.70 |   |
313.46300 |  70.40204 |  8.817E+13 |  1.000E+00 |  2.719E-13 |  2.760E-14 |   55580.77 |   55580.77 |   |
313.46300 |  70.40204 |  6.517E+13 |  1.000E+00 |  2.135E-13 |  3.200E-14 |   55580.77 |   55580.77 |   |
313.46300 |  70.40204 |  8.817E+13 |  1.000E+00 |  3.591E-13 |  2.550E-14 |   55580.84 |   55580.84 |   |
313.46300 |  70.40204 |  6.517E+13 |  1.000E+00 |  1.931E-13 |  3.415E-14 |   55580.84 |   55580.84 |   |
313.46300 |  70.40204 |  8.817E+13 |  1.000E+00 |  2.834E-13 |  2.590E-14 |   55580.90 |   55580.90 |   |
313.46300 |  70.40204 |  6.517E+13 |  1.000E+00 |  2.369E-13 |  3.795E-14 |   55580.90 |   55580.90 |   |
313.46300 |  70.40204 |  8.817E+13 |  1.000E+00 |  3.562E-13 |  2.625E-14 |   55580.97 |   55580.97 |   |
313.46300 |  70.40204 |  6.517E+13 |  1.000E+00 |  1.523E-13 |  3.405E-14 |   55580.97 |   55580.97 |   |
313.46300 |  70.40204 |  8.817E+13 |  1.000E+00 |  3.284E-13 |  2.695E-14 |   55581.04 |   55581.04 |   |
313.46300 |  70.40204 |  6.517E+13 |  1.000E+00 |  2.060E-13 |  3.255E-14 |   55581.04 |   55581.04 |   |
313.46300 |  70.40204 |  8.817E+13 |  1.000E+00 |  3.221E-13 |  2.585E-14 |   55581.23 |   55581.23 |   |
313.46300 |  70.40204 |  6.517E+13 |  1.000E+00 |  2.263E-13 |  3.430E-14 |   55581.23 |   55581.23 |   |
313.46300 |  70.40204 |  8.817E+13 |  1.000E+00 |  3.545E-13 |  2.780E-14 |   55581.30 |   55581.30 |   |
313.46300 |  70.40204 |  6.517E+13 |  1.000E+00 |  1.576E-13 |  3.200E-14 |   55581.30 |   55581.30 |   |
313.46300 |  70.40204 |  8.817E+13 |  1.000E+00 |  3.108E-13 |  2.610E-14 |   55581.36 |   55581.36 |   |
313.46300 |  70.40204 |  6.517E+13 |  1.000E+00 |  1.956E-13 |  3.205E-14 |   55581.36 |   55581.36 |   |
313.46300 |  70.40204 |  8.817E+13 |  1.000E+00 |  3.026E-13 |  2.655E-14 |   55581.43 |   55581.43 |   |
313.46300 |  70.40204 |  6.517E+13 |  1.000E+00 |  2.438E-13 |  3.245E-14 |   55581.43 |   55581.43 |   |
313.46300 |  70.40204 |  8.817E+13 |  1.000E+00 |  3.909E-13 |  2.595E-14 |   55581.50 |   55581.50 |   |
313.46300 |  70.40204 |  6.517E+13 |  1.000E+00 |  2.570E-13 |  3.490E-14 |   55581.50 |   55581.50 |   |
313.46300 |  70.40204 |  8.817E+13 |  1.000E+00 |  3.128E-13 |  2.595E-14 |   55581.56 |   55581.56 |   |
313.46300 |  70.40204 |  6.517E+13 |  1.000E+00 |  1.915E-13 |  3.135E-14 |   55581.56 |   55581.56 |   |
313.46300 |  70.40204 |  8.817E+13 |  1.000E+00 |  2.717E-13 |  2.935E-14 |   55581.89 |   55581.89 |   |
313.46300 |  70.40204 |  6.517E+13 |  1.000E+00 |  1.768E-13 |  3.160E-14 |   55581.89 |   55581.89 |   |
313.46300 |  70.40204 |  4.455E+14 |  1.000E+00 |  1.307E-13 |  0.000E+00 |   55000.00 |   55000.00 |   |
313.46300 |  70.40204 |  6.233E+14 |  1.000E+00 |  1.070E-13 |  1.557E-14 |   55000.00 |   55000.00 |   |
313.46300 |  70.40204 |  4.859E+14 |  1.000E+00 |  1.533E-13 |  6.950E-15 |   55000.00 |   55000.00 |   |
313.46300 |  70.40204 |  3.987E+14 |  1.000E+00 |  2.041E-13 |  3.900E-15 |   55000.00 |   55000.00 |   |
313.46300 |  70.40204 |  3.462E+14 |  1.000E+00 |  2.260E-13 |  1.345E-14 |   55000.00 |   55000.00 |   |
313.46300 |  70.40204 |  3.116E+14 |  1.000E+00 |  3.167E-13 |  1.395E-14 |   55000.00 |   55000.00 |   |
313.46300 |  70.40204 |  2.418E+23 |  1.000E+00 |  2.783E-13 |  6.835E-14 |   55000.00 |   55000.00 |   |
313.46300 |  70.40204 |  1.813E+22 |  1.000E+00 |  7.694E-12 |  0.000E+00 |   55000.00 |   55000.00 | UL|
313.46300 |  70.40204 |  4.835E+22 |  1.000E+00 |  1.352E-12 |  7.610E-13 |   55000.00 |   55000.00 |   |
313.46300 |  70.40204 |  1.451E+23 |  1.000E+00 |  5.189E-13 |  0.000E+00 |   55000.00 |   55000.00 | UL|
313.46300 |  70.40204 |  4.835E+23 |  1.000E+00 |  3.756E-13 |  1.078E-13 |   55000.00 |   55000.00 |   |
313.46300 |  70.40204 |  1.451E+24 |  1.000E+00 |  1.109E-13 |  6.893E-14 |   55000.00 |   55000.00 |   |
313.46300 |  70.40204 |  4.835E+24 |  1.000E+00 |  1.653E-13 |  9.468E-14 |   55000.00 |   55000.00 |   |
313.46300 |  70.40204 |  1.451E+25 |  1.000E+00 |  2.666E-13 |  1.621E-13 |   55000.00 |   55000.00 |   |
313.46300 |  70.40204 |  1.451E+26 |  1.000E+00 |  8.516E-13 |  0.000E+00 |   55000.00 |   55000.00 | UL|
