313.46133 |  29.38736 |  3.000E+09 |  1.000E+00 |  9.474E-16 |  6.750E-18 |   55000.00 |   55000.00 |   |
313.46133 |  29.38736 |  2.418E+17 |  1.000E+00 |  2.792E-12 |  2.465E-13 |   55000.00 |   55000.00 |   |
313.46133 |  29.38736 |  2.418E+17 |  1.000E+00 |  3.773E-12 |  2.890E-13 |   57914.60 |   57914.60 |   |
313.46133 |  29.38736 |  7.253E+17 |  1.000E+00 |  3.237E-12 |  1.590E-13 |   55000.00 |   55000.00 |   |
313.46133 |  29.38736 |  2.418E+17 |  1.000E+00 |  1.126E-12 |  1.263E-13 |   55000.00 |   55000.00 |   |
313.46133 |  29.38736 |  2.418E+17 |  1.000E+00 |  1.545E-12 |  1.805E-13 |   55000.00 |   55000.00 |   |
313.46133 |  29.38736 |  1.209E+17 |  1.000E+00 |  4.263E-12 |  3.500E-13 |   57914.60 |   57914.60 |   |
313.46133 |  29.38736 |  3.627E+17 |  1.000E+00 |  3.283E-12 |  2.290E-13 |   57914.60 |   57914.60 |   |
313.46133 |  29.38736 |  7.253E+17 |  1.000E+00 |  2.258E-12 |  1.070E-13 |   57914.60 |   57914.60 |   |
313.46133 |  29.38736 |  1.088E+18 |  1.000E+00 |  1.981E-12 |  2.190E-13 |   57914.60 |   57914.60 |   |
313.46133 |  29.38736 |  1.209E+17 |  1.000E+00 |  2.769E-12 |  2.295E-13 |   55000.00 |   55000.00 |   |
313.46133 |  29.38736 |  3.627E+17 |  1.000E+00 |  3.371E-12 |  2.505E-13 |   55000.00 |   55000.00 |   |
313.46133 |  29.38736 |  1.088E+18 |  1.000E+00 |  2.561E-12 |  2.920E-13 |   55000.00 |   55000.00 |   |
313.46133 |  29.38736 |  1.400E+09 |  1.000E+00 |  5.152E-16 |  1.680E-17 |   55000.00 |   55000.00 |   |
313.46133 |  29.38736 |  1.500E+08 |  1.000E+00 |  4.500E-17 |  6.000E-18 |   55000.00 |   55000.00 |   |
313.46133 |  29.38736 |  4.800E+09 |  1.000E+00 |  1.200E-15 |  2.400E-16 |   55000.00 |   55000.00 |   |
313.46133 |  29.38736 |  1.389E+14 |  1.000E+00 |  1.146E-12 |  1.230E-13 |   55000.00 |   55000.00 |   |
313.46133 |  29.38736 |  1.804E+14 |  1.000E+00 |  1.704E-12 |  1.495E-13 |   55000.00 |   55000.00 |   |
313.46133 |  29.38736 |  2.427E+14 |  1.000E+00 |  1.590E-12 |  1.435E-13 |   55000.00 |   55000.00 |   |
313.46133 |  29.38736 |  8.817E+13 |  1.000E+00 |  9.079E-13 |  2.845E-14 |   55000.00 |   55000.00 |   |
313.46133 |  29.38736 |  6.517E+13 |  1.000E+00 |  7.322E-13 |  2.025E-14 |   55000.00 |   55000.00 |   |
313.46133 |  29.38736 |  2.498E+13 |  1.000E+00 |  3.955E-13 |  3.355E-14 |   55000.00 |   55000.00 |   |
313.46133 |  29.38736 |  1.363E+13 |  1.000E+00 |  4.698E-13 |  1.324E-13 |   55000.00 |   55000.00 |   |
313.46133 |  29.38736 |  8.817E+13 |  1.000E+00 |  1.073E-12 |  4.650E-14 |   55513.57 |   55513.57 |   |
313.46133 |  29.38736 |  6.517E+13 |  1.000E+00 |  7.781E-13 |  4.375E-14 |   55513.57 |   55513.57 |   |
313.46133 |  29.38736 |  8.817E+13 |  1.000E+00 |  1.020E-12 |  4.615E-14 |   55335.40 |   55335.40 |   |
313.46133 |  29.38736 |  6.517E+13 |  1.000E+00 |  8.699E-13 |  4.090E-14 |   55335.40 |   55335.40 |   |
313.46133 |  29.38736 |  2.498E+13 |  1.000E+00 |  4.716E-13 |  1.100E-13 |   55335.40 |   55335.40 |   |
313.46133 |  29.38736 |  1.363E+13 |  1.000E+00 |  1.096E-12 |  0.000E+00 |   55335.40 |   55335.40 | UL|
313.46133 |  29.38736 |  8.817E+13 |  1.000E+00 |  1.086E-12 |  4.700E-14 |   55335.27 |   55335.27 |   |
313.46133 |  29.38736 |  6.517E+13 |  1.000E+00 |  7.576E-13 |  4.120E-14 |   55335.27 |   55335.27 |   |
313.46133 |  29.38736 |  2.498E+13 |  1.000E+00 |  2.795E-13 |  1.120E-13 |   55335.27 |   55335.27 |   |
313.46133 |  29.38736 |  1.363E+13 |  1.000E+00 |  7.495E-13 |  3.819E-13 |   55335.27 |   55335.27 |   |
313.46133 |  29.38736 |  8.817E+13 |  1.000E+00 |  1.148E-12 |  4.300E-14 |   55335.14 |   55335.14 |   |
313.46133 |  29.38736 |  6.517E+13 |  1.000E+00 |  8.667E-13 |  4.230E-14 |   55335.14 |   55335.14 |   |
313.46133 |  29.38736 |  2.498E+13 |  1.000E+00 |  4.545E-13 |  1.228E-13 |   55335.14 |   55335.14 |   |
313.46133 |  29.38736 |  1.363E+13 |  1.000E+00 |  1.460E-12 |  0.000E+00 |   55335.14 |   55335.14 | UL|
313.46133 |  29.38736 |  8.817E+13 |  1.000E+00 |  9.657E-13 |  4.345E-14 |   55335.01 |   55335.01 |   |
313.46133 |  29.38736 |  6.517E+13 |  1.000E+00 |  7.868E-13 |  4.570E-14 |   55335.01 |   55335.01 |   |
313.46133 |  29.38736 |  2.498E+13 |  1.000E+00 |  3.826E-13 |  1.177E-13 |   55335.01 |   55335.01 |   |
313.46133 |  29.38736 |  1.363E+13 |  1.000E+00 |  1.178E-12 |  0.000E+00 |   55335.01 |   55335.01 | UL|
313.46133 |  29.38736 |  8.817E+13 |  1.000E+00 |  1.110E-12 |  3.950E-14 |   55334.94 |   55334.94 |   |
313.46133 |  29.38736 |  6.517E+13 |  1.000E+00 |  9.252E-13 |  4.345E-14 |   55334.94 |   55334.94 |   |
313.46133 |  29.38736 |  2.498E+13 |  1.000E+00 |  3.064E-13 |  9.575E-14 |   55334.94 |   55334.94 |   |
313.46133 |  29.38736 |  1.363E+13 |  1.000E+00 |  1.113E-12 |  0.000E+00 |   55334.94 |   55334.94 | UL|
313.46133 |  29.38736 |  8.817E+13 |  1.000E+00 |  1.031E-12 |  4.200E-14 |   55334.88 |   55334.88 |   |
313.46133 |  29.38736 |  6.517E+13 |  1.000E+00 |  8.299E-13 |  4.205E-14 |   55334.88 |   55334.88 |   |
313.46133 |  29.38736 |  2.498E+13 |  1.000E+00 |  2.986E-13 |  9.995E-14 |   55334.88 |   55334.88 |   |
313.46133 |  29.38736 |  1.363E+13 |  1.000E+00 |  1.049E-12 |  3.809E-13 |   55334.88 |   55334.88 |   |
313.46133 |  29.38736 |  8.817E+13 |  1.000E+00 |  1.089E-12 |  4.450E-14 |   55334.81 |   55334.81 |   |
313.46133 |  29.38736 |  6.517E+13 |  1.000E+00 |  7.911E-13 |  4.810E-14 |   55334.81 |   55334.81 |   |
313.46133 |  29.38736 |  2.498E+13 |  1.000E+00 |  3.557E-13 |  1.023E-13 |   55334.81 |   55334.81 |   |
313.46133 |  29.38736 |  1.363E+13 |  1.000E+00 |  7.634E-13 |  0.000E+00 |   55334.81 |   55334.81 | UL|
313.46133 |  29.38736 |  8.817E+13 |  1.000E+00 |  9.394E-13 |  4.845E-14 |   55334.74 |   55334.74 |   |
313.46133 |  29.38736 |  6.517E+13 |  1.000E+00 |  7.431E-13 |  4.175E-14 |   55334.74 |   55334.74 |   |
313.46133 |  29.38736 |  2.498E+13 |  1.000E+00 |  4.549E-13 |  1.151E-13 |   55334.74 |   55334.74 |   |
313.46133 |  29.38736 |  1.363E+13 |  1.000E+00 |  1.054E-12 |  3.992E-13 |   55334.74 |   55334.74 |   |
313.46133 |  29.38736 |  8.817E+13 |  1.000E+00 |  1.070E-12 |  4.050E-14 |   55516.82 |   55516.82 |   |
313.46133 |  29.38736 |  6.517E+13 |  1.000E+00 |  8.231E-13 |  4.325E-14 |   55516.82 |   55516.82 |   |
313.46133 |  29.38736 |  8.817E+13 |  1.000E+00 |  1.026E-12 |  4.270E-14 |   55516.68 |   55516.68 |   |
313.46133 |  29.38736 |  6.517E+13 |  1.000E+00 |  8.353E-13 |  4.695E-14 |   55516.68 |   55516.68 |   |
313.46133 |  29.38736 |  8.817E+13 |  1.000E+00 |  1.077E-12 |  4.850E-14 |   55516.55 |   55516.55 |   |
313.46133 |  29.38736 |  6.517E+13 |  1.000E+00 |  7.667E-13 |  4.310E-14 |   55516.55 |   55516.55 |   |
313.46133 |  29.38736 |  8.817E+13 |  1.000E+00 |  1.111E-12 |  4.300E-14 |   55516.42 |   55516.42 |   |
313.46133 |  29.38736 |  6.517E+13 |  1.000E+00 |  8.254E-13 |  4.870E-14 |   55516.42 |   55516.42 |   |
313.46133 |  29.38736 |  8.817E+13 |  1.000E+00 |  1.082E-12 |  4.250E-14 |   55516.35 |   55516.35 |   |
313.46133 |  29.38736 |  6.517E+13 |  1.000E+00 |  8.171E-13 |  4.365E-14 |   55516.35 |   55516.35 |   |
313.46133 |  29.38736 |  8.817E+13 |  1.000E+00 |  1.078E-12 |  5.050E-14 |   55516.35 |   55516.35 |   |
313.46133 |  29.38736 |  6.517E+13 |  1.000E+00 |  8.216E-13 |  4.470E-14 |   55516.35 |   55516.35 |   |
313.46133 |  29.38736 |  8.817E+13 |  1.000E+00 |  1.119E-12 |  4.100E-14 |   55516.29 |   55516.29 |   |
313.46133 |  29.38736 |  6.517E+13 |  1.000E+00 |  7.731E-13 |  4.130E-14 |   55516.29 |   55516.29 |   |
313.46133 |  29.38736 |  8.817E+13 |  1.000E+00 |  1.013E-12 |  4.295E-14 |   55516.22 |   55516.22 |   |
313.46133 |  29.38736 |  6.517E+13 |  1.000E+00 |  8.524E-13 |  4.555E-14 |   55516.22 |   55516.22 |   |
313.46133 |  29.38736 |  8.817E+13 |  1.000E+00 |  9.206E-13 |  4.325E-14 |   55516.15 |   55516.15 |   |
313.46133 |  29.38736 |  6.517E+13 |  1.000E+00 |  7.717E-13 |  4.695E-14 |   55516.15 |   55516.15 |   |
313.46133 |  29.38736 |  8.817E+13 |  1.000E+00 |  1.080E-12 |  4.150E-14 |   55516.09 |   55516.09 |   |
313.46133 |  29.38736 |  6.517E+13 |  1.000E+00 |  8.563E-13 |  4.260E-14 |   55516.09 |   55516.09 |   |
313.46133 |  29.38736 |  8.817E+13 |  1.000E+00 |  8.996E-13 |  4.310E-14 |   55516.02 |   55516.02 |   |
313.46133 |  29.38736 |  6.517E+13 |  1.000E+00 |  7.363E-13 |  5.095E-14 |   55516.02 |   55516.02 |   |
313.46133 |  29.38736 |  8.817E+13 |  1.000E+00 |  1.108E-12 |  5.600E-14 |   55515.95 |   55515.95 |   |
313.46133 |  29.38736 |  6.517E+13 |  1.000E+00 |  8.292E-13 |  4.280E-14 |   55515.95 |   55515.95 |   |
313.46133 |  29.38736 |  8.817E+13 |  1.000E+00 |  9.172E-13 |  4.395E-14 |   55513.05 |   55513.05 |   |
313.46133 |  29.38736 |  6.517E+13 |  1.000E+00 |  7.097E-13 |  5.890E-14 |   55513.05 |   55513.05 |   |
313.46133 |  29.38736 |  8.817E+13 |  1.000E+00 |  1.013E-12 |  4.960E-14 |   55513.18 |   55513.18 |   |
313.46133 |  29.38736 |  6.517E+13 |  1.000E+00 |  7.452E-13 |  4.395E-14 |   55513.18 |   55513.18 |   |
313.46133 |  29.38736 |  8.817E+13 |  1.000E+00 |  1.017E-12 |  4.220E-14 |   55513.31 |   55513.31 |   |
313.46133 |  29.38736 |  6.517E+13 |  1.000E+00 |  7.926E-13 |  4.160E-14 |   55513.31 |   55513.31 |   |
313.46133 |  29.38736 |  8.817E+13 |  1.000E+00 |  9.640E-13 |  5.345E-14 |   55513.38 |   55513.38 |   |
313.46133 |  29.38736 |  6.517E+13 |  1.000E+00 |  8.454E-13 |  5.060E-14 |   55513.38 |   55513.38 |   |
313.46133 |  29.38736 |  8.817E+13 |  1.000E+00 |  8.938E-13 |  4.285E-14 |   55513.38 |   55513.38 |   |
313.46133 |  29.38736 |  6.517E+13 |  1.000E+00 |  7.696E-13 |  4.755E-14 |   55513.38 |   55513.38 |   |
313.46133 |  29.38736 |  8.817E+13 |  1.000E+00 |  1.062E-12 |  4.400E-14 |   55513.44 |   55513.44 |   |
313.46133 |  29.38736 |  6.517E+13 |  1.000E+00 |  7.846E-13 |  4.265E-14 |   55513.44 |   55513.44 |   |
313.46133 |  29.38736 |  8.817E+13 |  1.000E+00 |  9.900E-13 |  4.765E-14 |   55513.51 |   55513.51 |   |
313.46133 |  29.38736 |  6.517E+13 |  1.000E+00 |  6.660E-13 |  4.790E-14 |   55513.51 |   55513.51 |   |
313.46133 |  29.38736 |  8.817E+13 |  1.000E+00 |  9.464E-13 |  4.010E-14 |   55512.91 |   55512.91 |   |
313.46133 |  29.38736 |  6.517E+13 |  1.000E+00 |  7.249E-13 |  4.210E-14 |   55512.91 |   55512.91 |   |
313.46133 |  29.38736 |  8.817E+13 |  1.000E+00 |  8.010E-13 |  4.280E-14 |   55513.64 |   55513.64 |   |
313.46133 |  29.38736 |  6.517E+13 |  1.000E+00 |  7.911E-13 |  4.080E-14 |   55513.64 |   55513.64 |   |
313.46133 |  29.38736 |  8.817E+13 |  1.000E+00 |  1.034E-12 |  4.305E-14 |   55513.71 |   55513.71 |   |
313.46133 |  29.38736 |  6.517E+13 |  1.000E+00 |  7.569E-13 |  4.465E-14 |   55513.71 |   55513.71 |   |
313.46133 |  29.38736 |  8.817E+13 |  1.000E+00 |  1.117E-12 |  4.500E-14 |   55513.77 |   55513.77 |   |
313.46133 |  29.38736 |  6.517E+13 |  1.000E+00 |  8.201E-13 |  4.155E-14 |   55513.77 |   55513.77 |   |
313.46133 |  29.38736 |  8.817E+13 |  1.000E+00 |  1.105E-12 |  3.850E-14 |   55513.84 |   55513.84 |   |
313.46133 |  29.38736 |  6.517E+13 |  1.000E+00 |  8.307E-13 |  4.135E-14 |   55513.84 |   55513.84 |   |
313.46133 |  29.38736 |  8.817E+13 |  1.000E+00 |  9.919E-13 |  4.680E-14 |   55515.56 |   55515.56 |   |
313.46133 |  29.38736 |  6.517E+13 |  1.000E+00 |  7.129E-13 |  4.205E-14 |   55515.56 |   55515.56 |   |
313.46133 |  29.38736 |  8.817E+13 |  1.000E+00 |  1.017E-12 |  4.220E-14 |   55515.69 |   55515.69 |   |
313.46133 |  29.38736 |  6.517E+13 |  1.000E+00 |  6.758E-13 |  3.985E-14 |   55515.69 |   55515.69 |   |
313.46133 |  29.38736 |  8.817E+13 |  1.000E+00 |  1.043E-12 |  4.250E-14 |   55515.82 |   55515.82 |   |
313.46133 |  29.38736 |  6.517E+13 |  1.000E+00 |  9.000E-13 |  7.135E-14 |   55515.82 |   55515.82 |   |
313.46133 |  29.38736 |  8.817E+13 |  1.000E+00 |  9.163E-13 |  4.810E-14 |   55334.61 |   55334.61 |   |
313.46133 |  29.38736 |  6.517E+13 |  1.000E+00 |  9.042E-13 |  5.335E-14 |   55334.61 |   55334.61 |   |
313.46133 |  29.38736 |  8.817E+13 |  1.000E+00 |  1.107E-12 |  3.850E-14 |   55334.54 |   55334.54 |   |
313.46133 |  29.38736 |  6.517E+13 |  1.000E+00 |  8.571E-13 |  4.500E-14 |   55334.54 |   55334.54 |   |
313.46133 |  29.38736 |  2.498E+13 |  1.000E+00 |  4.289E-13 |  1.315E-13 |   55334.54 |   55334.54 |   |
313.46133 |  29.38736 |  1.363E+13 |  1.000E+00 |  7.683E-13 |  3.978E-13 |   55334.54 |   55334.54 |   |
313.46133 |  29.38736 |  8.817E+13 |  1.000E+00 |  1.039E-12 |  5.475E-14 |   55334.48 |   55334.48 |   |
313.46133 |  29.38736 |  6.517E+13 |  1.000E+00 |  7.507E-13 |  4.150E-14 |   55334.48 |   55334.48 |   |
313.46133 |  29.38736 |  2.498E+13 |  1.000E+00 |  3.515E-13 |  1.173E-13 |   55334.48 |   55334.48 |   |
313.46133 |  29.38736 |  1.363E+13 |  1.000E+00 |  2.565E-12 |  0.000E+00 |   55334.48 |   55334.48 | UL|
313.46133 |  29.38736 |  8.817E+13 |  1.000E+00 |  1.165E-12 |  4.200E-14 |   55334.41 |   55334.41 |   |
313.46133 |  29.38736 |  6.517E+13 |  1.000E+00 |  9.381E-13 |  4.235E-14 |   55334.41 |   55334.41 |   |
313.46133 |  29.38736 |  2.498E+13 |  1.000E+00 |  4.458E-13 |  1.116E-13 |   55334.41 |   55334.41 |   |
313.46133 |  29.38736 |  1.363E+13 |  1.000E+00 |  1.092E-12 |  0.000E+00 |   55334.41 |   55334.41 | UL|
313.46133 |  29.38736 |  8.817E+13 |  1.000E+00 |  9.738E-13 |  4.915E-14 |   55334.28 |   55334.28 |   |
313.46133 |  29.38736 |  6.517E+13 |  1.000E+00 |  8.353E-13 |  4.465E-14 |   55334.28 |   55334.28 |   |
313.46133 |  29.38736 |  2.498E+13 |  1.000E+00 |  4.313E-13 |  0.000E+00 |   55334.28 |   55334.28 | UL|
313.46133 |  29.38736 |  1.363E+13 |  1.000E+00 |  7.447E-13 |  0.000E+00 |   55334.28 |   55334.28 | UL|
313.46133 |  29.38736 |  8.817E+13 |  1.000E+00 |  1.101E-12 |  4.150E-14 |   55334.14 |   55334.14 |   |
313.46133 |  29.38736 |  6.517E+13 |  1.000E+00 |  8.667E-13 |  4.155E-14 |   55334.14 |   55334.14 |   |
313.46133 |  29.38736 |  2.498E+13 |  1.000E+00 |  4.385E-13 |  9.730E-14 |   55334.14 |   55334.14 |   |
313.46133 |  29.38736 |  1.363E+13 |  1.000E+00 |  1.069E-12 |  3.935E-13 |   55334.14 |   55334.14 |   |
313.46133 |  29.38736 |  8.817E+13 |  1.000E+00 |  1.114E-12 |  3.900E-14 |   55334.02 |   55334.02 |   |
313.46133 |  29.38736 |  6.517E+13 |  1.000E+00 |  8.493E-13 |  3.990E-14 |   55334.02 |   55334.02 |   |
313.46133 |  29.38736 |  2.498E+13 |  1.000E+00 |  5.986E-13 |  1.002E-13 |   55334.02 |   55334.02 |   |
313.46133 |  29.38736 |  1.363E+13 |  1.000E+00 |  9.461E-13 |  0.000E+00 |   55334.02 |   55334.02 | UL|
313.46133 |  29.38736 |  8.817E+13 |  1.000E+00 |  1.139E-12 |  4.200E-14 |   55334.68 |   55334.68 |   |
313.46133 |  29.38736 |  6.517E+13 |  1.000E+00 |  7.897E-13 |  4.515E-14 |   55334.68 |   55334.68 |   |
313.46133 |  29.38736 |  2.498E+13 |  1.000E+00 |  3.644E-13 |  1.124E-13 |   55334.68 |   55334.68 |   |
313.46133 |  29.38736 |  1.363E+13 |  1.000E+00 |  1.041E-12 |  0.000E+00 |   55334.68 |   55334.68 | UL|
313.46133 |  29.38736 |  8.817E+13 |  1.000E+00 |  9.121E-13 |  4.370E-14 |   55335.40 |   55335.40 |   |
313.46133 |  29.38736 |  6.517E+13 |  1.000E+00 |  7.999E-13 |  4.055E-14 |   55335.40 |   55335.40 |   |
313.46133 |  29.38736 |  2.498E+13 |  1.000E+00 |  4.574E-13 |  1.062E-13 |   55335.40 |   55335.40 |   |
313.46133 |  29.38736 |  1.363E+13 |  1.000E+00 |  1.262E-12 |  0.000E+00 |   55335.40 |   55335.40 | UL|
313.46133 |  29.38736 |  8.817E+13 |  1.000E+00 |  9.403E-13 |  3.815E-14 |   55512.91 |   55512.91 |   |
313.46133 |  29.38736 |  6.517E+13 |  1.000E+00 |  7.123E-13 |  4.000E-14 |   55512.91 |   55512.91 |   |
313.46133 |  29.38736 |  8.817E+13 |  1.000E+00 |  9.104E-13 |  4.195E-14 |   55513.05 |   55513.05 |   |
313.46133 |  29.38736 |  6.517E+13 |  1.000E+00 |  6.550E-13 |  4.465E-14 |   55513.05 |   55513.05 |   |
313.46133 |  29.38736 |  8.817E+13 |  1.000E+00 |  9.498E-13 |  4.640E-14 |   55513.18 |   55513.18 |   |
313.46133 |  29.38736 |  6.517E+13 |  1.000E+00 |  7.445E-13 |  4.250E-14 |   55513.18 |   55513.18 |   |
313.46133 |  29.38736 |  8.817E+13 |  1.000E+00 |  8.583E-13 |  4.270E-14 |   55513.31 |   55513.31 |   |
313.46133 |  29.38736 |  6.517E+13 |  1.000E+00 |  6.961E-13 |  4.045E-14 |   55513.31 |   55513.31 |   |
313.46133 |  29.38736 |  8.817E+13 |  1.000E+00 |  9.675E-13 |  5.100E-14 |   55513.38 |   55513.38 |   |
313.46133 |  29.38736 |  6.517E+13 |  1.000E+00 |  7.853E-13 |  4.195E-14 |   55513.38 |   55513.38 |   |
313.46133 |  29.38736 |  8.817E+13 |  1.000E+00 |  9.257E-13 |  4.180E-14 |   55513.38 |   55513.38 |   |
313.46133 |  29.38736 |  6.517E+13 |  1.000E+00 |  7.541E-13 |  4.725E-14 |   55513.38 |   55513.38 |   |
313.46133 |  29.38736 |  8.817E+13 |  1.000E+00 |  8.591E-13 |  4.275E-14 |   55513.44 |   55513.44 |   |
313.46133 |  29.38736 |  6.517E+13 |  1.000E+00 |  6.922E-13 |  4.210E-14 |   55513.44 |   55513.44 |   |
313.46133 |  29.38736 |  8.817E+13 |  1.000E+00 |  9.368E-13 |  4.060E-14 |   55334.02 |   55334.02 |   |
313.46133 |  29.38736 |  6.517E+13 |  1.000E+00 |  7.249E-13 |  4.210E-14 |   55334.02 |   55334.02 |   |
313.46133 |  29.38736 |  2.498E+13 |  1.000E+00 |  5.970E-13 |  9.830E-14 |   55334.02 |   55334.02 |   |
313.46133 |  29.38736 |  1.363E+13 |  1.000E+00 |  8.256E-13 |  0.000E+00 |   55334.02 |   55334.02 | UL|
313.46133 |  29.38736 |  8.817E+13 |  1.000E+00 |  9.342E-13 |  4.650E-14 |   55334.14 |   55334.14 |   |
313.46133 |  29.38736 |  6.517E+13 |  1.000E+00 |  7.810E-13 |  4.245E-14 |   55334.14 |   55334.14 |   |
313.46133 |  29.38736 |  2.498E+13 |  1.000E+00 |  4.269E-13 |  9.555E-14 |   55334.14 |   55334.14 |   |
313.46133 |  29.38736 |  1.363E+13 |  1.000E+00 |  1.199E-12 |  4.130E-13 |   55334.14 |   55334.14 |   |
313.46133 |  29.38736 |  8.817E+13 |  1.000E+00 |  9.801E-13 |  5.060E-14 |   55334.28 |   55334.28 |   |
313.46133 |  29.38736 |  6.517E+13 |  1.000E+00 |  8.155E-13 |  4.435E-14 |   55334.28 |   55334.28 |   |
313.46133 |  29.38736 |  2.498E+13 |  1.000E+00 |  2.407E-13 |  1.175E-13 |   55334.28 |   55334.28 |   |
313.46133 |  29.38736 |  1.363E+13 |  1.000E+00 |  7.502E-13 |  0.000E+00 |   55334.28 |   55334.28 | UL|
313.46133 |  29.38736 |  8.817E+13 |  1.000E+00 |  9.882E-13 |  5.350E-14 |   55334.41 |   55334.41 |   |
313.46133 |  29.38736 |  6.517E+13 |  1.000E+00 |  8.361E-13 |  4.160E-14 |   55334.41 |   55334.41 |   |
313.46133 |  29.38736 |  2.498E+13 |  1.000E+00 |  4.153E-13 |  1.087E-13 |   55334.41 |   55334.41 |   |
313.46133 |  29.38736 |  1.363E+13 |  1.000E+00 |  8.294E-13 |  0.000E+00 |   55334.41 |   55334.41 | UL|
313.46133 |  29.38736 |  8.817E+13 |  1.000E+00 |  9.534E-13 |  5.205E-14 |   55334.48 |   55334.48 |   |
313.46133 |  29.38736 |  6.517E+13 |  1.000E+00 |  7.302E-13 |  4.310E-14 |   55334.48 |   55334.48 |   |
313.46133 |  29.38736 |  2.498E+13 |  1.000E+00 |  3.833E-13 |  9.885E-14 |   55334.48 |   55334.48 |   |
313.46133 |  29.38736 |  1.363E+13 |  1.000E+00 |  2.852E-12 |  0.000E+00 |   55334.48 |   55334.48 | UL|
313.46133 |  29.38736 |  8.817E+13 |  1.000E+00 |  9.622E-13 |  5.050E-14 |   55334.54 |   55334.54 |   |
313.46133 |  29.38736 |  6.517E+13 |  1.000E+00 |  7.555E-13 |  4.595E-14 |   55334.54 |   55334.54 |   |
313.46133 |  29.38736 |  2.498E+13 |  1.000E+00 |  4.664E-13 |  1.319E-13 |   55334.54 |   55334.54 |   |
313.46133 |  29.38736 |  1.363E+13 |  1.000E+00 |  9.052E-13 |  4.080E-13 |   55334.54 |   55334.54 |   |
313.46133 |  29.38736 |  8.817E+13 |  1.000E+00 |  8.881E-13 |  4.665E-14 |   55334.61 |   55334.61 |   |
313.46133 |  29.38736 |  6.517E+13 |  1.000E+00 |  8.430E-13 |  4.275E-14 |   55334.61 |   55334.61 |   |
313.46133 |  29.38736 |  8.817E+13 |  1.000E+00 |  9.569E-13 |  5.555E-14 |   55335.27 |   55335.27 |   |
313.46133 |  29.38736 |  6.517E+13 |  1.000E+00 |  6.752E-13 |  4.105E-14 |   55335.27 |   55335.27 |   |
313.46133 |  29.38736 |  2.498E+13 |  1.000E+00 |  2.839E-13 |  1.112E-13 |   55335.27 |   55335.27 |   |
313.46133 |  29.38736 |  1.363E+13 |  1.000E+00 |  1.498E-12 |  0.000E+00 |   55335.27 |   55335.27 | UL|
313.46133 |  29.38736 |  8.817E+13 |  1.000E+00 |  9.525E-13 |  4.390E-14 |   55335.14 |   55335.14 |   |
313.46133 |  29.38736 |  6.517E+13 |  1.000E+00 |  7.882E-13 |  4.215E-14 |   55335.14 |   55335.14 |   |
313.46133 |  29.38736 |  2.498E+13 |  1.000E+00 |  4.508E-13 |  1.064E-13 |   55335.14 |   55335.14 |   |
313.46133 |  29.38736 |  1.363E+13 |  1.000E+00 |  1.397E-12 |  0.000E+00 |   55335.14 |   55335.14 | UL|
313.46133 |  29.38736 |  8.817E+13 |  1.000E+00 |  8.528E-13 |  4.870E-14 |   55335.01 |   55335.01 |   |
313.46133 |  29.38736 |  6.517E+13 |  1.000E+00 |  6.941E-13 |  4.605E-14 |   55335.01 |   55335.01 |   |
313.46133 |  29.38736 |  2.498E+13 |  1.000E+00 |  3.564E-13 |  1.059E-13 |   55335.01 |   55335.01 |   |
313.46133 |  29.38736 |  1.363E+13 |  1.000E+00 |  1.333E-12 |  0.000E+00 |   55335.01 |   55335.01 | UL|
313.46133 |  29.38736 |  8.817E+13 |  1.000E+00 |  9.368E-13 |  4.060E-14 |   55334.94 |   55334.94 |   |
313.46133 |  29.38736 |  6.517E+13 |  1.000E+00 |  8.462E-13 |  4.365E-14 |   55334.94 |   55334.94 |   |
313.46133 |  29.38736 |  2.498E+13 |  1.000E+00 |  3.031E-13 |  9.415E-14 |   55334.94 |   55334.94 |   |
313.46133 |  29.38736 |  1.363E+13 |  1.000E+00 |  8.822E-13 |  0.000E+00 |   55334.94 |   55334.94 | UL|
313.46133 |  29.38736 |  8.817E+13 |  1.000E+00 |  9.180E-13 |  4.230E-14 |   55334.88 |   55334.88 |   |
313.46133 |  29.38736 |  6.517E+13 |  1.000E+00 |  7.541E-13 |  4.240E-14 |   55334.88 |   55334.88 |   |
313.46133 |  29.38736 |  2.498E+13 |  1.000E+00 |  3.391E-13 |  9.650E-14 |   55334.88 |   55334.88 |   |
313.46133 |  29.38736 |  1.363E+13 |  1.000E+00 |  1.339E-12 |  4.029E-13 |   55334.88 |   55334.88 |   |
313.46133 |  29.38736 |  8.817E+13 |  1.000E+00 |  9.189E-13 |  4.405E-14 |   55334.81 |   55334.81 |   |
313.46133 |  29.38736 |  6.517E+13 |  1.000E+00 |  6.890E-13 |  4.890E-14 |   55334.81 |   55334.81 |   |
313.46133 |  29.38736 |  2.498E+13 |  1.000E+00 |  3.722E-13 |  9.955E-14 |   55334.81 |   55334.81 |   |
313.46133 |  29.38736 |  1.363E+13 |  1.000E+00 |  8.225E-13 |  0.000E+00 |   55334.81 |   55334.81 | UL|
313.46133 |  29.38736 |  8.817E+13 |  1.000E+00 |  9.446E-13 |  5.225E-14 |   55334.61 |   55334.61 |   |
313.46133 |  29.38736 |  6.517E+13 |  1.000E+00 |  6.890E-13 |  4.955E-14 |   55334.61 |   55334.61 |   |
313.46133 |  29.38736 |  8.817E+13 |  1.000E+00 |  9.819E-13 |  6.415E-14 |   55334.68 |   55334.68 |   |
313.46133 |  29.38736 |  6.517E+13 |  1.000E+00 |  7.129E-13 |  4.535E-14 |   55334.68 |   55334.68 |   |
313.46133 |  29.38736 |  2.498E+13 |  1.000E+00 |  3.577E-13 |  1.039E-13 |   55334.68 |   55334.68 |   |
313.46133 |  29.38736 |  1.363E+13 |  1.000E+00 |  1.423E-12 |  0.000E+00 |   55334.68 |   55334.68 | UL|
313.46133 |  29.38736 |  8.817E+13 |  1.000E+00 |  9.534E-13 |  4.560E-14 |   55334.74 |   55334.74 |   |
313.46133 |  29.38736 |  6.517E+13 |  1.000E+00 |  7.235E-13 |  4.470E-14 |   55334.74 |   55334.74 |   |
313.46133 |  29.38736 |  2.498E+13 |  1.000E+00 |  4.533E-13 |  1.006E-13 |   55334.74 |   55334.74 |   |
313.46133 |  29.38736 |  1.363E+13 |  1.000E+00 |  1.218E-12 |  4.386E-13 |   55334.74 |   55334.74 |   |
313.46133 |  29.38736 |  8.817E+13 |  1.000E+00 |  9.325E-13 |  4.125E-14 |   55516.09 |   55516.09 |   |
313.46133 |  29.38736 |  6.517E+13 |  1.000E+00 |  7.597E-13 |  4.345E-14 |   55516.09 |   55516.09 |   |
313.46133 |  29.38736 |  8.817E+13 |  1.000E+00 |  9.455E-13 |  4.355E-14 |   55516.15 |   55516.15 |   |
313.46133 |  29.38736 |  6.517E+13 |  1.000E+00 |  7.404E-13 |  4.710E-14 |   55516.15 |   55516.15 |   |
313.46133 |  29.38736 |  8.817E+13 |  1.000E+00 |  8.930E-13 |  5.350E-14 |   55515.95 |   55515.95 |   |
313.46133 |  29.38736 |  6.517E+13 |  1.000E+00 |  7.438E-13 |  4.250E-14 |   55515.95 |   55515.95 |   |
313.46133 |  29.38736 |  8.817E+13 |  1.000E+00 |  8.631E-13 |  4.855E-14 |   55515.82 |   55515.82 |   |
313.46133 |  29.38736 |  6.517E+13 |  1.000E+00 |  7.897E-13 |  6.990E-14 |   55515.82 |   55515.82 |   |
313.46133 |  29.38736 |  8.817E+13 |  1.000E+00 |  8.971E-13 |  4.050E-14 |   55515.69 |   55515.69 |   |
313.46133 |  29.38736 |  6.517E+13 |  1.000E+00 |  6.496E-13 |  3.950E-14 |   55515.69 |   55515.69 |   |
313.46133 |  29.38736 |  8.817E+13 |  1.000E+00 |  9.368E-13 |  4.750E-14 |   55515.56 |   55515.56 |   |
313.46133 |  29.38736 |  6.517E+13 |  1.000E+00 |  7.090E-13 |  4.185E-14 |   55515.56 |   55515.56 |   |
313.46133 |  29.38736 |  8.817E+13 |  1.000E+00 |  8.988E-13 |  4.140E-14 |   55513.84 |   55513.84 |   |
313.46133 |  29.38736 |  6.517E+13 |  1.000E+00 |  7.255E-13 |  4.345E-14 |   55513.84 |   55513.84 |   |
313.46133 |  29.38736 |  8.817E+13 |  1.000E+00 |  9.223E-13 |  4.420E-14 |   55513.77 |   55513.77 |   |
313.46133 |  29.38736 |  6.517E+13 |  1.000E+00 |  7.452E-13 |  4.120E-14 |   55513.77 |   55513.77 |   |
313.46133 |  29.38736 |  8.817E+13 |  1.000E+00 |  8.639E-13 |  4.535E-14 |   55513.71 |   55513.71 |   |
313.46133 |  29.38736 |  6.517E+13 |  1.000E+00 |  6.204E-13 |  4.520E-14 |   55513.71 |   55513.71 |   |
313.46133 |  29.38736 |  8.817E+13 |  1.000E+00 |  7.974E-13 |  4.040E-14 |   55513.64 |   55513.64 |   |
313.46133 |  29.38736 |  6.517E+13 |  1.000E+00 |  7.911E-13 |  4.005E-14 |   55513.64 |   55513.64 |   |
313.46133 |  29.38736 |  8.817E+13 |  1.000E+00 |  9.394E-13 |  5.025E-14 |   55513.57 |   55513.57 |   |
313.46133 |  29.38736 |  6.517E+13 |  1.000E+00 |  6.821E-13 |  4.340E-14 |   55513.57 |   55513.57 |   |
313.46133 |  29.38736 |  8.817E+13 |  1.000E+00 |  9.394E-13 |  4.415E-14 |   55513.51 |   55513.51 |   |
313.46133 |  29.38736 |  6.517E+13 |  1.000E+00 |  6.550E-13 |  4.590E-14 |   55513.51 |   55513.51 |   |
313.46133 |  29.38736 |  8.817E+13 |  1.000E+00 |  8.615E-13 |  4.285E-14 |   55516.82 |   55516.82 |   |
313.46133 |  29.38736 |  6.517E+13 |  1.000E+00 |  7.084E-13 |  4.310E-14 |   55516.82 |   55516.82 |   |
313.46133 |  29.38736 |  8.817E+13 |  1.000E+00 |  8.349E-13 |  4.075E-14 |   55516.68 |   55516.68 |   |
313.46133 |  29.38736 |  6.517E+13 |  1.000E+00 |  7.431E-13 |  4.590E-14 |   55516.68 |   55516.68 |   |
313.46133 |  29.38736 |  8.817E+13 |  1.000E+00 |  8.759E-13 |  5.165E-14 |   55516.55 |   55516.55 |   |
313.46133 |  29.38736 |  6.517E+13 |  1.000E+00 |  6.660E-13 |  4.360E-14 |   55516.55 |   55516.55 |   |
313.46133 |  29.38736 |  8.817E+13 |  1.000E+00 |  8.512E-13 |  4.240E-14 |   55516.42 |   55516.42 |   |
313.46133 |  29.38736 |  6.517E+13 |  1.000E+00 |  7.289E-13 |  4.635E-14 |   55516.42 |   55516.42 |   |
313.46133 |  29.38736 |  8.817E+13 |  1.000E+00 |  8.996E-13 |  4.310E-14 |   55516.35 |   55516.35 |   |
313.46133 |  29.38736 |  6.517E+13 |  1.000E+00 |  7.182E-13 |  4.235E-14 |   55516.35 |   55516.35 |   |
313.46133 |  29.38736 |  8.817E+13 |  1.000E+00 |  9.063E-13 |  6.180E-14 |   55516.35 |   55516.35 |   |
313.46133 |  29.38736 |  6.517E+13 |  1.000E+00 |  6.916E-13 |  4.845E-14 |   55516.35 |   55516.35 |   |
313.46133 |  29.38736 |  8.817E+13 |  1.000E+00 |  8.947E-13 |  4.530E-14 |   55516.29 |   55516.29 |   |
313.46133 |  29.38736 |  6.517E+13 |  1.000E+00 |  6.752E-13 |  4.105E-14 |   55516.29 |   55516.29 |   |
313.46133 |  29.38736 |  8.817E+13 |  1.000E+00 |  8.107E-13 |  4.410E-14 |   55516.22 |   55516.22 |   |
313.46133 |  29.38736 |  6.517E+13 |  1.000E+00 |  7.417E-13 |  4.650E-14 |   55516.22 |   55516.22 |   |
313.46133 |  29.38736 |  8.817E+13 |  1.000E+00 |  8.848E-13 |  4.075E-14 |   55516.02 |   55516.02 |   |
313.46133 |  29.38736 |  6.517E+13 |  1.000E+00 |  7.242E-13 |  5.075E-14 |   55516.02 |   55516.02 |   |
313.46133 |  29.38736 |  4.455E+14 |  1.000E+00 |  1.608E-12 |  0.000E+00 |   55000.00 |   55000.00 |   |
313.46133 |  29.38736 |  6.233E+14 |  1.000E+00 |  1.489E-12 |  4.450E-14 |   55000.00 |   55000.00 |   |
313.46133 |  29.38736 |  4.859E+14 |  1.000E+00 |  1.482E-12 |  5.550E-14 |   55000.00 |   55000.00 |   |
313.46133 |  29.38736 |  3.987E+14 |  1.000E+00 |  1.558E-12 |  8.500E-15 |   55000.00 |   55000.00 |   |
313.46133 |  29.38736 |  3.462E+14 |  1.000E+00 |  1.349E-12 |  3.950E-14 |   55000.00 |   55000.00 |   |
313.46133 |  29.38736 |  3.116E+14 |  1.000E+00 |  1.376E-12 |  3.750E-14 |   55000.00 |   55000.00 |   |
313.46133 |  29.38736 |  1.295E+15 |  1.000E+00 |  7.975E-13 |  1.194E-13 |   55000.00 |   55000.00 |   |
313.46133 |  29.38736 |  2.418E+17 |  1.000E+00 |  4.198E-12 |  4.500E-13 |   57914.60 |   57914.60 |   |
313.46133 |  29.38736 |  1.209E+17 |  1.000E+00 |  4.617E-12 |  5.240E-13 |   57914.60 |   57914.60 |   |
313.46133 |  29.38736 |  3.627E+17 |  1.000E+00 |  3.778E-12 |  3.760E-13 |   57914.60 |   57914.60 |   |
313.46133 |  29.38736 |  7.253E+17 |  1.000E+00 |  2.365E-12 |  1.620E-13 |   57914.60 |   57914.60 |   |
313.46133 |  29.38736 |  1.088E+18 |  1.000E+00 |  2.025E-12 |  3.240E-13 |   57914.60 |   57914.60 |   |
313.46133 |  29.38736 |  2.418E+17 |  1.000E+00 |  3.353E-12 |  3.790E-13 |   58030.60 |   58030.60 |   |
313.46133 |  29.38736 |  1.209E+17 |  1.000E+00 |  3.823E-12 |  4.440E-13 |   58030.60 |   58030.60 |   |
313.46133 |  29.38736 |  3.627E+17 |  1.000E+00 |  2.882E-12 |  3.140E-13 |   58030.60 |   58030.60 |   |
313.46133 |  29.38736 |  7.253E+17 |  1.000E+00 |  2.197E-12 |  1.540E-13 |   58030.60 |   58030.60 |   |
313.46133 |  29.38736 |  1.088E+18 |  1.000E+00 |  1.994E-12 |  3.060E-13 |   58030.60 |   58030.60 |   |
313.46133 |  29.38736 |  2.418E+23 |  1.000E+00 |  6.559E-13 |  1.697E-13 |   55000.00 |   55000.00 |   |
313.46133 |  29.38736 |  4.110E+23 |  1.000E+00 |  1.039E-12 |  1.438E-13 |   55000.00 |   55000.00 |   |
313.46133 |  29.38736 |  7.254E+23 |  1.000E+00 |  1.387E-12 |  1.300E-13 |   55000.00 |   55000.00 |   |
313.46133 |  29.38736 |  1.209E+24 |  1.000E+00 |  1.703E-12 |  1.350E-13 |   55000.00 |   55000.00 |   |
313.46133 |  29.38736 |  2.418E+24 |  1.000E+00 |  2.134E-12 |  1.920E-13 |   55000.00 |   55000.00 |   |
313.46133 |  29.38736 |  4.111E+24 |  1.000E+00 |  2.408E-12 |  2.470E-13 |   55000.00 |   55000.00 |   |
313.46133 |  29.38736 |  7.254E+24 |  1.000E+00 |  2.423E-12 |  3.320E-13 |   55000.00 |   55000.00 |   |
313.46133 |  29.38736 |  1.209E+25 |  1.000E+00 |  2.128E-12 |  4.030E-13 |   55000.00 |   55000.00 |   |
313.46133 |  29.38736 |  2.418E+25 |  1.000E+00 |  1.622E-12 |  4.320E-13 |   55000.00 |   55000.00 |   |
313.46133 |  29.38736 |  4.110E+25 |  1.000E+00 |  6.073E-13 |  4.895E-13 |   55000.00 |   55000.00 |   |
313.46133 |  29.38736 |  2.418E+23 |  1.000E+00 |  3.503E-13 |  8.365E-14 |   55000.00 |   55000.00 |   |
313.46133 |  29.38736 |  4.835E+22 |  1.000E+00 |  1.152E-12 |  0.000E+00 |   55000.00 |   55000.00 | UL|
313.46133 |  29.38736 |  1.451E+23 |  1.000E+00 |  7.416E-13 |  0.000E+00 |   55000.00 |   55000.00 | UL|
313.46133 |  29.38736 |  4.835E+23 |  1.000E+00 |  3.484E-13 |  2.955E-13 |   55000.00 |   55000.00 |   |
313.46133 |  29.38736 |  1.451E+24 |  1.000E+00 |  1.484E-12 |  3.785E-13 |   55000.00 |   55000.00 |   |
313.46133 |  29.38736 |  1.451E+25 |  1.000E+00 |  2.345E-12 |  7.460E-13 |   55000.00 |   55000.00 |   |
313.46133 |  29.38736 |  1.209E+25 |  1.000E+00 |  1.472E-12 |  2.380E-13 |   55000.00 |   55000.00 |   |
313.46133 |  29.38736 |  3.627E+24 |  1.000E+00 |  2.853E-12 |  5.870E-13 |   55000.00 |   55000.00 |   |
313.46133 |  29.38736 |  8.462E+24 |  1.000E+00 |  2.065E-12 |  5.980E-13 |   55000.00 |   55000.00 |   |
313.46133 |  29.38736 |  2.418E+25 |  1.000E+00 |  1.025E-12 |  6.349E-13 |   55000.00 |   55000.00 |   |
313.46133 |  29.38736 |  7.253E+25 |  1.000E+00 |  4.277E-12 |  0.000E+00 |   55000.00 |   55000.00 | UL|
313.46133 |  29.38736 |  2.418E+26 |  1.000E+00 |  1.525E-11 |  0.000E+00 |   55000.00 |   55000.00 | UL|
313.46133 |  29.38736 |  2.418E+23 |  1.000E+00 |  9.555E-13 |  7.850E-14 |   55000.00 |   55000.00 |   |
313.46133 |  29.38736 |  1.813E+22 |  1.000E+00 |  7.129E-12 |  0.000E+00 |   55000.00 |   55000.00 | UL|
313.46133 |  29.38736 |  4.835E+22 |  1.000E+00 |  1.358E-12 |  0.000E+00 |   55000.00 |   55000.00 | UL|
313.46133 |  29.38736 |  1.451E+23 |  1.000E+00 |  3.950E-13 |  0.000E+00 |   55000.00 |   55000.00 | UL|
313.46133 |  29.38736 |  4.835E+23 |  1.000E+00 |  1.005E-12 |  1.489E-13 |   55000.00 |   55000.00 |   |
313.46133 |  29.38736 |  1.451E+24 |  1.000E+00 |  2.053E-12 |  2.200E-13 |   55000.00 |   55000.00 |   |
313.46133 |  29.38736 |  4.835E+24 |  1.000E+00 |  2.754E-12 |  4.055E-13 |   55000.00 |   55000.00 |   |
313.46133 |  29.38736 |  1.451E+25 |  1.000E+00 |  3.524E-12 |  7.120E-13 |   55000.00 |   55000.00 |   |
313.46133 |  29.38736 |  1.451E+26 |  1.000E+00 |  4.356E-13 |  3.857E-13 |   55000.00 |   55000.00 |   |
313.46133 |  29.38736 |  7.254E+24 |  1.000E+00 |  2.423E-12 |  3.320E-13 |   55000.00 |   55000.00 |   |
313.46133 |  29.38736 |  1.209E+25 |  1.000E+00 |  2.144E-12 |  4.060E-13 |   55000.00 |   55000.00 |   |
313.46133 |  29.38736 |  2.418E+25 |  1.000E+00 |  1.704E-12 |  4.540E-13 |   55000.00 |   55000.00 |   |
313.46133 |  29.38736 |  4.110E+25 |  1.000E+00 |  7.138E-13 |  5.752E-13 |   55000.00 |   55000.00 |   |
313.46133 |  29.38736 |  1.451E+25 |  1.000E+00 |  2.378E-12 |  7.560E-13 |   55000.00 |   55000.00 |   |
313.46133 |  29.38736 |  1.209E+25 |  1.000E+00 |  1.483E-12 |  2.400E-13 |   55000.00 |   55000.00 |   |
313.46133 |  29.38736 |  8.462E+24 |  1.000E+00 |  2.068E-12 |  5.985E-13 |   55000.00 |   55000.00 |   |
313.46133 |  29.38736 |  2.418E+25 |  1.000E+00 |  1.065E-12 |  6.602E-13 |   55000.00 |   55000.00 |   |
313.46133 |  29.38736 |  4.835E+24 |  1.000E+00 |  2.754E-12 |  4.055E-13 |   55000.00 |   55000.00 |   |
313.46133 |  29.38736 |  1.451E+25 |  1.000E+00 |  3.582E-12 |  7.240E-13 |   55000.00 |   55000.00 |   |
313.46133 |  29.38736 |  1.451E+26 |  1.000E+00 |  7.621E-13 |  6.748E-13 |   55000.00 |   55000.00 |   |
