316.09138 |  -2.21081 |  1.400E+09 |  1.000E+00 |  1.904E-16 |  8.400E-18 |   55000.00 |   55000.00 |   |
316.09138 |  -2.21081 |  2.418E+17 |  1.000E+00 |  9.403E-13 |  3.166E-13 |   55000.00 |   55000.00 |   |
316.09138 |  -2.21081 |  2.418E+17 |  1.000E+00 |  1.396E-12 |  4.102E-13 |   55000.00 |   55000.00 |   |
316.09138 |  -2.21081 |  2.418E+17 |  1.000E+00 |  5.568E-13 |  1.368E-13 |   55000.00 |   55000.00 |   |
316.09138 |  -2.21081 |  7.253E+17 |  1.000E+00 |  1.248E-12 |  3.842E-13 |   55000.00 |   55000.00 |   |
316.09138 |  -2.21081 |  7.253E+17 |  1.000E+00 |  1.382E-12 |  4.255E-13 |   55000.00 |   55000.00 |   |
316.09138 |  -2.21081 |  3.000E+09 |  1.000E+00 |  3.406E-16 |  7.950E-18 |   55000.00 |   55000.00 |   |
316.09138 |  -2.21081 |  1.400E+09 |  1.000E+00 |  2.299E-16 |  1.850E-18 |   55000.00 |   55000.00 |   |
316.09138 |  -2.21081 |  1.389E+14 |  1.000E+00 |  7.743E-13 |  1.059E-13 |   55000.00 |   55000.00 |   |
316.09138 |  -2.21081 |  1.804E+14 |  1.000E+00 |  1.134E-12 |  1.350E-13 |   55000.00 |   55000.00 |   |
316.09138 |  -2.21081 |  2.427E+14 |  1.000E+00 |  1.342E-12 |  1.215E-13 |   55000.00 |   55000.00 |   |
316.09138 |  -2.21081 |  8.817E+13 |  1.000E+00 |  7.428E-13 |  1.780E-14 |   55000.00 |   55000.00 |   |
316.09138 |  -2.21081 |  6.517E+13 |  1.000E+00 |  5.494E-13 |  1.570E-14 |   55000.00 |   55000.00 |   |
316.09138 |  -2.21081 |  2.498E+13 |  1.000E+00 |  2.897E-13 |  3.750E-14 |   55000.00 |   55000.00 |   |
316.09138 |  -2.21081 |  1.363E+13 |  1.000E+00 |  6.486E-13 |  0.000E+00 |   55000.00 |   55000.00 | UL|
316.09138 |  -2.21081 |  8.817E+13 |  1.000E+00 |  6.614E-13 |  3.470E-14 |   55504.84 |   55504.84 |   |
316.09138 |  -2.21081 |  6.517E+13 |  1.000E+00 |  5.075E-13 |  3.835E-14 |   55504.84 |   55504.84 |   |
316.09138 |  -2.21081 |  8.817E+13 |  1.000E+00 |  7.319E-13 |  3.575E-14 |   55504.71 |   55504.71 |   |
316.09138 |  -2.21081 |  6.517E+13 |  1.000E+00 |  5.403E-13 |  3.785E-14 |   55504.71 |   55504.71 |   |
316.09138 |  -2.21081 |  8.817E+13 |  1.000E+00 |  7.657E-13 |  4.090E-14 |   55504.57 |   55504.57 |   |
316.09138 |  -2.21081 |  6.517E+13 |  1.000E+00 |  5.174E-13 |  4.435E-14 |   55504.57 |   55504.57 |   |
316.09138 |  -2.21081 |  8.817E+13 |  1.000E+00 |  7.048E-13 |  3.635E-14 |   55326.28 |   55326.28 |   |
316.09138 |  -2.21081 |  6.517E+13 |  1.000E+00 |  5.758E-13 |  3.715E-14 |   55326.28 |   55326.28 |   |
316.09138 |  -2.21081 |  2.498E+13 |  1.000E+00 |  5.147E-13 |  1.283E-13 |   55326.28 |   55326.28 |   |
316.09138 |  -2.21081 |  1.363E+13 |  1.000E+00 |  1.135E-12 |  0.000E+00 |   55326.28 |   55326.28 | UL|
316.09138 |  -2.21081 |  8.817E+13 |  1.000E+00 |  7.387E-13 |  3.675E-14 |   55326.15 |   55326.15 |   |
316.09138 |  -2.21081 |  6.517E+13 |  1.000E+00 |  5.165E-13 |  4.045E-14 |   55326.15 |   55326.15 |   |
316.09138 |  -2.21081 |  2.498E+13 |  1.000E+00 |  3.039E-13 |  1.175E-13 |   55326.15 |   55326.15 |   |
316.09138 |  -2.21081 |  1.363E+13 |  1.000E+00 |  9.178E-13 |  0.000E+00 |   55326.15 |   55326.15 | UL|
316.09138 |  -2.21081 |  8.817E+13 |  1.000E+00 |  7.636E-13 |  3.730E-14 |   55326.02 |   55326.02 |   |
316.09138 |  -2.21081 |  6.517E+13 |  1.000E+00 |  5.784E-13 |  4.105E-14 |   55326.02 |   55326.02 |   |
316.09138 |  -2.21081 |  2.498E+13 |  1.000E+00 |  4.566E-13 |  0.000E+00 |   55326.02 |   55326.02 | UL|
316.09138 |  -2.21081 |  1.363E+13 |  1.000E+00 |  1.712E-12 |  0.000E+00 |   55326.02 |   55326.02 | UL|
316.09138 |  -2.21081 |  8.817E+13 |  1.000E+00 |  7.455E-13 |  3.430E-14 |   55325.88 |   55325.88 |   |
316.09138 |  -2.21081 |  6.517E+13 |  1.000E+00 |  5.601E-13 |  4.025E-14 |   55325.88 |   55325.88 |   |
316.09138 |  -2.21081 |  2.498E+13 |  1.000E+00 |  2.774E-13 |  0.000E+00 |   55325.88 |   55325.88 | UL|
316.09138 |  -2.21081 |  1.363E+13 |  1.000E+00 |  1.061E-12 |  0.000E+00 |   55325.88 |   55325.88 | UL|
316.09138 |  -2.21081 |  8.817E+13 |  1.000E+00 |  6.849E-13 |  3.470E-14 |   55325.82 |   55325.82 |   |
316.09138 |  -2.21081 |  6.517E+13 |  1.000E+00 |  5.208E-13 |  4.755E-14 |   55325.82 |   55325.82 |   |
316.09138 |  -2.21081 |  2.498E+13 |  1.000E+00 |  3.096E-13 |  1.163E-13 |   55325.82 |   55325.82 |   |
316.09138 |  -2.21081 |  1.363E+13 |  1.000E+00 |  1.272E-12 |  0.000E+00 |   55325.82 |   55325.82 | UL|
316.09138 |  -2.21081 |  8.817E+13 |  1.000E+00 |  7.179E-13 |  3.770E-14 |   55325.75 |   55325.75 |   |
316.09138 |  -2.21081 |  6.517E+13 |  1.000E+00 |  5.827E-13 |  3.920E-14 |   55325.75 |   55325.75 |   |
316.09138 |  -2.21081 |  2.498E+13 |  1.000E+00 |  2.331E-13 |  1.112E-13 |   55325.75 |   55325.75 |   |
316.09138 |  -2.21081 |  1.363E+13 |  1.000E+00 |  1.223E-12 |  0.000E+00 |   55325.75 |   55325.75 | UL|
316.09138 |  -2.21081 |  8.817E+13 |  1.000E+00 |  8.099E-13 |  3.435E-14 |   55325.68 |   55325.68 |   |
316.09138 |  -2.21081 |  6.517E+13 |  1.000E+00 |  5.339E-13 |  4.135E-14 |   55325.68 |   55325.68 |   |
316.09138 |  -2.21081 |  2.498E+13 |  1.000E+00 |  2.470E-13 |  1.211E-13 |   55325.68 |   55325.68 |   |
316.09138 |  -2.21081 |  1.363E+13 |  1.000E+00 |  1.118E-12 |  0.000E+00 |   55325.68 |   55325.68 | UL|
316.09138 |  -2.21081 |  8.817E+13 |  1.000E+00 |  6.919E-13 |  3.700E-14 |   55325.62 |   55325.62 |   |
316.09138 |  -2.21081 |  6.517E+13 |  1.000E+00 |  5.843E-13 |  3.825E-14 |   55325.62 |   55325.62 |   |
316.09138 |  -2.21081 |  8.817E+13 |  1.000E+00 |  8.396E-13 |  3.560E-14 |   55325.55 |   55325.55 |   |
316.09138 |  -2.21081 |  6.517E+13 |  1.000E+00 |  6.215E-13 |  4.065E-14 |   55325.55 |   55325.55 |   |
316.09138 |  -2.21081 |  2.498E+13 |  1.000E+00 |  4.613E-13 |  1.150E-13 |   55325.55 |   55325.55 |   |
316.09138 |  -2.21081 |  1.363E+13 |  1.000E+00 |  1.165E-12 |  0.000E+00 |   55325.55 |   55325.55 | UL|
316.09138 |  -2.21081 |  8.817E+13 |  1.000E+00 |  8.326E-13 |  3.455E-14 |   55325.42 |   55325.42 |   |
316.09138 |  -2.21081 |  6.517E+13 |  1.000E+00 |  6.141E-13 |  4.075E-14 |   55325.42 |   55325.42 |   |
316.09138 |  -2.21081 |  2.498E+13 |  1.000E+00 |  4.203E-13 |  1.160E-13 |   55325.42 |   55325.42 |   |
316.09138 |  -2.21081 |  1.363E+13 |  1.000E+00 |  8.464E-13 |  0.000E+00 |   55325.42 |   55325.42 | UL|
316.09138 |  -2.21081 |  8.817E+13 |  1.000E+00 |  7.265E-13 |  3.350E-14 |   55325.29 |   55325.29 |   |
316.09138 |  -2.21081 |  6.517E+13 |  1.000E+00 |  5.285E-13 |  4.090E-14 |   55325.29 |   55325.29 |   |
316.09138 |  -2.21081 |  2.498E+13 |  1.000E+00 |  3.528E-13 |  0.000E+00 |   55325.29 |   55325.29 | UL|
316.09138 |  -2.21081 |  1.363E+13 |  1.000E+00 |  1.019E-12 |  0.000E+00 |   55325.29 |   55325.29 | UL|
316.09138 |  -2.21081 |  8.817E+13 |  1.000E+00 |  7.650E-13 |  3.805E-14 |   55505.57 |   55505.57 |   |
316.09138 |  -2.21081 |  6.517E+13 |  1.000E+00 |  5.611E-13 |  3.985E-14 |   55505.57 |   55505.57 |   |
316.09138 |  -2.21081 |  8.817E+13 |  1.000E+00 |  6.351E-13 |  3.455E-14 |   55505.43 |   55505.43 |   |
316.09138 |  -2.21081 |  6.517E+13 |  1.000E+00 |  5.870E-13 |  3.840E-14 |   55505.43 |   55505.43 |   |
316.09138 |  -2.21081 |  8.817E+13 |  1.000E+00 |  7.003E-13 |  3.545E-14 |   55505.30 |   55505.30 |   |
316.09138 |  -2.21081 |  6.517E+13 |  1.000E+00 |  4.523E-13 |  3.835E-14 |   55505.30 |   55505.30 |   |
316.09138 |  -2.21081 |  8.817E+13 |  1.000E+00 |  7.360E-13 |  3.320E-14 |   55505.17 |   55505.17 |   |
316.09138 |  -2.21081 |  6.517E+13 |  1.000E+00 |  5.170E-13 |  4.195E-14 |   55505.17 |   55505.17 |   |
316.09138 |  -2.21081 |  8.817E+13 |  1.000E+00 |  7.469E-13 |  3.575E-14 |   55505.10 |   55505.10 |   |
316.09138 |  -2.21081 |  6.517E+13 |  1.000E+00 |  5.213E-13 |  3.845E-14 |   55505.10 |   55505.10 |   |
316.09138 |  -2.21081 |  8.817E+13 |  1.000E+00 |  7.981E-13 |  3.750E-14 |   55505.04 |   55505.04 |   |
316.09138 |  -2.21081 |  6.517E+13 |  1.000E+00 |  5.591E-13 |  4.070E-14 |   55505.04 |   55505.04 |   |
316.09138 |  -2.21081 |  8.817E+13 |  1.000E+00 |  7.580E-13 |  3.700E-14 |   55504.91 |   55504.91 |   |
316.09138 |  -2.21081 |  6.517E+13 |  1.000E+00 |  5.329E-13 |  3.930E-14 |   55504.91 |   55504.91 |   |
316.09138 |  -2.21081 |  8.817E+13 |  1.000E+00 |  7.387E-13 |  3.540E-14 |   55504.97 |   55504.97 |   |
316.09138 |  -2.21081 |  6.517E+13 |  1.000E+00 |  4.754E-13 |  3.855E-14 |   55504.97 |   55504.97 |   |
316.09138 |  -2.21081 |  8.817E+13 |  1.000E+00 |  7.671E-13 |  3.460E-14 |   55325.16 |   55325.16 |   |
316.09138 |  -2.21081 |  6.517E+13 |  1.000E+00 |  6.302E-13 |  3.950E-14 |   55325.16 |   55325.16 |   |
316.09138 |  -2.21081 |  2.498E+13 |  1.000E+00 |  3.062E-13 |  1.076E-13 |   55325.16 |   55325.16 |   |
316.09138 |  -2.21081 |  1.363E+13 |  1.000E+00 |  1.222E-12 |  4.908E-13 |   55325.16 |   55325.16 |   |
316.09138 |  -2.21081 |  4.455E+14 |  1.000E+00 |  9.201E-13 |  0.000E+00 |   55000.00 |   55000.00 |   |
316.09138 |  -2.21081 |  6.813E+14 |  1.000E+00 |  1.127E-12 |  4.495E-13 |   55000.00 |   55000.00 |   |
316.09138 |  -2.21081 |  6.233E+14 |  1.000E+00 |  1.568E-12 |  2.650E-14 |   55000.00 |   55000.00 |   |
316.09138 |  -2.21081 |  4.859E+14 |  1.000E+00 |  1.527E-12 |  2.850E-14 |   55000.00 |   55000.00 |   |
316.09138 |  -2.21081 |  3.987E+14 |  1.000E+00 |  1.366E-12 |  3.300E-14 |   55000.00 |   55000.00 |   |
316.09138 |  -2.21081 |  3.462E+14 |  1.000E+00 |  1.208E-12 |  2.500E-14 |   55000.00 |   55000.00 |   |
316.09138 |  -2.21081 |  3.116E+14 |  1.000E+00 |  1.199E-12 |  2.950E-14 |   55000.00 |   55000.00 |   |
316.09138 |  -2.21081 |  8.402E+14 |  1.000E+00 |  1.737E-12 |  2.600E-14 |   55000.00 |   55000.00 |   |
316.09138 |  -2.21081 |  6.443E+14 |  1.000E+00 |  1.692E-12 |  1.000E-14 |   55000.00 |   55000.00 |   |
316.09138 |  -2.21081 |  4.876E+14 |  1.000E+00 |  1.527E-12 |  9.500E-15 |   55000.00 |   55000.00 |   |
316.09138 |  -2.21081 |  4.014E+14 |  1.000E+00 |  1.464E-12 |  9.500E-15 |   55000.00 |   55000.00 |   |
316.09138 |  -2.21081 |  3.382E+14 |  1.000E+00 |  1.448E-12 |  1.900E-14 |   55000.00 |   55000.00 |   |
316.09138 |  -2.21081 |  1.948E+15 |  1.000E+00 |  9.430E-13 |  1.300E-13 |   55000.00 |   55000.00 |   |
316.09138 |  -2.21081 |  1.295E+15 |  1.000E+00 |  9.315E-13 |  7.180E-14 |   55000.00 |   55000.00 |   |
316.09138 |  -2.21081 |  2.418E+23 |  1.000E+00 |  1.732E-13 |  1.315E-13 |   55000.00 |   55000.00 |   |
316.09138 |  -2.21081 |  4.110E+23 |  1.000E+00 |  2.621E-13 |  8.920E-14 |   55000.00 |   55000.00 |   |
316.09138 |  -2.21081 |  7.254E+23 |  1.000E+00 |  3.272E-13 |  7.610E-14 |   55000.00 |   55000.00 |   |
316.09138 |  -2.21081 |  1.209E+24 |  1.000E+00 |  4.070E-13 |  7.810E-14 |   55000.00 |   55000.00 |   |
316.09138 |  -2.21081 |  2.418E+24 |  1.000E+00 |  4.734E-13 |  1.002E-13 |   55000.00 |   55000.00 |   |
316.09138 |  -2.21081 |  4.111E+24 |  1.000E+00 |  4.752E-13 |  1.265E-13 |   55000.00 |   55000.00 |   |
316.09138 |  -2.21081 |  7.254E+24 |  1.000E+00 |  5.803E-13 |  1.750E-13 |   55000.00 |   55000.00 |   |
316.09138 |  -2.21081 |  1.209E+25 |  1.000E+00 |  7.342E-13 |  2.625E-13 |   55000.00 |   55000.00 |   |
316.09138 |  -2.21081 |  2.418E+25 |  1.000E+00 |  8.539E-13 |  4.831E-13 |   55000.00 |   55000.00 |   |
316.09138 |  -2.21081 |  4.110E+25 |  1.000E+00 |  1.197E-12 |  6.848E-13 |   55000.00 |   55000.00 |   |
316.09138 |  -2.21081 |  2.418E+23 |  1.000E+00 |  1.432E-13 |  5.316E-14 |   55000.00 |   55000.00 |   |
316.09138 |  -2.21081 |  4.835E+22 |  1.000E+00 |  1.292E-12 |  0.000E+00 |   55000.00 |   55000.00 | UL|
316.09138 |  -2.21081 |  1.451E+23 |  1.000E+00 |  5.923E-13 |  0.000E+00 |   55000.00 |   55000.00 | UL|
316.09138 |  -2.21081 |  4.835E+23 |  1.000E+00 |  1.610E-13 |  1.610E-13 |   55000.00 |   55000.00 |   |
316.09138 |  -2.21081 |  1.451E+24 |  1.000E+00 |  5.016E-13 |  2.319E-13 |   55000.00 |   55000.00 |   |
316.09138 |  -2.21081 |  1.451E+25 |  1.000E+00 |  1.240E-12 |  5.979E-13 |   55000.00 |   55000.00 |   |
316.09138 |  -2.21081 |  1.209E+25 |  1.000E+00 |  5.305E-13 |  1.826E-13 |   55000.00 |   55000.00 |   |
316.09138 |  -2.21081 |  3.627E+24 |  1.000E+00 |  7.623E-13 |  3.344E-13 |   55000.00 |   55000.00 |   |
316.09138 |  -2.21081 |  8.462E+24 |  1.000E+00 |  1.779E-13 |  1.287E-13 |   55000.00 |   55000.00 |   |
316.09138 |  -2.21081 |  2.418E+25 |  1.000E+00 |  9.081E-13 |  6.402E-13 |   55000.00 |   55000.00 |   |
316.09138 |  -2.21081 |  7.253E+25 |  1.000E+00 |  8.866E-13 |  8.593E-13 |   55000.00 |   55000.00 |   |
316.09138 |  -2.21081 |  2.418E+26 |  1.000E+00 |  1.864E-11 |  0.000E+00 |   55000.00 |   55000.00 | UL|
316.09138 |  -2.21081 |  2.418E+23 |  1.000E+00 |  2.122E-13 |  3.945E-14 |   55000.00 |   55000.00 |   |
316.09138 |  -2.21081 |  1.813E+22 |  1.000E+00 |  5.921E-12 |  0.000E+00 |   55000.00 |   55000.00 | UL|
316.09138 |  -2.21081 |  4.835E+22 |  1.000E+00 |  1.168E-12 |  0.000E+00 |   55000.00 |   55000.00 | UL|
316.09138 |  -2.21081 |  1.451E+23 |  1.000E+00 |  3.820E-13 |  0.000E+00 |   55000.00 |   55000.00 | UL|
316.09138 |  -2.21081 |  4.835E+23 |  1.000E+00 |  2.266E-13 |  9.180E-14 |   55000.00 |   55000.00 |   |
316.09138 |  -2.21081 |  1.451E+24 |  1.000E+00 |  4.425E-13 |  1.186E-13 |   55000.00 |   55000.00 |   |
316.09138 |  -2.21081 |  4.835E+24 |  1.000E+00 |  7.259E-13 |  2.243E-13 |   55000.00 |   55000.00 |   |
316.09138 |  -2.21081 |  1.451E+25 |  1.000E+00 |  3.074E-13 |  2.238E-13 |   55000.00 |   55000.00 |   |
316.09138 |  -2.21081 |  1.451E+26 |  1.000E+00 |  2.248E-12 |  1.165E-12 |   55000.00 |   55000.00 |   |
