 78.94725 |  15.45458 |  3.000E+09 |  1.000E+00 |  8.500E-16 |  7.350E-18 |   55000.00 |   55000.00 |   |
 78.94725 |  15.45458 |  2.418E+17 |  1.000E+00 |  1.729E-13 |  3.840E-14 |   55568.00 |   55568.00 |   |
 78.94725 |  15.45458 |  7.253E+17 |  1.000E+00 |  5.237E-14 |  2.050E-14 |   55000.00 |   55000.00 |   |
 78.94725 |  15.45458 |  3.627E+17 |  1.000E+00 |  1.515E-13 |  3.000E-14 |   55568.00 |   55568.00 |   |
 78.94725 |  15.45458 |  7.253E+17 |  1.000E+00 |  1.772E-13 |  2.260E-14 |   55568.00 |   55568.00 |   |
 78.94725 |  15.45458 |  1.088E+18 |  1.000E+00 |  1.376E-13 |  3.540E-14 |   55568.00 |   55568.00 |   |
 78.94725 |  15.45458 |  1.209E+17 |  1.000E+00 |  6.161E-14 |  3.288E-14 |   55000.00 |   55000.00 |   |
 78.94725 |  15.45458 |  3.627E+17 |  1.000E+00 |  3.044E-14 |  2.340E-14 |   55000.00 |   55000.00 |   |
 78.94725 |  15.45458 |  1.088E+18 |  1.000E+00 |  4.759E-14 |  4.274E-14 |   55000.00 |   55000.00 |   |
 78.94725 |  15.45458 |  1.400E+09 |  1.000E+00 |  3.710E-16 |  1.260E-17 |   55000.00 |   55000.00 |   |
 78.94725 |  15.45458 |  4.800E+09 |  1.000E+00 |  2.160E-15 |  2.880E-16 |   55000.00 |   55000.00 |   |
 78.94725 |  15.45458 |  4.800E+09 |  1.000E+00 |  1.968E-15 |  3.840E-16 |   55000.00 |   55000.00 |   |
 78.94725 |  15.45458 |  1.389E+14 |  1.000E+00 |  1.422E-12 |  1.090E-13 |   55000.00 |   55000.00 |   |
 78.94725 |  15.45458 |  1.804E+14 |  1.000E+00 |  1.206E-12 |  1.440E-13 |   55000.00 |   55000.00 |   |
 78.94725 |  15.45458 |  2.427E+14 |  1.000E+00 |  1.087E-12 |  1.222E-13 |   55000.00 |   55000.00 |   |
 78.94725 |  15.45458 |  8.817E+13 |  1.000E+00 |  2.767E-12 |  6.100E-14 |   55000.00 |   55000.00 |   |
 78.94725 |  15.45458 |  6.517E+13 |  1.000E+00 |  2.666E-12 |  5.150E-14 |   55000.00 |   55000.00 |   |
 78.94725 |  15.45458 |  2.498E+13 |  1.000E+00 |  1.613E-12 |  5.950E-14 |   55000.00 |   55000.00 |   |
 78.94725 |  15.45458 |  1.363E+13 |  1.000E+00 |  1.307E-12 |  1.740E-13 |   55000.00 |   55000.00 |   |
 78.94725 |  15.45458 |  8.817E+13 |  1.000E+00 |  2.876E-12 |  9.300E-14 |   55451.50 |   55451.50 |   |
 78.94725 |  15.45458 |  6.517E+13 |  1.000E+00 |  2.931E-12 |  9.150E-14 |   55451.50 |   55451.50 |   |
 78.94725 |  15.45458 |  8.817E+13 |  1.000E+00 |  2.785E-12 |  1.105E-13 |   55452.09 |   55452.09 |   |
 78.94725 |  15.45458 |  6.517E+13 |  1.000E+00 |  2.792E-12 |  9.750E-14 |   55452.09 |   55452.09 |   |
 78.94725 |  15.45458 |  8.817E+13 |  1.000E+00 |  2.976E-12 |  1.070E-13 |   55451.96 |   55451.96 |   |
 78.94725 |  15.45458 |  6.517E+13 |  1.000E+00 |  2.846E-12 |  1.075E-13 |   55451.96 |   55451.96 |   |
 78.94725 |  15.45458 |  8.817E+13 |  1.000E+00 |  2.744E-12 |  1.010E-13 |   55451.83 |   55451.83 |   |
 78.94725 |  15.45458 |  6.517E+13 |  1.000E+00 |  2.956E-12 |  8.700E-14 |   55451.83 |   55451.83 |   |
 78.94725 |  15.45458 |  8.817E+13 |  1.000E+00 |  3.020E-12 |  1.060E-13 |   55451.70 |   55451.70 |   |
 78.94725 |  15.45458 |  6.517E+13 |  1.000E+00 |  2.825E-12 |  9.600E-14 |   55451.70 |   55451.70 |   |
 78.94725 |  15.45458 |  8.817E+13 |  1.000E+00 |  3.015E-12 |  9.750E-14 |   55451.63 |   55451.63 |   |
 78.94725 |  15.45458 |  6.517E+13 |  1.000E+00 |  2.891E-12 |  8.250E-14 |   55451.63 |   55451.63 |   |
 78.94725 |  15.45458 |  8.817E+13 |  1.000E+00 |  3.065E-12 |  1.100E-13 |   55451.57 |   55451.57 |   |
 78.94725 |  15.45458 |  6.517E+13 |  1.000E+00 |  2.865E-12 |  9.500E-14 |   55451.57 |   55451.57 |   |
 78.94725 |  15.45458 |  8.817E+13 |  1.000E+00 |  2.480E-12 |  8.000E-14 |   55260.55 |   55260.55 |   |
 78.94725 |  15.45458 |  6.517E+13 |  1.000E+00 |  2.551E-12 |  7.300E-14 |   55260.55 |   55260.55 |   |
 78.94725 |  15.45458 |  2.498E+13 |  1.000E+00 |  1.650E-12 |  1.215E-13 |   55260.55 |   55260.55 |   |
 78.94725 |  15.45458 |  1.363E+13 |  1.000E+00 |  2.134E-12 |  5.565E-13 |   55260.55 |   55260.55 |   |
 78.94725 |  15.45458 |  8.817E+13 |  1.000E+00 |  2.631E-12 |  8.000E-14 |   55260.42 |   55260.42 |   |
 78.94725 |  15.45458 |  6.517E+13 |  1.000E+00 |  2.523E-12 |  8.100E-14 |   55260.42 |   55260.42 |   |
 78.94725 |  15.45458 |  2.498E+13 |  1.000E+00 |  1.608E-12 |  1.230E-13 |   55260.42 |   55260.42 |   |
 78.94725 |  15.45458 |  1.363E+13 |  1.000E+00 |  8.637E-13 |  4.486E-13 |   55260.42 |   55260.42 |   |
 78.94725 |  15.45458 |  8.817E+13 |  1.000E+00 |  2.533E-12 |  7.950E-14 |   55260.82 |   55260.82 |   |
 78.94725 |  15.45458 |  6.517E+13 |  1.000E+00 |  2.567E-12 |  7.800E-14 |   55260.82 |   55260.82 |   |
 78.94725 |  15.45458 |  2.498E+13 |  1.000E+00 |  1.895E-12 |  1.260E-13 |   55260.82 |   55260.82 |   |
 78.94725 |  15.45458 |  1.363E+13 |  1.000E+00 |  1.478E-12 |  3.995E-13 |   55260.82 |   55260.82 |   |
 78.94725 |  15.45458 |  8.817E+13 |  1.000E+00 |  3.043E-12 |  9.250E-14 |   55450.97 |   55450.97 |   |
 78.94725 |  15.45458 |  6.517E+13 |  1.000E+00 |  2.931E-12 |  8.950E-14 |   55450.97 |   55450.97 |   |
 78.94725 |  15.45458 |  8.817E+13 |  1.000E+00 |  2.911E-12 |  1.020E-13 |   55451.10 |   55451.10 |   |
 78.94725 |  15.45458 |  6.517E+13 |  1.000E+00 |  2.878E-12 |  9.000E-14 |   55451.10 |   55451.10 |   |
 78.94725 |  15.45458 |  8.817E+13 |  1.000E+00 |  3.094E-12 |  1.025E-13 |   55451.23 |   55451.23 |   |
 78.94725 |  15.45458 |  6.517E+13 |  1.000E+00 |  2.859E-12 |  8.650E-14 |   55451.23 |   55451.23 |   |
 78.94725 |  15.45458 |  8.817E+13 |  1.000E+00 |  2.993E-12 |  1.160E-13 |   55451.37 |   55451.37 |   |
 78.94725 |  15.45458 |  6.517E+13 |  1.000E+00 |  3.047E-12 |  8.700E-14 |   55451.37 |   55451.37 |   |
 78.94725 |  15.45458 |  8.817E+13 |  1.000E+00 |  2.871E-12 |  9.800E-14 |   55451.43 |   55451.43 |   |
 78.94725 |  15.45458 |  6.517E+13 |  1.000E+00 |  2.904E-12 |  9.600E-14 |   55451.43 |   55451.43 |   |
 78.94725 |  15.45458 |  8.817E+13 |  1.000E+00 |  2.554E-12 |  8.000E-14 |   55259.82 |   55259.82 |   |
 78.94725 |  15.45458 |  6.517E+13 |  1.000E+00 |  2.326E-12 |  7.500E-14 |   55259.82 |   55259.82 |   |
 78.94725 |  15.45458 |  2.498E+13 |  1.000E+00 |  1.860E-12 |  1.525E-13 |   55259.82 |   55259.82 |   |
 78.94725 |  15.45458 |  1.363E+13 |  1.000E+00 |  1.959E-12 |  4.605E-13 |   55259.82 |   55259.82 |   |
 78.94725 |  15.45458 |  8.817E+13 |  1.000E+00 |  2.657E-12 |  8.350E-14 |   55259.96 |   55259.96 |   |
 78.94725 |  15.45458 |  6.517E+13 |  1.000E+00 |  2.502E-12 |  7.600E-14 |   55259.96 |   55259.96 |   |
 78.94725 |  15.45458 |  2.498E+13 |  1.000E+00 |  1.543E-12 |  1.305E-13 |   55259.96 |   55259.96 |   |
 78.94725 |  15.45458 |  1.363E+13 |  1.000E+00 |  9.990E-13 |  4.260E-13 |   55259.96 |   55259.96 |   |
 78.94725 |  15.45458 |  8.817E+13 |  1.000E+00 |  2.707E-12 |  8.200E-14 |   55260.09 |   55260.09 |   |
 78.94725 |  15.45458 |  6.517E+13 |  1.000E+00 |  2.668E-12 |  8.100E-14 |   55260.09 |   55260.09 |   |
 78.94725 |  15.45458 |  2.498E+13 |  1.000E+00 |  1.515E-12 |  1.285E-13 |   55260.09 |   55260.09 |   |
 78.94725 |  15.45458 |  1.363E+13 |  1.000E+00 |  1.701E-12 |  0.000E+00 |   55260.09 |   55260.09 | UL|
 78.94725 |  15.45458 |  8.817E+13 |  1.000E+00 |  2.609E-12 |  7.200E-14 |   55260.16 |   55260.16 |   |
 78.94725 |  15.45458 |  6.517E+13 |  1.000E+00 |  2.299E-12 |  6.750E-14 |   55260.16 |   55260.16 |   |
 78.94725 |  15.45458 |  2.498E+13 |  1.000E+00 |  1.726E-12 |  1.260E-13 |   55260.16 |   55260.16 |   |
 78.94725 |  15.45458 |  1.363E+13 |  1.000E+00 |  1.114E-12 |  4.536E-13 |   55260.16 |   55260.16 |   |
 78.94725 |  15.45458 |  8.817E+13 |  1.000E+00 |  2.521E-12 |  7.450E-14 |   55260.22 |   55260.22 |   |
 78.94725 |  15.45458 |  6.517E+13 |  1.000E+00 |  2.339E-12 |  8.150E-14 |   55260.22 |   55260.22 |   |
 78.94725 |  15.45458 |  2.498E+13 |  1.000E+00 |  1.504E-12 |  1.205E-13 |   55260.22 |   55260.22 |   |
 78.94725 |  15.45458 |  1.363E+13 |  1.000E+00 |  1.201E-12 |  5.802E-13 |   55260.22 |   55260.22 |   |
 78.94725 |  15.45458 |  8.817E+13 |  1.000E+00 |  2.638E-12 |  8.950E-14 |   55260.29 |   55260.29 |   |
 78.94725 |  15.45458 |  6.517E+13 |  1.000E+00 |  2.416E-12 |  7.600E-14 |   55260.29 |   55260.29 |   |
 78.94725 |  15.45458 |  2.498E+13 |  1.000E+00 |  1.484E-12 |  1.315E-13 |   55260.29 |   55260.29 |   |
 78.94725 |  15.45458 |  1.363E+13 |  1.000E+00 |  1.905E-12 |  4.460E-13 |   55260.29 |   55260.29 |   |
 78.94725 |  15.45458 |  8.817E+13 |  1.000E+00 |  2.604E-12 |  7.700E-14 |   55260.36 |   55260.36 |   |
 78.94725 |  15.45458 |  6.517E+13 |  1.000E+00 |  2.394E-12 |  7.500E-14 |   55260.36 |   55260.36 |   |
 78.94725 |  15.45458 |  2.498E+13 |  1.000E+00 |  1.399E-12 |  1.240E-13 |   55260.36 |   55260.36 |   |
 78.94725 |  15.45458 |  1.363E+13 |  1.000E+00 |  1.333E-12 |  5.284E-13 |   55260.36 |   55260.36 |   |
 78.94725 |  15.45458 |  8.817E+13 |  1.000E+00 |  2.517E-12 |  8.350E-14 |   55260.42 |   55260.42 |   |
 78.94725 |  15.45458 |  6.517E+13 |  1.000E+00 |  2.456E-12 |  8.350E-14 |   55260.42 |   55260.42 |   |
 78.94725 |  15.45458 |  2.498E+13 |  1.000E+00 |  1.656E-12 |  1.700E-13 |   55260.42 |   55260.42 |   |
 78.94725 |  15.45458 |  1.363E+13 |  1.000E+00 |  1.212E-12 |  5.301E-13 |   55260.42 |   55260.42 |   |
 78.94725 |  15.45458 |  8.817E+13 |  1.000E+00 |  2.638E-12 |  6.800E-14 |   55260.68 |   55260.68 |   |
 78.94725 |  15.45458 |  6.517E+13 |  1.000E+00 |  2.431E-12 |  8.050E-14 |   55260.68 |   55260.68 |   |
 78.94725 |  15.45458 |  2.498E+13 |  1.000E+00 |  1.596E-12 |  1.515E-13 |   55260.68 |   55260.68 |   |
 78.94725 |  15.45458 |  1.363E+13 |  1.000E+00 |  1.057E-12 |  4.140E-13 |   55260.68 |   55260.68 |   |
 78.94725 |  15.45458 |  4.455E+14 |  1.000E+00 |  1.163E-12 |  0.000E+00 |   55000.00 |   55000.00 |   |
 78.94725 |  15.45458 |  6.813E+14 |  1.000E+00 |  4.265E-13 |  1.801E-13 |   55000.00 |   55000.00 |   |
 78.94725 |  15.45458 |  5.451E+14 |  1.000E+00 |  1.032E-12 |  4.520E-13 |   55000.00 |   55000.00 |   |
 78.94725 |  15.45458 |  6.233E+14 |  1.000E+00 |  1.058E-12 |  9.145E-14 |   55000.00 |   55000.00 |   |
 78.94725 |  15.45458 |  4.859E+14 |  1.000E+00 |  1.375E-12 |  2.310E-13 |   55000.00 |   55000.00 |   |
 78.94725 |  15.45458 |  3.987E+14 |  1.000E+00 |  1.797E-12 |  2.075E-13 |   55000.00 |   55000.00 |   |
 78.94725 |  15.45458 |  3.462E+14 |  1.000E+00 |  3.101E-12 |  1.395E-13 |   55000.00 |   55000.00 |   |
 78.94725 |  15.45458 |  3.116E+14 |  1.000E+00 |  1.789E-12 |  1.900E-13 |   55000.00 |   55000.00 |   |
 78.94725 |  15.45458 |  8.402E+14 |  1.000E+00 |  2.890E-13 |  1.185E-14 |   55000.00 |   55000.00 |   |
 78.94725 |  15.45458 |  6.443E+14 |  1.000E+00 |  5.772E-13 |  5.450E-15 |   55000.00 |   55000.00 |   |
 78.94725 |  15.45458 |  4.876E+14 |  1.000E+00 |  9.867E-13 |  7.000E-15 |   55000.00 |   55000.00 |   |
 78.94725 |  15.45458 |  4.014E+14 |  1.000E+00 |  1.326E-12 |  8.500E-15 |   55000.00 |   55000.00 |   |
 78.94725 |  15.45458 |  3.382E+14 |  1.000E+00 |  1.743E-12 |  1.900E-14 |   55000.00 |   55000.00 |   |
 78.94725 |  15.45458 |  1.295E+15 |  1.000E+00 |  1.040E-13 |  4.689E-14 |   55000.00 |   55000.00 |   |
 78.94725 |  15.45458 |  2.418E+17 |  1.000E+00 |  6.414E-14 |  2.491E-14 |   55568.00 |   55570.10 |   |
 78.94725 |  15.45458 |  1.209E+17 |  1.000E+00 |  4.777E-13 |  0.000E+00 |   55568.00 |   55570.10 | UL|
 78.94725 |  15.45458 |  3.627E+17 |  1.000E+00 |  3.038E-13 |  0.000E+00 |   55568.00 |   55570.10 | UL|
 78.94725 |  15.45458 |  7.253E+17 |  1.000E+00 |  7.159E-14 |  2.780E-14 |   55568.00 |   55570.10 |   |
 78.94725 |  15.45458 |  1.209E+25 |  1.000E+00 |  1.988E-12 |  7.990E-13 |   55000.00 |   55000.00 |   |
 78.94725 |  15.45458 |  2.418E+25 |  1.000E+00 |  6.962E-13 |  2.813E-13 |   55000.00 |   55000.00 |   |
 78.94725 |  15.45458 |  7.253E+25 |  1.000E+00 |  8.930E-12 |  0.000E+00 |   55000.00 |   55000.00 | UL|
 78.94725 |  15.45458 |  2.418E+26 |  1.000E+00 |  2.702E-11 |  0.000E+00 |   55000.00 |   55000.00 | UL|
 78.94725 |  15.45458 |  2.418E+23 |  1.000E+00 |  2.614E-12 |  2.435E-13 |   55000.00 |   55000.00 |   |
 78.94725 |  15.45458 |  4.835E+22 |  1.000E+00 |  3.686E-12 |  9.910E-13 |   55000.00 |   55000.00 |   |
 78.94725 |  15.45458 |  1.451E+23 |  1.000E+00 |  2.732E-12 |  5.265E-13 |   55000.00 |   55000.00 |   |
 78.94725 |  15.45458 |  4.835E+23 |  1.000E+00 |  2.326E-12 |  4.045E-13 |   55000.00 |   55000.00 |   |
 78.94725 |  15.45458 |  1.451E+24 |  1.000E+00 |  2.215E-12 |  4.060E-13 |   55000.00 |   55000.00 |   |
 78.94725 |  15.45458 |  1.451E+25 |  1.000E+00 |  2.290E-12 |  5.875E-13 |   55000.00 |   55000.00 |   |
 78.94725 |  15.45458 |  1.209E+25 |  1.000E+00 |  2.162E-12 |  3.330E-13 |   55000.00 |   55000.00 |   |
 78.94725 |  15.45458 |  3.627E+24 |  1.000E+00 |  2.571E-12 |  5.895E-13 |   55000.00 |   55000.00 |   |
 78.94725 |  15.45458 |  8.462E+24 |  1.000E+00 |  3.341E-12 |  7.890E-13 |   55000.00 |   55000.00 |   |
 78.94725 |  15.45458 |  2.418E+25 |  1.000E+00 |  1.981E-12 |  9.280E-13 |   55000.00 |   55000.00 |   |
 78.94725 |  15.45458 |  7.253E+25 |  1.000E+00 |  5.641E-12 |  0.000E+00 |   55000.00 |   55000.00 | UL|
 78.94725 |  15.45458 |  2.418E+26 |  1.000E+00 |  1.738E-11 |  0.000E+00 |   55000.00 |   55000.00 | UL|
 78.94725 |  15.45458 |  2.418E+23 |  1.000E+00 |  2.241E-12 |  1.280E-13 |   55000.00 |   55000.00 |   |
 78.94725 |  15.45458 |  1.813E+22 |  1.000E+00 |  8.666E-12 |  0.000E+00 |   55000.00 |   55000.00 | UL|
 78.94725 |  15.45458 |  4.835E+22 |  1.000E+00 |  1.272E-12 |  6.501E-13 |   55000.00 |   55000.00 |   |
 78.94725 |  15.45458 |  1.451E+23 |  1.000E+00 |  1.315E-12 |  2.435E-13 |   55000.00 |   55000.00 |   |
 78.94725 |  15.45458 |  4.835E+23 |  1.000E+00 |  2.297E-12 |  2.050E-13 |   55000.00 |   55000.00 |   |
 78.94725 |  15.45458 |  1.451E+24 |  1.000E+00 |  2.698E-12 |  2.530E-13 |   55000.00 |   55000.00 |   |
 78.94725 |  15.45458 |  4.835E+24 |  1.000E+00 |  2.373E-12 |  3.880E-13 |   55000.00 |   55000.00 |   |
 78.94725 |  15.45458 |  1.451E+25 |  1.000E+00 |  2.871E-12 |  6.590E-13 |   55000.00 |   55000.00 |   |
 78.94725 |  15.45458 |  1.451E+26 |  1.000E+00 |  1.830E-12 |  0.000E+00 |   55000.00 |   55000.00 | UL|
