 89.69179 | -74.98478 |  8.430E+08 |  1.000E+00 |  2.047E-15 |  6.250E-17 |   55000.00 |   55000.00 |   |
 89.69179 | -74.98478 |  2.418E+17 |  1.000E+00 |  5.284E-14 |  2.003E-14 |   55516.10 |   55516.10 |   |
 89.69179 | -74.98478 |  7.253E+17 |  1.000E+00 |  9.391E-14 |  3.388E-14 |   55000.00 |   55000.00 |   |
 89.69179 | -74.98478 |  3.627E+17 |  1.000E+00 |  5.503E-14 |  2.086E-14 |   55516.10 |   55516.10 |   |
 89.69179 | -74.98478 |  7.253E+17 |  1.000E+00 |  6.560E-14 |  1.555E-14 |   55516.10 |   55516.10 |   |
 89.69179 | -74.98478 |  1.088E+18 |  1.000E+00 |  1.167E-13 |  4.038E-14 |   55516.10 |   55516.10 |   |
 89.69179 | -74.98478 |  1.209E+17 |  1.000E+00 |  3.454E-14 |  3.424E-14 |   55000.00 |   55000.00 |   |
 89.69179 | -74.98478 |  3.627E+17 |  1.000E+00 |  6.018E-14 |  3.972E-14 |   55000.00 |   55000.00 |   |
 89.69179 | -74.98478 |  1.088E+18 |  1.000E+00 |  2.048E-13 |  9.915E-14 |   55000.00 |   55000.00 |   |
 89.69179 | -74.98478 |  2.000E+08 |  1.000E+00 |  6.211E-16 |  2.385E-17 |   55000.00 |   55000.00 |   |
 89.69179 | -74.98478 |  5.000E+09 |  1.000E+00 |  1.110E-14 |  5.500E-16 |   55000.00 |   55000.00 |   |
 89.69179 | -74.98478 |  8.000E+09 |  1.000E+00 |  1.592E-14 |  8.000E-16 |   55000.00 |   55000.00 |   |
 89.69179 | -74.98478 |  2.000E+10 |  1.000E+00 |  3.420E-14 |  1.800E-15 |   55000.00 |   55000.00 |   |
 89.69179 | -74.98478 |  4.800E+09 |  1.000E+00 |  1.046E-14 |  3.350E-16 |   55000.00 |   55000.00 |   |
 89.69179 | -74.98478 |  8.600E+09 |  1.000E+00 |  1.643E-14 |  1.115E-15 |   55000.00 |   55000.00 |   |
 89.69179 | -74.98478 |  8.400E+09 |  1.000E+00 |  1.503E-14 |  0.000E+00 |   55000.00 |   55000.00 |   |
 89.69179 | -74.98478 |  4.800E+09 |  1.000E+00 |  1.550E-14 |  8.650E-16 |   55000.00 |   55000.00 |   |
 89.69179 | -74.98478 |  9.744E+10 |  1.000E+00 |  1.423E-13 |  9.750E-15 |   56904.00 |   56904.00 |   |
 89.69179 | -74.98478 |  9.744E+10 |  1.000E+00 |  1.423E-13 |  9.750E-15 |   56912.00 |   56912.00 |   |
 89.69179 | -74.98478 |  1.389E+14 |  1.000E+00 |  1.549E-12 |  1.375E-13 |   55000.00 |   55000.00 |   |
 89.69179 | -74.98478 |  1.804E+14 |  1.000E+00 |  1.668E-12 |  1.630E-13 |   55000.00 |   55000.00 |   |
 89.69179 | -74.98478 |  2.427E+14 |  1.000E+00 |  1.363E-12 |  1.210E-13 |   55000.00 |   55000.00 |   |
 89.69179 | -74.98478 |  8.817E+13 |  1.000E+00 |  3.461E-12 |  7.350E-14 |   55000.00 |   55000.00 |   |
 89.69179 | -74.98478 |  6.517E+13 |  1.000E+00 |  3.489E-12 |  6.750E-14 |   55000.00 |   55000.00 |   |
 89.69179 | -74.98478 |  2.498E+13 |  1.000E+00 |  2.618E-12 |  5.550E-14 |   55000.00 |   55000.00 |   |
 89.69179 | -74.98478 |  1.363E+13 |  1.000E+00 |  2.714E-12 |  1.300E-13 |   55000.00 |   55000.00 |   |
 89.69179 | -74.98478 |  8.817E+13 |  1.000E+00 |  3.380E-12 |  1.185E-13 |   55459.85 |   55459.85 |   |
 89.69179 | -74.98478 |  6.517E+13 |  1.000E+00 |  3.409E-12 |  1.035E-13 |   55459.85 |   55459.85 |   |
 89.69179 | -74.98478 |  8.817E+13 |  1.000E+00 |  3.726E-12 |  1.065E-13 |   55459.72 |   55459.72 |   |
 89.69179 | -74.98478 |  6.517E+13 |  1.000E+00 |  3.540E-12 |  1.010E-13 |   55459.72 |   55459.72 |   |
 89.69179 | -74.98478 |  8.817E+13 |  1.000E+00 |  3.526E-12 |  1.135E-13 |   55460.25 |   55460.25 |   |
 89.69179 | -74.98478 |  6.517E+13 |  1.000E+00 |  3.626E-12 |  1.005E-13 |   55460.25 |   55460.25 |   |
 89.69179 | -74.98478 |  8.817E+13 |  1.000E+00 |  3.519E-12 |  1.135E-13 |   55460.38 |   55460.38 |   |
 89.69179 | -74.98478 |  6.517E+13 |  1.000E+00 |  3.489E-12 |  8.650E-14 |   55460.38 |   55460.38 |   |
 89.69179 | -74.98478 |  8.817E+13 |  1.000E+00 |  3.631E-12 |  1.305E-13 |   55460.51 |   55460.51 |   |
 89.69179 | -74.98478 |  6.517E+13 |  1.000E+00 |  3.550E-12 |  1.015E-13 |   55460.51 |   55460.51 |   |
 89.69179 | -74.98478 |  8.817E+13 |  1.000E+00 |  3.452E-12 |  1.045E-13 |   55460.64 |   55460.64 |   |
 89.69179 | -74.98478 |  6.517E+13 |  1.000E+00 |  3.434E-12 |  9.500E-14 |   55460.64 |   55460.64 |   |
 89.69179 | -74.98478 |  8.817E+13 |  1.000E+00 |  3.539E-12 |  1.140E-13 |   55460.78 |   55460.78 |   |
 89.69179 | -74.98478 |  6.517E+13 |  1.000E+00 |  3.603E-12 |  9.950E-14 |   55460.78 |   55460.78 |   |
 89.69179 | -74.98478 |  8.817E+13 |  1.000E+00 |  3.128E-12 |  1.295E-13 |   55460.91 |   55460.91 |   |
 89.69179 | -74.98478 |  6.517E+13 |  1.000E+00 |  3.365E-12 |  9.900E-14 |   55460.91 |   55460.91 |   |
 89.69179 | -74.98478 |  8.817E+13 |  1.000E+00 |  3.449E-12 |  9.200E-14 |   55276.28 |   55276.28 |   |
 89.69179 | -74.98478 |  6.517E+13 |  1.000E+00 |  3.498E-12 |  1.000E-13 |   55276.28 |   55276.28 |   |
 89.69179 | -74.98478 |  2.498E+13 |  1.000E+00 |  2.535E-12 |  1.100E-13 |   55276.28 |   55276.28 |   |
 89.69179 | -74.98478 |  1.363E+13 |  1.000E+00 |  2.815E-12 |  4.010E-13 |   55276.28 |   55276.28 |   |
 89.69179 | -74.98478 |  8.817E+13 |  1.000E+00 |  3.389E-12 |  8.400E-14 |   55276.55 |   55276.55 |   |
 89.69179 | -74.98478 |  6.517E+13 |  1.000E+00 |  3.505E-12 |  8.400E-14 |   55276.55 |   55276.55 |   |
 89.69179 | -74.98478 |  2.498E+13 |  1.000E+00 |  2.659E-12 |  1.075E-13 |   55276.55 |   55276.55 |   |
 89.69179 | -74.98478 |  1.363E+13 |  1.000E+00 |  2.739E-12 |  5.175E-13 |   55276.55 |   55276.55 |   |
 89.69179 | -74.98478 |  8.817E+13 |  1.000E+00 |  3.500E-12 |  1.000E-13 |   55276.68 |   55276.68 |   |
 89.69179 | -74.98478 |  6.517E+13 |  1.000E+00 |  3.473E-12 |  9.600E-14 |   55276.68 |   55276.68 |   |
 89.69179 | -74.98478 |  2.498E+13 |  1.000E+00 |  2.558E-12 |  1.200E-13 |   55276.68 |   55276.68 |   |
 89.69179 | -74.98478 |  1.363E+13 |  1.000E+00 |  1.971E-12 |  3.835E-13 |   55276.68 |   55276.68 |   |
 89.69179 | -74.98478 |  8.817E+13 |  1.000E+00 |  3.290E-12 |  8.800E-14 |   55276.81 |   55276.81 |   |
 89.69179 | -74.98478 |  6.517E+13 |  1.000E+00 |  3.489E-12 |  8.650E-14 |   55276.81 |   55276.81 |   |
 89.69179 | -74.98478 |  2.498E+13 |  1.000E+00 |  2.644E-12 |  1.170E-13 |   55276.81 |   55276.81 |   |
 89.69179 | -74.98478 |  1.363E+13 |  1.000E+00 |  2.565E-12 |  3.605E-13 |   55276.81 |   55276.81 |   |
 89.69179 | -74.98478 |  8.817E+13 |  1.000E+00 |  3.186E-12 |  9.950E-14 |   55276.95 |   55276.95 |   |
 89.69179 | -74.98478 |  6.517E+13 |  1.000E+00 |  3.322E-12 |  9.800E-14 |   55276.95 |   55276.95 |   |
 89.69179 | -74.98478 |  2.498E+13 |  1.000E+00 |  2.792E-12 |  1.390E-13 |   55276.95 |   55276.95 |   |
 89.69179 | -74.98478 |  1.363E+13 |  1.000E+00 |  2.689E-12 |  3.505E-13 |   55276.95 |   55276.95 |   |
 89.69179 | -74.98478 |  8.817E+13 |  1.000E+00 |  3.210E-12 |  9.750E-14 |   55276.95 |   55276.95 |   |
 89.69179 | -74.98478 |  6.517E+13 |  1.000E+00 |  3.444E-12 |  1.075E-13 |   55276.95 |   55276.95 |   |
 89.69179 | -74.98478 |  2.498E+13 |  1.000E+00 |  2.518E-12 |  1.320E-13 |   55276.95 |   55276.95 |   |
 89.69179 | -74.98478 |  1.363E+13 |  1.000E+00 |  2.800E-12 |  4.585E-13 |   55276.95 |   55276.95 |   |
 89.69179 | -74.98478 |  8.817E+13 |  1.000E+00 |  3.383E-12 |  9.700E-14 |   55277.21 |   55277.21 |   |
 89.69179 | -74.98478 |  6.517E+13 |  1.000E+00 |  3.447E-12 |  8.900E-14 |   55277.21 |   55277.21 |   |
 89.69179 | -74.98478 |  2.498E+13 |  1.000E+00 |  2.686E-12 |  1.410E-13 |   55277.21 |   55277.21 |   |
 89.69179 | -74.98478 |  1.363E+13 |  1.000E+00 |  2.363E-12 |  4.070E-13 |   55277.21 |   55277.21 |   |
 89.69179 | -74.98478 |  8.817E+13 |  1.000E+00 |  3.309E-12 |  9.100E-14 |   55277.34 |   55277.34 |   |
 89.69179 | -74.98478 |  6.517E+13 |  1.000E+00 |  3.463E-12 |  8.600E-14 |   55277.34 |   55277.34 |   |
 89.69179 | -74.98478 |  2.498E+13 |  1.000E+00 |  2.549E-12 |  1.175E-13 |   55277.34 |   55277.34 |   |
 89.69179 | -74.98478 |  1.363E+13 |  1.000E+00 |  2.828E-12 |  4.315E-13 |   55277.34 |   55277.34 |   |
 89.69179 | -74.98478 |  8.817E+13 |  1.000E+00 |  3.536E-12 |  8.450E-14 |   55277.61 |   55277.61 |   |
 89.69179 | -74.98478 |  6.517E+13 |  1.000E+00 |  3.307E-12 |  9.450E-14 |   55277.61 |   55277.61 |   |
 89.69179 | -74.98478 |  2.498E+13 |  1.000E+00 |  2.587E-12 |  1.195E-13 |   55277.61 |   55277.61 |   |
 89.69179 | -74.98478 |  1.363E+13 |  1.000E+00 |  2.154E-12 |  4.435E-13 |   55277.61 |   55277.61 |   |
 89.69179 | -74.98478 |  8.817E+13 |  1.000E+00 |  3.380E-12 |  9.050E-14 |   55277.74 |   55277.74 |   |
 89.69179 | -74.98478 |  6.517E+13 |  1.000E+00 |  3.447E-12 |  9.200E-14 |   55277.74 |   55277.74 |   |
 89.69179 | -74.98478 |  2.498E+13 |  1.000E+00 |  2.563E-12 |  1.110E-13 |   55277.74 |   55277.74 |   |
 89.69179 | -74.98478 |  1.363E+13 |  1.000E+00 |  3.067E-12 |  4.620E-13 |   55277.74 |   55277.74 |   |
 89.69179 | -74.98478 |  8.817E+13 |  1.000E+00 |  3.336E-12 |  1.045E-13 |   55277.87 |   55277.87 |   |
 89.69179 | -74.98478 |  6.517E+13 |  1.000E+00 |  3.304E-12 |  1.160E-13 |   55277.87 |   55277.87 |   |
 89.69179 | -74.98478 |  2.498E+13 |  1.000E+00 |  2.706E-12 |  1.250E-13 |   55277.87 |   55277.87 |   |
 89.69179 | -74.98478 |  1.363E+13 |  1.000E+00 |  2.019E-12 |  3.705E-13 |   55277.87 |   55277.87 |   |
 89.69179 | -74.98478 |  8.817E+13 |  1.000E+00 |  3.408E-12 |  9.700E-14 |   55278.00 |   55278.00 |   |
 89.69179 | -74.98478 |  6.517E+13 |  1.000E+00 |  3.415E-12 |  8.450E-14 |   55278.00 |   55278.00 |   |
 89.69179 | -74.98478 |  2.498E+13 |  1.000E+00 |  2.865E-12 |  1.375E-13 |   55278.00 |   55278.00 |   |
 89.69179 | -74.98478 |  1.363E+13 |  1.000E+00 |  3.287E-12 |  3.850E-13 |   55278.00 |   55278.00 |   |
 89.69179 | -74.98478 |  8.817E+13 |  1.000E+00 |  3.303E-12 |  9.100E-14 |   55278.27 |   55278.27 |   |
 89.69179 | -74.98478 |  6.517E+13 |  1.000E+00 |  3.335E-12 |  8.900E-14 |   55278.27 |   55278.27 |   |
 89.69179 | -74.98478 |  2.498E+13 |  1.000E+00 |  2.777E-12 |  1.150E-13 |   55278.27 |   55278.27 |   |
 89.69179 | -74.98478 |  1.363E+13 |  1.000E+00 |  2.101E-12 |  3.810E-13 |   55278.27 |   55278.27 |   |
 89.69179 | -74.98478 |  8.817E+13 |  1.000E+00 |  3.233E-12 |  8.950E-14 |   55278.53 |   55278.53 |   |
 89.69179 | -74.98478 |  6.517E+13 |  1.000E+00 |  3.387E-12 |  1.090E-13 |   55278.53 |   55278.53 |   |
 89.69179 | -74.98478 |  2.498E+13 |  1.000E+00 |  2.556E-12 |  1.080E-13 |   55278.53 |   55278.53 |   |
 89.69179 | -74.98478 |  1.363E+13 |  1.000E+00 |  3.293E-12 |  4.445E-13 |   55278.53 |   55278.53 |   |
 89.69179 | -74.98478 |  8.817E+13 |  1.000E+00 |  3.401E-12 |  9.400E-14 |   55278.66 |   55278.66 |   |
 89.69179 | -74.98478 |  6.517E+13 |  1.000E+00 |  3.390E-12 |  8.750E-14 |   55278.66 |   55278.66 |   |
 89.69179 | -74.98478 |  2.498E+13 |  1.000E+00 |  2.711E-12 |  1.250E-13 |   55278.66 |   55278.66 |   |
 89.69179 | -74.98478 |  1.363E+13 |  1.000E+00 |  2.089E-12 |  4.050E-13 |   55278.66 |   55278.66 |   |
 89.69179 | -74.98478 |  8.817E+13 |  1.000E+00 |  3.031E-12 |  1.060E-13 |   55278.80 |   55278.80 |   |
 89.69179 | -74.98478 |  6.517E+13 |  1.000E+00 |  3.387E-12 |  8.450E-14 |   55278.80 |   55278.80 |   |
 89.69179 | -74.98478 |  2.498E+13 |  1.000E+00 |  2.642E-12 |  1.095E-13 |   55278.80 |   55278.80 |   |
 89.69179 | -74.98478 |  1.363E+13 |  1.000E+00 |  3.042E-12 |  3.820E-13 |   55278.80 |   55278.80 |   |
 89.69179 | -74.98478 |  8.817E+13 |  1.000E+00 |  3.076E-12 |  9.600E-14 |   55278.93 |   55278.93 |   |
 89.69179 | -74.98478 |  6.517E+13 |  1.000E+00 |  3.268E-12 |  9.300E-14 |   55278.93 |   55278.93 |   |
 89.69179 | -74.98478 |  2.498E+13 |  1.000E+00 |  2.359E-12 |  1.240E-13 |   55278.93 |   55278.93 |   |
 89.69179 | -74.98478 |  1.363E+13 |  1.000E+00 |  3.142E-12 |  5.000E-13 |   55278.93 |   55278.93 |   |
 89.69179 | -74.98478 |  8.817E+13 |  1.000E+00 |  3.201E-12 |  1.065E-13 |   55279.20 |   55279.20 |   |
 89.69179 | -74.98478 |  6.517E+13 |  1.000E+00 |  3.250E-12 |  1.105E-13 |   55279.20 |   55279.20 |   |
 89.69179 | -74.98478 |  2.498E+13 |  1.000E+00 |  2.565E-12 |  1.160E-13 |   55279.20 |   55279.20 |   |
 89.69179 | -74.98478 |  1.363E+13 |  1.000E+00 |  3.445E-12 |  4.010E-13 |   55279.20 |   55279.20 |   |
 89.69179 | -74.98478 |  8.817E+13 |  1.000E+00 |  3.692E-12 |  1.085E-13 |   55459.05 |   55459.05 |   |
 89.69179 | -74.98478 |  6.517E+13 |  1.000E+00 |  3.316E-12 |  9.450E-14 |   55459.05 |   55459.05 |   |
 89.69179 | -74.98478 |  8.817E+13 |  1.000E+00 |  3.601E-12 |  1.130E-13 |   55459.19 |   55459.19 |   |
 89.69179 | -74.98478 |  6.517E+13 |  1.000E+00 |  3.450E-12 |  1.080E-13 |   55459.19 |   55459.19 |   |
 89.69179 | -74.98478 |  8.817E+13 |  1.000E+00 |  3.484E-12 |  9.300E-14 |   55274.70 |   55274.70 |   |
 89.69179 | -74.98478 |  6.517E+13 |  1.000E+00 |  3.660E-12 |  8.450E-14 |   55274.70 |   55274.70 |   |
 89.69179 | -74.98478 |  2.498E+13 |  1.000E+00 |  2.689E-12 |  1.140E-13 |   55274.70 |   55274.70 |   |
 89.69179 | -74.98478 |  1.363E+13 |  1.000E+00 |  2.676E-12 |  3.685E-13 |   55274.70 |   55274.70 |   |
 89.69179 | -74.98478 |  8.817E+13 |  1.000E+00 |  3.414E-12 |  8.500E-14 |   55274.83 |   55274.83 |   |
 89.69179 | -74.98478 |  6.517E+13 |  1.000E+00 |  3.463E-12 |  8.900E-14 |   55274.83 |   55274.83 |   |
 89.69179 | -74.98478 |  2.498E+13 |  1.000E+00 |  2.625E-12 |  1.065E-13 |   55274.83 |   55274.83 |   |
 89.69179 | -74.98478 |  1.363E+13 |  1.000E+00 |  2.542E-12 |  4.735E-13 |   55274.83 |   55274.83 |   |
 89.69179 | -74.98478 |  8.817E+13 |  1.000E+00 |  3.523E-12 |  1.105E-13 |   55274.96 |   55274.96 |   |
 89.69179 | -74.98478 |  6.517E+13 |  1.000E+00 |  3.735E-12 |  1.000E-13 |   55274.96 |   55274.96 |   |
 89.69179 | -74.98478 |  2.498E+13 |  1.000E+00 |  2.596E-12 |  1.125E-13 |   55274.96 |   55274.96 |   |
 89.69179 | -74.98478 |  1.363E+13 |  1.000E+00 |  2.289E-12 |  3.445E-13 |   55274.96 |   55274.96 |   |
 89.69179 | -74.98478 |  8.817E+13 |  1.000E+00 |  3.519E-12 |  9.400E-14 |   55275.22 |   55275.22 |   |
 89.69179 | -74.98478 |  6.517E+13 |  1.000E+00 |  3.403E-12 |  7.850E-14 |   55275.22 |   55275.22 |   |
 89.69179 | -74.98478 |  2.498E+13 |  1.000E+00 |  2.671E-12 |  1.130E-13 |   55275.22 |   55275.22 |   |
 89.69179 | -74.98478 |  1.363E+13 |  1.000E+00 |  3.423E-12 |  4.555E-13 |   55275.22 |   55275.22 |   |
 89.69179 | -74.98478 |  8.817E+13 |  1.000E+00 |  3.380E-12 |  9.350E-14 |   55275.36 |   55275.36 |   |
 89.69179 | -74.98478 |  6.517E+13 |  1.000E+00 |  3.447E-12 |  9.550E-14 |   55275.36 |   55275.36 |   |
 89.69179 | -74.98478 |  2.498E+13 |  1.000E+00 |  2.346E-12 |  1.190E-13 |   55275.36 |   55275.36 |   |
 89.69179 | -74.98478 |  1.363E+13 |  1.000E+00 |  2.580E-12 |  4.850E-13 |   55275.36 |   55275.36 |   |
 89.69179 | -74.98478 |  8.817E+13 |  1.000E+00 |  3.585E-12 |  8.250E-14 |   55275.62 |   55275.62 |   |
 89.69179 | -74.98478 |  6.517E+13 |  1.000E+00 |  3.623E-12 |  9.700E-14 |   55275.62 |   55275.62 |   |
 89.69179 | -74.98478 |  2.498E+13 |  1.000E+00 |  2.466E-12 |  1.070E-13 |   55275.62 |   55275.62 |   |
 89.69179 | -74.98478 |  1.363E+13 |  1.000E+00 |  3.242E-12 |  4.010E-13 |   55275.62 |   55275.62 |   |
 89.69179 | -74.98478 |  8.817E+13 |  1.000E+00 |  3.358E-12 |  7.750E-14 |   55275.75 |   55275.75 |   |
 89.69179 | -74.98478 |  6.517E+13 |  1.000E+00 |  3.453E-12 |  8.550E-14 |   55275.75 |   55275.75 |   |
 89.69179 | -74.98478 |  2.498E+13 |  1.000E+00 |  2.731E-12 |  1.260E-13 |   55275.75 |   55275.75 |   |
 89.69179 | -74.98478 |  1.363E+13 |  1.000E+00 |  2.179E-12 |  3.795E-13 |   55275.75 |   55275.75 |   |
 89.69179 | -74.98478 |  8.817E+13 |  1.000E+00 |  3.367E-12 |  9.300E-14 |   55275.89 |   55275.89 |   |
 89.69179 | -74.98478 |  6.517E+13 |  1.000E+00 |  3.518E-12 |  8.450E-14 |   55275.89 |   55275.89 |   |
 89.69179 | -74.98478 |  2.498E+13 |  1.000E+00 |  2.484E-12 |  1.050E-13 |   55275.89 |   55275.89 |   |
 89.69179 | -74.98478 |  1.363E+13 |  1.000E+00 |  2.774E-12 |  3.640E-13 |   55275.89 |   55275.89 |   |
 89.69179 | -74.98478 |  8.817E+13 |  1.000E+00 |  3.349E-12 |  1.175E-13 |   55276.02 |   55276.02 |   |
 89.69179 | -74.98478 |  6.517E+13 |  1.000E+00 |  3.563E-12 |  9.150E-14 |   55276.02 |   55276.02 |   |
 89.69179 | -74.98478 |  2.498E+13 |  1.000E+00 |  2.691E-12 |  1.065E-13 |   55276.02 |   55276.02 |   |
 89.69179 | -74.98478 |  1.363E+13 |  1.000E+00 |  2.844E-12 |  3.575E-13 |   55276.02 |   55276.02 |   |
 89.69179 | -74.98478 |  8.817E+13 |  1.000E+00 |  3.452E-12 |  1.015E-13 |   55276.02 |   55276.02 |   |
 89.69179 | -74.98478 |  6.517E+13 |  1.000E+00 |  3.547E-12 |  9.800E-14 |   55276.02 |   55276.02 |   |
 89.69179 | -74.98478 |  2.498E+13 |  1.000E+00 |  2.746E-12 |  1.290E-13 |   55276.02 |   55276.02 |   |
 89.69179 | -74.98478 |  1.363E+13 |  1.000E+00 |  2.608E-12 |  4.560E-13 |   55276.02 |   55276.02 |   |
 89.69179 | -74.98478 |  8.817E+13 |  1.000E+00 |  3.423E-12 |  1.390E-13 |   55459.32 |   55459.32 |   |
 89.69179 | -74.98478 |  6.517E+13 |  1.000E+00 |  3.492E-12 |  1.065E-13 |   55459.32 |   55459.32 |   |
 89.69179 | -74.98478 |  8.817E+13 |  1.000E+00 |  3.449E-12 |  1.015E-13 |   55459.59 |   55459.59 |   |
 89.69179 | -74.98478 |  6.517E+13 |  1.000E+00 |  3.508E-12 |  1.005E-13 |   55459.59 |   55459.59 |   |
 89.69179 | -74.98478 |  8.817E+13 |  1.000E+00 |  3.436E-12 |  1.075E-13 |   55459.98 |   55459.98 |   |
 89.69179 | -74.98478 |  6.517E+13 |  1.000E+00 |  3.489E-12 |  9.600E-14 |   55459.98 |   55459.98 |   |
 89.69179 | -74.98478 |  8.817E+13 |  1.000E+00 |  3.595E-12 |  1.225E-13 |   55458.79 |   55458.79 |   |
 89.69179 | -74.98478 |  6.517E+13 |  1.000E+00 |  3.697E-12 |  1.090E-13 |   55458.79 |   55458.79 |   |
 89.69179 | -74.98478 |  8.817E+13 |  1.000E+00 |  3.519E-12 |  1.165E-13 |   55458.93 |   55458.93 |   |
 89.69179 | -74.98478 |  6.517E+13 |  1.000E+00 |  3.540E-12 |  1.010E-13 |   55458.93 |   55458.93 |   |
 89.69179 | -74.98478 |  8.817E+13 |  1.000E+00 |  3.216E-12 |  1.010E-13 |   55279.32 |   55279.32 |   |
 89.69179 | -74.98478 |  6.517E+13 |  1.000E+00 |  3.400E-12 |  9.700E-14 |   55279.32 |   55279.32 |   |
 89.69179 | -74.98478 |  2.498E+13 |  1.000E+00 |  2.679E-12 |  1.160E-13 |   55279.32 |   55279.32 |   |
 89.69179 | -74.98478 |  1.363E+13 |  1.000E+00 |  2.681E-12 |  4.090E-13 |   55279.32 |   55279.32 |   |
 89.69179 | -74.98478 |  8.817E+13 |  1.000E+00 |  3.465E-12 |  1.245E-13 |   55453.50 |   55453.50 |   |
 89.69179 | -74.98478 |  6.517E+13 |  1.000E+00 |  2.862E-12 |  1.160E-13 |   55453.50 |   55453.50 |   |
 89.69179 | -74.98478 |  8.817E+13 |  1.000E+00 |  3.481E-12 |  1.220E-13 |   55453.63 |   55453.63 |   |
 89.69179 | -74.98478 |  6.517E+13 |  1.000E+00 |  3.623E-12 |  9.300E-14 |   55453.63 |   55453.63 |   |
 89.69179 | -74.98478 |  8.817E+13 |  1.000E+00 |  3.529E-12 |  1.105E-13 |   55453.77 |   55453.77 |   |
 89.69179 | -74.98478 |  6.517E+13 |  1.000E+00 |  3.438E-12 |  9.500E-14 |   55453.77 |   55453.77 |   |
 89.69179 | -74.98478 |  8.817E+13 |  1.000E+00 |  3.562E-12 |  1.180E-13 |   55453.90 |   55453.90 |   |
 89.69179 | -74.98478 |  6.517E+13 |  1.000E+00 |  3.485E-12 |  1.125E-13 |   55453.90 |   55453.90 |   |
 89.69179 | -74.98478 |  8.817E+13 |  1.000E+00 |  3.468E-12 |  9.600E-14 |   55274.56 |   55274.56 |   |
 89.69179 | -74.98478 |  6.517E+13 |  1.000E+00 |  3.557E-12 |  8.850E-14 |   55274.56 |   55274.56 |   |
 89.69179 | -74.98478 |  2.498E+13 |  1.000E+00 |  2.674E-12 |  1.185E-13 |   55274.56 |   55274.56 |   |
 89.69179 | -74.98478 |  1.363E+13 |  1.000E+00 |  3.423E-12 |  3.505E-13 |   55274.56 |   55274.56 |   |
 89.69179 | -74.98478 |  8.817E+13 |  1.000E+00 |  3.477E-12 |  9.300E-14 |   55274.70 |   55274.70 |   |
 89.69179 | -74.98478 |  6.517E+13 |  1.000E+00 |  3.660E-12 |  8.450E-14 |   55274.70 |   55274.70 |   |
 89.69179 | -74.98478 |  2.498E+13 |  1.000E+00 |  2.689E-12 |  1.140E-13 |   55274.70 |   55274.70 |   |
 89.69179 | -74.98478 |  1.363E+13 |  1.000E+00 |  2.662E-12 |  3.665E-13 |   55274.70 |   55274.70 |   |
 89.69179 | -74.98478 |  8.817E+13 |  1.000E+00 |  3.352E-12 |  8.650E-14 |   55274.83 |   55274.83 |   |
 89.69179 | -74.98478 |  6.517E+13 |  1.000E+00 |  3.460E-12 |  8.900E-14 |   55274.83 |   55274.83 |   |
 89.69179 | -74.98478 |  2.498E+13 |  1.000E+00 |  2.630E-12 |  1.070E-13 |   55274.83 |   55274.83 |   |
 89.69179 | -74.98478 |  1.363E+13 |  1.000E+00 |  2.551E-12 |  4.750E-13 |   55274.83 |   55274.83 |   |
 89.69179 | -74.98478 |  8.817E+13 |  1.000E+00 |  3.506E-12 |  1.100E-13 |   55274.96 |   55274.96 |   |
 89.69179 | -74.98478 |  6.517E+13 |  1.000E+00 |  3.721E-12 |  9.950E-14 |   55274.96 |   55274.96 |   |
 89.69179 | -74.98478 |  2.498E+13 |  1.000E+00 |  2.591E-12 |  1.265E-13 |   55274.96 |   55274.96 |   |
 89.69179 | -74.98478 |  1.363E+13 |  1.000E+00 |  2.263E-12 |  3.430E-13 |   55274.96 |   55274.96 |   |
 89.69179 | -74.98478 |  8.817E+13 |  1.000E+00 |  3.513E-12 |  9.400E-14 |   55275.22 |   55275.22 |   |
 89.69179 | -74.98478 |  6.517E+13 |  1.000E+00 |  3.403E-12 |  7.850E-14 |   55275.22 |   55275.22 |   |
 89.69179 | -74.98478 |  2.498E+13 |  1.000E+00 |  2.662E-12 |  1.100E-13 |   55275.22 |   55275.22 |   |
 89.69179 | -74.98478 |  1.363E+13 |  1.000E+00 |  3.438E-12 |  4.415E-13 |   55275.22 |   55275.22 |   |
 89.69179 | -74.98478 |  8.817E+13 |  1.000E+00 |  3.352E-12 |  9.300E-14 |   55275.36 |   55275.36 |   |
 89.69179 | -74.98478 |  6.517E+13 |  1.000E+00 |  3.441E-12 |  9.500E-14 |   55275.36 |   55275.36 |   |
 89.69179 | -74.98478 |  2.498E+13 |  1.000E+00 |  2.348E-12 |  1.190E-13 |   55275.36 |   55275.36 |   |
 89.69179 | -74.98478 |  1.363E+13 |  1.000E+00 |  2.592E-12 |  4.825E-13 |   55275.36 |   55275.36 |   |
 89.69179 | -74.98478 |  8.817E+13 |  1.000E+00 |  3.585E-12 |  8.250E-14 |   55275.62 |   55275.62 |   |
 89.69179 | -74.98478 |  6.517E+13 |  1.000E+00 |  3.626E-12 |  9.650E-14 |   55275.62 |   55275.62 |   |
 89.69179 | -74.98478 |  2.498E+13 |  1.000E+00 |  2.473E-12 |  1.070E-13 |   55275.62 |   55275.62 |   |
 89.69179 | -74.98478 |  1.363E+13 |  1.000E+00 |  3.119E-12 |  3.600E-13 |   55275.62 |   55275.62 |   |
 89.69179 | -74.98478 |  8.817E+13 |  1.000E+00 |  3.355E-12 |  7.750E-14 |   55275.75 |   55275.75 |   |
 89.69179 | -74.98478 |  6.517E+13 |  1.000E+00 |  3.453E-12 |  8.550E-14 |   55275.75 |   55275.75 |   |
 89.69179 | -74.98478 |  2.498E+13 |  1.000E+00 |  2.729E-12 |  1.255E-13 |   55275.75 |   55275.75 |   |
 89.69179 | -74.98478 |  1.363E+13 |  1.000E+00 |  2.196E-12 |  3.660E-13 |   55275.75 |   55275.75 |   |
 89.69179 | -74.98478 |  8.817E+13 |  1.000E+00 |  3.364E-12 |  9.300E-14 |   55275.89 |   55275.89 |   |
 89.69179 | -74.98478 |  6.517E+13 |  1.000E+00 |  3.518E-12 |  8.450E-14 |   55275.89 |   55275.89 |   |
 89.69179 | -74.98478 |  2.498E+13 |  1.000E+00 |  2.502E-12 |  1.265E-13 |   55275.89 |   55275.89 |   |
 89.69179 | -74.98478 |  1.363E+13 |  1.000E+00 |  2.785E-12 |  4.590E-13 |   55275.89 |   55275.89 |   |
 89.69179 | -74.98478 |  8.817E+13 |  1.000E+00 |  3.352E-12 |  1.175E-13 |   55276.02 |   55276.02 |   |
 89.69179 | -74.98478 |  6.517E+13 |  1.000E+00 |  3.560E-12 |  9.200E-14 |   55276.02 |   55276.02 |   |
 89.69179 | -74.98478 |  2.498E+13 |  1.000E+00 |  2.709E-12 |  1.075E-13 |   55276.02 |   55276.02 |   |
 89.69179 | -74.98478 |  1.363E+13 |  1.000E+00 |  2.828E-12 |  3.580E-13 |   55276.02 |   55276.02 |   |
 89.69179 | -74.98478 |  8.817E+13 |  1.000E+00 |  3.452E-12 |  1.015E-13 |   55276.02 |   55276.02 |   |
 89.69179 | -74.98478 |  6.517E+13 |  1.000E+00 |  3.544E-12 |  9.800E-14 |   55276.02 |   55276.02 |   |
 89.69179 | -74.98478 |  2.498E+13 |  1.000E+00 |  2.751E-12 |  1.295E-13 |   55276.02 |   55276.02 |   |
 89.69179 | -74.98478 |  1.363E+13 |  1.000E+00 |  2.587E-12 |  3.780E-13 |   55276.02 |   55276.02 |   |
 89.69179 | -74.98478 |  8.817E+13 |  1.000E+00 |  3.449E-12 |  9.200E-14 |   55276.28 |   55276.28 |   |
 89.69179 | -74.98478 |  6.517E+13 |  1.000E+00 |  3.498E-12 |  1.000E-13 |   55276.28 |   55276.28 |   |
 89.69179 | -74.98478 |  2.498E+13 |  1.000E+00 |  2.535E-12 |  1.195E-13 |   55276.28 |   55276.28 |   |
 89.69179 | -74.98478 |  1.363E+13 |  1.000E+00 |  2.818E-12 |  4.015E-13 |   55276.28 |   55276.28 |   |
 89.69179 | -74.98478 |  8.817E+13 |  1.000E+00 |  3.389E-12 |  8.400E-14 |   55276.55 |   55276.55 |   |
 89.69179 | -74.98478 |  6.517E+13 |  1.000E+00 |  3.505E-12 |  8.400E-14 |   55276.55 |   55276.55 |   |
 89.69179 | -74.98478 |  2.498E+13 |  1.000E+00 |  2.662E-12 |  1.080E-13 |   55276.55 |   55276.55 |   |
 89.69179 | -74.98478 |  1.363E+13 |  1.000E+00 |  2.729E-12 |  5.185E-13 |   55276.55 |   55276.55 |   |
 89.69179 | -74.98478 |  8.817E+13 |  1.000E+00 |  3.500E-12 |  1.000E-13 |   55276.68 |   55276.68 |   |
 89.69179 | -74.98478 |  6.517E+13 |  1.000E+00 |  3.473E-12 |  9.600E-14 |   55276.68 |   55276.68 |   |
 89.69179 | -74.98478 |  2.498E+13 |  1.000E+00 |  2.561E-12 |  1.035E-13 |   55276.68 |   55276.68 |   |
 89.69179 | -74.98478 |  1.363E+13 |  1.000E+00 |  1.971E-12 |  3.855E-13 |   55276.68 |   55276.68 |   |
 89.69179 | -74.98478 |  8.817E+13 |  1.000E+00 |  3.290E-12 |  8.800E-14 |   55276.81 |   55276.81 |   |
 89.69179 | -74.98478 |  6.517E+13 |  1.000E+00 |  3.489E-12 |  8.350E-14 |   55276.81 |   55276.81 |   |
 89.69179 | -74.98478 |  2.498E+13 |  1.000E+00 |  2.640E-12 |  1.170E-13 |   55276.81 |   55276.81 |   |
 89.69179 | -74.98478 |  1.363E+13 |  1.000E+00 |  2.563E-12 |  3.600E-13 |   55276.81 |   55276.81 |   |
 89.69179 | -74.98478 |  8.817E+13 |  1.000E+00 |  3.183E-12 |  9.950E-14 |   55276.95 |   55276.95 |   |
 89.69179 | -74.98478 |  6.517E+13 |  1.000E+00 |  3.319E-12 |  9.800E-14 |   55276.95 |   55276.95 |   |
 89.69179 | -74.98478 |  2.498E+13 |  1.000E+00 |  2.795E-12 |  1.365E-13 |   55276.95 |   55276.95 |   |
 89.69179 | -74.98478 |  1.363E+13 |  1.000E+00 |  2.694E-12 |  3.480E-13 |   55276.95 |   55276.95 |   |
 89.69179 | -74.98478 |  8.817E+13 |  1.000E+00 |  3.207E-12 |  9.750E-14 |   55276.95 |   55276.95 |   |
 89.69179 | -74.98478 |  6.517E+13 |  1.000E+00 |  3.444E-12 |  1.045E-13 |   55276.95 |   55276.95 |   |
 89.69179 | -74.98478 |  2.498E+13 |  1.000E+00 |  2.516E-12 |  1.325E-13 |   55276.95 |   55276.95 |   |
 89.69179 | -74.98478 |  1.363E+13 |  1.000E+00 |  2.808E-12 |  4.625E-13 |   55276.95 |   55276.95 |   |
 89.69179 | -74.98478 |  8.817E+13 |  1.000E+00 |  3.392E-12 |  9.650E-14 |   55277.21 |   55277.21 |   |
 89.69179 | -74.98478 |  6.517E+13 |  1.000E+00 |  3.447E-12 |  8.900E-14 |   55277.21 |   55277.21 |   |
 89.69179 | -74.98478 |  2.498E+13 |  1.000E+00 |  2.684E-12 |  1.410E-13 |   55277.21 |   55277.21 |   |
 89.69179 | -74.98478 |  1.363E+13 |  1.000E+00 |  2.357E-12 |  4.080E-13 |   55277.21 |   55277.21 |   |
 89.69179 | -74.98478 |  8.817E+13 |  1.000E+00 |  3.303E-12 |  9.100E-14 |   55277.34 |   55277.34 |   |
 89.69179 | -74.98478 |  6.517E+13 |  1.000E+00 |  3.463E-12 |  8.600E-14 |   55277.34 |   55277.34 |   |
 89.69179 | -74.98478 |  2.498E+13 |  1.000E+00 |  2.549E-12 |  1.150E-13 |   55277.34 |   55277.34 |   |
 89.69179 | -74.98478 |  1.363E+13 |  1.000E+00 |  2.834E-12 |  4.165E-13 |   55277.34 |   55277.34 |   |
 89.69179 | -74.98478 |  8.817E+13 |  1.000E+00 |  3.157E-12 |  1.015E-13 |   55279.32 |   55279.32 |   |
 89.69179 | -74.98478 |  6.517E+13 |  1.000E+00 |  3.400E-12 |  9.700E-14 |   55279.32 |   55279.32 |   |
 89.69179 | -74.98478 |  2.498E+13 |  1.000E+00 |  2.676E-12 |  1.110E-13 |   55279.32 |   55279.32 |   |
 89.69179 | -74.98478 |  1.363E+13 |  1.000E+00 |  2.679E-12 |  4.090E-13 |   55279.32 |   55279.32 |   |
 89.69179 | -74.98478 |  8.817E+13 |  1.000E+00 |  3.468E-12 |  1.250E-13 |   55453.50 |   55453.50 |   |
 89.69179 | -74.98478 |  6.517E+13 |  1.000E+00 |  2.865E-12 |  1.160E-13 |   55453.50 |   55453.50 |   |
 89.69179 | -74.98478 |  8.817E+13 |  1.000E+00 |  3.481E-12 |  1.220E-13 |   55453.63 |   55453.63 |   |
 89.69179 | -74.98478 |  6.517E+13 |  1.000E+00 |  3.620E-12 |  9.350E-14 |   55453.63 |   55453.63 |   |
 89.69179 | -74.98478 |  8.817E+13 |  1.000E+00 |  3.558E-12 |  1.115E-13 |   55453.77 |   55453.77 |   |
 89.69179 | -74.98478 |  6.517E+13 |  1.000E+00 |  3.434E-12 |  9.500E-14 |   55453.77 |   55453.77 |   |
 89.69179 | -74.98478 |  8.817E+13 |  1.000E+00 |  3.568E-12 |  1.150E-13 |   55453.90 |   55453.90 |   |
 89.69179 | -74.98478 |  6.517E+13 |  1.000E+00 |  3.482E-12 |  1.120E-13 |   55453.90 |   55453.90 |   |
 89.69179 | -74.98478 |  8.817E+13 |  1.000E+00 |  3.487E-12 |  1.125E-13 |   55454.03 |   55454.03 |   |
 89.69179 | -74.98478 |  6.517E+13 |  1.000E+00 |  3.600E-12 |  1.290E-13 |   55454.03 |   55454.03 |   |
 89.69179 | -74.98478 |  8.817E+13 |  1.000E+00 |  3.645E-12 |  1.240E-13 |   55454.29 |   55454.29 |   |
 89.69179 | -74.98478 |  6.517E+13 |  1.000E+00 |  3.567E-12 |  9.850E-14 |   55454.29 |   55454.29 |   |
 89.69179 | -74.98478 |  8.817E+13 |  1.000E+00 |  3.487E-12 |  1.255E-13 |   55454.49 |   55454.49 |   |
 89.69179 | -74.98478 |  6.517E+13 |  1.000E+00 |  3.586E-12 |  9.900E-14 |   55454.49 |   55454.49 |   |
 89.69179 | -74.98478 |  8.817E+13 |  1.000E+00 |  3.628E-12 |  1.200E-13 |   55454.49 |   55454.49 |   |
 89.69179 | -74.98478 |  6.517E+13 |  1.000E+00 |  3.527E-12 |  1.170E-13 |   55454.49 |   55454.49 |   |
 89.69179 | -74.98478 |  8.817E+13 |  1.000E+00 |  3.275E-12 |  1.480E-13 |   55456.02 |   55456.02 |   |
 89.69179 | -74.98478 |  6.517E+13 |  1.000E+00 |  3.670E-12 |  9.800E-14 |   55456.02 |   55456.02 |   |
 89.69179 | -74.98478 |  8.817E+13 |  1.000E+00 |  3.638E-12 |  1.075E-13 |   55456.28 |   55456.28 |   |
 89.69179 | -74.98478 |  6.517E+13 |  1.000E+00 |  3.492E-12 |  9.650E-14 |   55456.28 |   55456.28 |   |
 89.69179 | -74.98478 |  8.817E+13 |  1.000E+00 |  3.487E-12 |  1.160E-13 |   55456.54 |   55456.54 |   |
 89.69179 | -74.98478 |  6.517E+13 |  1.000E+00 |  3.583E-12 |  1.090E-13 |   55456.54 |   55456.54 |   |
 89.69179 | -74.98478 |  8.817E+13 |  1.000E+00 |  3.605E-12 |  1.230E-13 |   55456.68 |   55456.68 |   |
 89.69179 | -74.98478 |  6.517E+13 |  1.000E+00 |  3.540E-12 |  9.800E-14 |   55456.68 |   55456.68 |   |
 89.69179 | -74.98478 |  8.817E+13 |  1.000E+00 |  3.562E-12 |  1.115E-13 |   55456.81 |   55456.81 |   |
 89.69179 | -74.98478 |  6.517E+13 |  1.000E+00 |  3.485E-12 |  9.650E-14 |   55456.81 |   55456.81 |   |
 89.69179 | -74.98478 |  8.817E+13 |  1.000E+00 |  3.519E-12 |  1.235E-13 |   55456.94 |   55456.94 |   |
 89.69179 | -74.98478 |  6.517E+13 |  1.000E+00 |  3.473E-12 |  1.250E-13 |   55456.94 |   55456.94 |   |
 89.69179 | -74.98478 |  8.817E+13 |  1.000E+00 |  3.678E-12 |  1.285E-13 |   55457.07 |   55457.07 |   |
 89.69179 | -74.98478 |  6.517E+13 |  1.000E+00 |  3.583E-12 |  9.550E-14 |   55457.07 |   55457.07 |   |
 89.69179 | -74.98478 |  8.817E+13 |  1.000E+00 |  3.481E-12 |  1.185E-13 |   55457.20 |   55457.20 |   |
 89.69179 | -74.98478 |  6.517E+13 |  1.000E+00 |  3.711E-12 |  9.900E-14 |   55457.20 |   55457.20 |   |
 89.69179 | -74.98478 |  8.817E+13 |  1.000E+00 |  3.692E-12 |  1.055E-13 |   55457.34 |   55457.34 |   |
 89.69179 | -74.98478 |  6.517E+13 |  1.000E+00 |  3.570E-12 |  9.850E-14 |   55457.34 |   55457.34 |   |
 89.69179 | -74.98478 |  8.817E+13 |  1.000E+00 |  3.532E-12 |  1.205E-13 |   55457.60 |   55457.60 |   |
 89.69179 | -74.98478 |  6.517E+13 |  1.000E+00 |  3.697E-12 |  9.850E-14 |   55457.60 |   55457.60 |   |
 89.69179 | -74.98478 |  8.817E+13 |  1.000E+00 |  3.532E-12 |  1.170E-13 |   55457.73 |   55457.73 |   |
 89.69179 | -74.98478 |  6.517E+13 |  1.000E+00 |  3.580E-12 |  1.020E-13 |   55457.73 |   55457.73 |   |
 89.69179 | -74.98478 |  8.817E+13 |  1.000E+00 |  3.668E-12 |  1.045E-13 |   55457.87 |   55457.87 |   |
 89.69179 | -74.98478 |  6.517E+13 |  1.000E+00 |  3.534E-12 |  1.140E-13 |   55457.87 |   55457.87 |   |
 89.69179 | -74.98478 |  8.817E+13 |  1.000E+00 |  3.458E-12 |  1.080E-13 |   55458.00 |   55458.00 |   |
 89.69179 | -74.98478 |  6.517E+13 |  1.000E+00 |  3.531E-12 |  1.010E-13 |   55458.00 |   55458.00 |   |
 89.69179 | -74.98478 |  8.817E+13 |  1.000E+00 |  3.706E-12 |  1.195E-13 |   55458.26 |   55458.26 |   |
 89.69179 | -74.98478 |  6.517E+13 |  1.000E+00 |  3.560E-12 |  1.045E-13 |   55458.26 |   55458.26 |   |
 89.69179 | -74.98478 |  8.817E+13 |  1.000E+00 |  3.506E-12 |  1.165E-13 |   55458.26 |   55458.26 |   |
 89.69179 | -74.98478 |  6.517E+13 |  1.000E+00 |  3.422E-12 |  1.165E-13 |   55458.26 |   55458.26 |   |
 89.69179 | -74.98478 |  8.817E+13 |  1.000E+00 |  3.497E-12 |  1.030E-13 |   55458.53 |   55458.53 |   |
 89.69179 | -74.98478 |  6.517E+13 |  1.000E+00 |  3.390E-12 |  1.125E-13 |   55458.53 |   55458.53 |   |
 89.69179 | -74.98478 |  8.817E+13 |  1.000E+00 |  3.023E-12 |  1.060E-13 |   55278.80 |   55278.80 |   |
 89.69179 | -74.98478 |  6.517E+13 |  1.000E+00 |  3.387E-12 |  8.450E-14 |   55278.80 |   55278.80 |   |
 89.69179 | -74.98478 |  2.498E+13 |  1.000E+00 |  2.642E-12 |  1.095E-13 |   55278.80 |   55278.80 |   |
 89.69179 | -74.98478 |  1.363E+13 |  1.000E+00 |  3.056E-12 |  3.750E-13 |   55278.80 |   55278.80 |   |
 89.69179 | -74.98478 |  8.817E+13 |  1.000E+00 |  3.088E-12 |  9.650E-14 |   55278.93 |   55278.93 |   |
 89.69179 | -74.98478 |  6.517E+13 |  1.000E+00 |  3.280E-12 |  9.400E-14 |   55278.93 |   55278.93 |   |
 89.69179 | -74.98478 |  2.498E+13 |  1.000E+00 |  2.383E-12 |  1.160E-13 |   55278.93 |   55278.93 |   |
 89.69179 | -74.98478 |  1.363E+13 |  1.000E+00 |  3.093E-12 |  3.740E-13 |   55278.93 |   55278.93 |   |
 89.69179 | -74.98478 |  8.817E+13 |  1.000E+00 |  3.154E-12 |  1.075E-13 |   55279.20 |   55279.20 |   |
 89.69179 | -74.98478 |  6.517E+13 |  1.000E+00 |  3.250E-12 |  1.105E-13 |   55279.20 |   55279.20 |   |
 89.69179 | -74.98478 |  2.498E+13 |  1.000E+00 |  2.572E-12 |  1.090E-13 |   55279.20 |   55279.20 |   |
 89.69179 | -74.98478 |  1.363E+13 |  1.000E+00 |  3.432E-12 |  4.025E-13 |   55279.20 |   55279.20 |   |
 89.69179 | -74.98478 |  8.817E+13 |  1.000E+00 |  3.506E-12 |  8.400E-14 |   55277.61 |   55277.61 |   |
 89.69179 | -74.98478 |  6.517E+13 |  1.000E+00 |  3.307E-12 |  9.450E-14 |   55277.61 |   55277.61 |   |
 89.69179 | -74.98478 |  2.498E+13 |  1.000E+00 |  2.584E-12 |  1.190E-13 |   55277.61 |   55277.61 |   |
 89.69179 | -74.98478 |  1.363E+13 |  1.000E+00 |  2.148E-12 |  4.320E-13 |   55277.61 |   55277.61 |   |
 89.69179 | -74.98478 |  8.817E+13 |  1.000E+00 |  3.471E-12 |  1.120E-13 |   55454.03 |   55454.03 |   |
 89.69179 | -74.98478 |  6.517E+13 |  1.000E+00 |  3.600E-12 |  1.290E-13 |   55454.03 |   55454.03 |   |
 89.69179 | -74.98478 |  8.817E+13 |  1.000E+00 |  3.645E-12 |  1.240E-13 |   55454.29 |   55454.29 |   |
 89.69179 | -74.98478 |  6.517E+13 |  1.000E+00 |  3.567E-12 |  9.850E-14 |   55454.29 |   55454.29 |   |
 89.69179 | -74.98478 |  8.817E+13 |  1.000E+00 |  3.513E-12 |  1.260E-13 |   55454.49 |   55454.49 |   |
 89.69179 | -74.98478 |  6.517E+13 |  1.000E+00 |  3.583E-12 |  9.900E-14 |   55454.49 |   55454.49 |   |
 89.69179 | -74.98478 |  8.817E+13 |  1.000E+00 |  3.631E-12 |  1.205E-13 |   55454.49 |   55454.49 |   |
 89.69179 | -74.98478 |  6.517E+13 |  1.000E+00 |  3.524E-12 |  1.170E-13 |   55454.49 |   55454.49 |   |
 89.69179 | -74.98478 |  8.817E+13 |  1.000E+00 |  3.269E-12 |  1.475E-13 |   55456.02 |   55456.02 |   |
 89.69179 | -74.98478 |  6.517E+13 |  1.000E+00 |  3.670E-12 |  9.800E-14 |   55456.02 |   55456.02 |   |
 89.69179 | -74.98478 |  8.817E+13 |  1.000E+00 |  3.641E-12 |  1.070E-13 |   55456.28 |   55456.28 |   |
 89.69179 | -74.98478 |  6.517E+13 |  1.000E+00 |  3.492E-12 |  9.300E-14 |   55456.28 |   55456.28 |   |
 89.69179 | -74.98478 |  8.817E+13 |  1.000E+00 |  3.487E-12 |  1.160E-13 |   55456.54 |   55456.54 |   |
 89.69179 | -74.98478 |  6.517E+13 |  1.000E+00 |  3.583E-12 |  1.090E-13 |   55456.54 |   55456.54 |   |
 89.69179 | -74.98478 |  8.817E+13 |  1.000E+00 |  3.605E-12 |  1.230E-13 |   55456.68 |   55456.68 |   |
 89.69179 | -74.98478 |  6.517E+13 |  1.000E+00 |  3.544E-12 |  9.800E-14 |   55456.68 |   55456.68 |   |
 89.69179 | -74.98478 |  8.817E+13 |  1.000E+00 |  3.562E-12 |  1.115E-13 |   55456.81 |   55456.81 |   |
 89.69179 | -74.98478 |  6.517E+13 |  1.000E+00 |  3.482E-12 |  9.650E-14 |   55456.81 |   55456.81 |   |
 89.69179 | -74.98478 |  8.817E+13 |  1.000E+00 |  3.523E-12 |  1.235E-13 |   55456.94 |   55456.94 |   |
 89.69179 | -74.98478 |  6.517E+13 |  1.000E+00 |  3.476E-12 |  1.250E-13 |   55456.94 |   55456.94 |   |
 89.69179 | -74.98478 |  8.817E+13 |  1.000E+00 |  3.675E-12 |  1.285E-13 |   55457.07 |   55457.07 |   |
 89.69179 | -74.98478 |  6.517E+13 |  1.000E+00 |  3.583E-12 |  9.550E-14 |   55457.07 |   55457.07 |   |
 89.69179 | -74.98478 |  8.817E+13 |  1.000E+00 |  3.519E-12 |  1.200E-13 |   55457.20 |   55457.20 |   |
 89.69179 | -74.98478 |  6.517E+13 |  1.000E+00 |  3.711E-12 |  9.900E-14 |   55457.20 |   55457.20 |   |
 89.69179 | -74.98478 |  8.817E+13 |  1.000E+00 |  3.685E-12 |  1.055E-13 |   55457.34 |   55457.34 |   |
 89.69179 | -74.98478 |  6.517E+13 |  1.000E+00 |  3.570E-12 |  9.850E-14 |   55457.34 |   55457.34 |   |
 89.69179 | -74.98478 |  8.817E+13 |  1.000E+00 |  3.615E-12 |  1.195E-13 |   55457.60 |   55457.60 |   |
 89.69179 | -74.98478 |  6.517E+13 |  1.000E+00 |  3.697E-12 |  9.850E-14 |   55457.60 |   55457.60 |   |
 89.69179 | -74.98478 |  8.817E+13 |  1.000E+00 |  3.477E-12 |  1.155E-13 |   55457.73 |   55457.73 |   |
 89.69179 | -74.98478 |  6.517E+13 |  1.000E+00 |  3.576E-12 |  1.020E-13 |   55457.73 |   55457.73 |   |
 89.69179 | -74.98478 |  8.817E+13 |  1.000E+00 |  3.474E-12 |  9.600E-14 |   55274.56 |   55274.56 |   |
 89.69179 | -74.98478 |  6.517E+13 |  1.000E+00 |  3.557E-12 |  8.850E-14 |   55274.56 |   55274.56 |   |
 89.69179 | -74.98478 |  2.498E+13 |  1.000E+00 |  2.662E-12 |  1.080E-13 |   55274.56 |   55274.56 |   |
 89.69179 | -74.98478 |  1.363E+13 |  1.000E+00 |  3.426E-12 |  3.510E-13 |   55274.56 |   55274.56 |   |
 89.69179 | -74.98478 |  8.817E+13 |  1.000E+00 |  3.675E-12 |  1.045E-13 |   55457.87 |   55457.87 |   |
 89.69179 | -74.98478 |  6.517E+13 |  1.000E+00 |  3.511E-12 |  1.165E-13 |   55457.87 |   55457.87 |   |
 89.69179 | -74.98478 |  8.817E+13 |  1.000E+00 |  3.458E-12 |  1.080E-13 |   55458.00 |   55458.00 |   |
 89.69179 | -74.98478 |  6.517E+13 |  1.000E+00 |  3.531E-12 |  1.010E-13 |   55458.00 |   55458.00 |   |
 89.69179 | -74.98478 |  8.817E+13 |  1.000E+00 |  3.668E-12 |  1.180E-13 |   55458.26 |   55458.26 |   |
 89.69179 | -74.98478 |  6.517E+13 |  1.000E+00 |  3.557E-12 |  1.050E-13 |   55458.26 |   55458.26 |   |
 89.69179 | -74.98478 |  8.817E+13 |  1.000E+00 |  3.513E-12 |  1.165E-13 |   55458.26 |   55458.26 |   |
 89.69179 | -74.98478 |  6.517E+13 |  1.000E+00 |  3.422E-12 |  1.165E-13 |   55458.26 |   55458.26 |   |
 89.69179 | -74.98478 |  8.817E+13 |  1.000E+00 |  3.506E-12 |  1.030E-13 |   55458.53 |   55458.53 |   |
 89.69179 | -74.98478 |  6.517E+13 |  1.000E+00 |  3.387E-12 |  1.120E-13 |   55458.53 |   55458.53 |   |
 89.69179 | -74.98478 |  8.817E+13 |  1.000E+00 |  3.585E-12 |  1.090E-13 |   55458.66 |   55458.66 |   |
 89.69179 | -74.98478 |  6.517E+13 |  1.000E+00 |  3.347E-12 |  9.850E-14 |   55458.66 |   55458.66 |   |
 89.69179 | -74.98478 |  8.817E+13 |  1.000E+00 |  3.380E-12 |  9.050E-14 |   55277.74 |   55277.74 |   |
 89.69179 | -74.98478 |  6.517E+13 |  1.000E+00 |  3.447E-12 |  9.200E-14 |   55277.74 |   55277.74 |   |
 89.69179 | -74.98478 |  2.498E+13 |  1.000E+00 |  2.565E-12 |  1.300E-13 |   55277.74 |   55277.74 |   |
 89.69179 | -74.98478 |  1.363E+13 |  1.000E+00 |  3.062E-12 |  4.555E-13 |   55277.74 |   55277.74 |   |
 89.69179 | -74.98478 |  8.817E+13 |  1.000E+00 |  3.376E-12 |  1.060E-13 |   55277.87 |   55277.87 |   |
 89.69179 | -74.98478 |  6.517E+13 |  1.000E+00 |  3.319E-12 |  1.195E-13 |   55277.87 |   55277.87 |   |
 89.69179 | -74.98478 |  2.498E+13 |  1.000E+00 |  2.706E-12 |  1.250E-13 |   55277.87 |   55277.87 |   |
 89.69179 | -74.98478 |  1.363E+13 |  1.000E+00 |  2.021E-12 |  3.705E-13 |   55277.87 |   55277.87 |   |
 89.69179 | -74.98478 |  8.817E+13 |  1.000E+00 |  3.309E-12 |  9.750E-14 |   55278.00 |   55278.00 |   |
 89.69179 | -74.98478 |  6.517E+13 |  1.000E+00 |  3.419E-12 |  8.500E-14 |   55278.00 |   55278.00 |   |
 89.69179 | -74.98478 |  2.498E+13 |  1.000E+00 |  2.865E-12 |  1.425E-13 |   55278.00 |   55278.00 |   |
 89.69179 | -74.98478 |  1.363E+13 |  1.000E+00 |  3.263E-12 |  3.855E-13 |   55278.00 |   55278.00 |   |
 89.69179 | -74.98478 |  8.817E+13 |  1.000E+00 |  3.330E-12 |  9.200E-14 |   55278.27 |   55278.27 |   |
 89.69179 | -74.98478 |  6.517E+13 |  1.000E+00 |  3.329E-12 |  8.900E-14 |   55278.27 |   55278.27 |   |
 89.69179 | -74.98478 |  2.498E+13 |  1.000E+00 |  2.782E-12 |  1.205E-13 |   55278.27 |   55278.27 |   |
 89.69179 | -74.98478 |  1.363E+13 |  1.000E+00 |  2.074E-12 |  3.860E-13 |   55278.27 |   55278.27 |   |
 89.69179 | -74.98478 |  8.817E+13 |  1.000E+00 |  3.219E-12 |  8.900E-14 |   55278.53 |   55278.53 |   |
 89.69179 | -74.98478 |  6.517E+13 |  1.000E+00 |  3.387E-12 |  1.120E-13 |   55278.53 |   55278.53 |   |
 89.69179 | -74.98478 |  2.498E+13 |  1.000E+00 |  2.558E-12 |  1.085E-13 |   55278.53 |   55278.53 |   |
 89.69179 | -74.98478 |  1.363E+13 |  1.000E+00 |  3.290E-12 |  3.580E-13 |   55278.53 |   55278.53 |   |
 89.69179 | -74.98478 |  8.817E+13 |  1.000E+00 |  3.442E-12 |  9.200E-14 |   55278.66 |   55278.66 |   |
 89.69179 | -74.98478 |  6.517E+13 |  1.000E+00 |  3.394E-12 |  8.750E-14 |   55278.66 |   55278.66 |   |
 89.69179 | -74.98478 |  2.498E+13 |  1.000E+00 |  2.701E-12 |  1.270E-13 |   55278.66 |   55278.66 |   |
 89.69179 | -74.98478 |  1.363E+13 |  1.000E+00 |  2.091E-12 |  4.035E-13 |   55278.66 |   55278.66 |   |
 89.69179 | -74.98478 |  8.817E+13 |  1.000E+00 |  3.595E-12 |  1.225E-13 |   55458.79 |   55458.79 |   |
 89.69179 | -74.98478 |  6.517E+13 |  1.000E+00 |  3.697E-12 |  1.090E-13 |   55458.79 |   55458.79 |   |
 89.69179 | -74.98478 |  8.817E+13 |  1.000E+00 |  3.519E-12 |  1.165E-13 |   55458.93 |   55458.93 |   |
 89.69179 | -74.98478 |  6.517E+13 |  1.000E+00 |  3.544E-12 |  1.010E-13 |   55458.93 |   55458.93 |   |
 89.69179 | -74.98478 |  8.817E+13 |  1.000E+00 |  3.689E-12 |  1.090E-13 |   55459.05 |   55459.05 |   |
 89.69179 | -74.98478 |  6.517E+13 |  1.000E+00 |  3.319E-12 |  9.450E-14 |   55459.05 |   55459.05 |   |
 89.69179 | -74.98478 |  8.817E+13 |  1.000E+00 |  3.598E-12 |  1.095E-13 |   55459.19 |   55459.19 |   |
 89.69179 | -74.98478 |  6.517E+13 |  1.000E+00 |  3.453E-12 |  1.080E-13 |   55459.19 |   55459.19 |   |
 89.69179 | -74.98478 |  8.817E+13 |  1.000E+00 |  3.361E-12 |  1.395E-13 |   55459.32 |   55459.32 |   |
 89.69179 | -74.98478 |  6.517E+13 |  1.000E+00 |  3.492E-12 |  1.065E-13 |   55459.32 |   55459.32 |   |
 89.69179 | -74.98478 |  8.817E+13 |  1.000E+00 |  3.442E-12 |  1.015E-13 |   55459.59 |   55459.59 |   |
 89.69179 | -74.98478 |  6.517E+13 |  1.000E+00 |  3.511E-12 |  1.005E-13 |   55459.59 |   55459.59 |   |
 89.69179 | -74.98478 |  8.817E+13 |  1.000E+00 |  3.726E-12 |  1.065E-13 |   55459.72 |   55459.72 |   |
 89.69179 | -74.98478 |  6.517E+13 |  1.000E+00 |  3.540E-12 |  1.010E-13 |   55459.72 |   55459.72 |   |
 89.69179 | -74.98478 |  8.817E+13 |  1.000E+00 |  3.376E-12 |  1.185E-13 |   55459.85 |   55459.85 |   |
 89.69179 | -74.98478 |  6.517E+13 |  1.000E+00 |  3.415E-12 |  1.040E-13 |   55459.85 |   55459.85 |   |
 89.69179 | -74.98478 |  8.817E+13 |  1.000E+00 |  3.436E-12 |  1.075E-13 |   55459.98 |   55459.98 |   |
 89.69179 | -74.98478 |  6.517E+13 |  1.000E+00 |  3.489E-12 |  9.600E-14 |   55459.98 |   55459.98 |   |
 89.69179 | -74.98478 |  8.817E+13 |  1.000E+00 |  3.526E-12 |  1.135E-13 |   55460.25 |   55460.25 |   |
 89.69179 | -74.98478 |  6.517E+13 |  1.000E+00 |  3.626E-12 |  1.005E-13 |   55460.25 |   55460.25 |   |
 89.69179 | -74.98478 |  8.817E+13 |  1.000E+00 |  3.513E-12 |  1.135E-13 |   55460.38 |   55460.38 |   |
 89.69179 | -74.98478 |  6.517E+13 |  1.000E+00 |  3.489E-12 |  8.650E-14 |   55460.38 |   55460.38 |   |
 89.69179 | -74.98478 |  8.817E+13 |  1.000E+00 |  3.628E-12 |  1.305E-13 |   55460.51 |   55460.51 |   |
 89.69179 | -74.98478 |  6.517E+13 |  1.000E+00 |  3.550E-12 |  1.015E-13 |   55460.51 |   55460.51 |   |
 89.69179 | -74.98478 |  8.817E+13 |  1.000E+00 |  3.452E-12 |  1.045E-13 |   55460.64 |   55460.64 |   |
 89.69179 | -74.98478 |  6.517E+13 |  1.000E+00 |  3.438E-12 |  9.500E-14 |   55460.64 |   55460.64 |   |
 89.69179 | -74.98478 |  8.817E+13 |  1.000E+00 |  3.542E-12 |  1.140E-13 |   55460.78 |   55460.78 |   |
 89.69179 | -74.98478 |  6.517E+13 |  1.000E+00 |  3.600E-12 |  9.950E-14 |   55460.78 |   55460.78 |   |
 89.69179 | -74.98478 |  8.817E+13 |  1.000E+00 |  3.128E-12 |  1.295E-13 |   55460.91 |   55460.91 |   |
 89.69179 | -74.98478 |  6.517E+13 |  1.000E+00 |  3.365E-12 |  9.900E-14 |   55460.91 |   55460.91 |   |
 89.69179 | -74.98478 |  8.817E+13 |  1.000E+00 |  3.588E-12 |  1.090E-13 |   55458.66 |   55458.66 |   |
 89.69179 | -74.98478 |  6.517E+13 |  1.000E+00 |  3.347E-12 |  9.850E-14 |   55458.66 |   55458.66 |   |
 89.69179 | -74.98478 |  4.455E+14 |  1.000E+00 |  1.268E-12 |  0.000E+00 |   55000.00 |   55000.00 |   |
 89.69179 | -74.98478 |  1.295E+15 |  1.000E+00 |  2.663E-13 |  6.040E-14 |   55000.00 |   55000.00 |   |
 89.69179 | -74.98478 |  2.418E+17 |  1.000E+00 |  8.893E-14 |  3.419E-14 |   55540.00 |   55542.00 |   |
 89.69179 | -74.98478 |  1.209E+17 |  1.000E+00 |  5.498E-13 |  0.000E+00 |   55540.00 |   55542.00 | UL|
 89.69179 | -74.98478 |  3.627E+17 |  1.000E+00 |  3.422E-13 |  0.000E+00 |   55540.00 |   55542.00 | UL|
 89.69179 | -74.98478 |  7.253E+17 |  1.000E+00 |  9.926E-14 |  3.816E-14 |   55540.00 |   55542.00 |   |
 89.69179 | -74.98478 |  1.088E+18 |  1.000E+00 |  2.633E-13 |  1.196E-13 |   55540.00 |   55542.00 |   |
 89.69179 | -74.98478 |  2.418E+17 |  1.000E+00 |  8.906E-14 |  2.862E-14 |   55516.10 |   55516.90 |   |
 89.69179 | -74.98478 |  1.209E+17 |  1.000E+00 |  1.817E-13 |  0.000E+00 |   55516.10 |   55516.90 | UL|
 89.69179 | -74.98478 |  3.627E+17 |  1.000E+00 |  9.275E-14 |  2.977E-14 |   55516.10 |   55516.90 |   |
 89.69179 | -74.98478 |  7.253E+17 |  1.000E+00 |  5.445E-14 |  1.697E-14 |   55516.10 |   55516.90 |   |
 89.69179 | -74.98478 |  2.418E+23 |  1.000E+00 |  1.053E-12 |  1.497E-13 |   55000.00 |   55000.00 |   |
 89.69179 | -74.98478 |  4.835E+22 |  1.000E+00 |  2.426E-12 |  0.000E+00 |   55000.00 |   55000.00 | UL|
 89.69179 | -74.98478 |  1.451E+23 |  1.000E+00 |  1.097E-12 |  3.216E-13 |   55000.00 |   55000.00 |   |
 89.69179 | -74.98478 |  4.835E+23 |  1.000E+00 |  1.256E-12 |  2.595E-13 |   55000.00 |   55000.00 |   |
 89.69179 | -74.98478 |  1.451E+24 |  1.000E+00 |  9.711E-13 |  2.639E-13 |   55000.00 |   55000.00 |   |
 89.69179 | -74.98478 |  1.451E+25 |  1.000E+00 |  7.726E-13 |  3.347E-13 |   55000.00 |   55000.00 |   |
 89.69179 | -74.98478 |  1.209E+25 |  1.000E+00 |  4.790E-13 |  1.211E-13 |   55000.00 |   55000.00 |   |
 89.69179 | -74.98478 |  3.627E+24 |  1.000E+00 |  1.077E-12 |  3.359E-13 |   55000.00 |   55000.00 |   |
 89.69179 | -74.98478 |  8.462E+24 |  1.000E+00 |  6.260E-13 |  3.177E-13 |   55000.00 |   55000.00 |   |
 89.69179 | -74.98478 |  2.418E+25 |  1.000E+00 |  4.179E-13 |  3.793E-13 |   55000.00 |   55000.00 |   |
 89.69179 | -74.98478 |  7.253E+25 |  1.000E+00 |  3.882E-12 |  0.000E+00 |   55000.00 |   55000.00 | UL|
 89.69179 | -74.98478 |  2.418E+26 |  1.000E+00 |  1.279E-11 |  0.000E+00 |   55000.00 |   55000.00 | UL|
 89.69179 | -74.98478 |  2.418E+23 |  1.000E+00 |  9.476E-13 |  7.630E-14 |   55000.00 |   55000.00 |   |
 89.69179 | -74.98478 |  1.813E+22 |  1.000E+00 |  6.016E-12 |  0.000E+00 |   55000.00 |   55000.00 | UL|
 89.69179 | -74.98478 |  4.835E+22 |  1.000E+00 |  7.010E-13 |  4.213E-13 |   55000.00 |   55000.00 |   |
 89.69179 | -74.98478 |  1.451E+23 |  1.000E+00 |  7.539E-13 |  1.357E-13 |   55000.00 |   55000.00 |   |
 89.69179 | -74.98478 |  4.835E+23 |  1.000E+00 |  8.383E-13 |  1.073E-13 |   55000.00 |   55000.00 |   |
 89.69179 | -74.98478 |  1.451E+24 |  1.000E+00 |  9.187E-13 |  1.316E-13 |   55000.00 |   55000.00 |   |
 89.69179 | -74.98478 |  4.835E+24 |  1.000E+00 |  8.859E-13 |  2.009E-13 |   55000.00 |   55000.00 |   |
 89.69179 | -74.98478 |  1.451E+25 |  1.000E+00 |  3.449E-13 |  2.064E-13 |   55000.00 |   55000.00 |   |
 89.69179 | -74.98478 |  1.451E+26 |  1.000E+00 |  1.614E-12 |  0.000E+00 |   55000.00 |   55000.00 | UL|
